tick,iso8601,date,location type,location coordinates,agent infected,age of agent infected,activity of agent infected,agent responsible,age of agent responsible,activity of agent responsible
8,02/23/2020T01:20:00 ,2020-02-23,House,"(4058007.2247990323, 2945472.0531639988)",46bec06db13049489879729e04d11567,23,House,05d1efe5af764649be9152e68f0480c3,28,House
11,02/23/2020T01:50:00 ,2020-02-23,House,"(4067743.770386743, 2960413.187007136)",82bdbe8e408740cf98a13215bfa4c313,7,House,a197be7c4a7344ac9714be96077a2a41,29,House
48,02/23/2020T08:00:00 ,2020-02-23,House,"(4042557.1262788195, 2949072.794630743)",5731d496fd374e6eb3a37df970ec0277,39,House,cd4c7016ec8b4afc8e64c6bbda17244e,14,House
74,02/23/2020T12:20:00 ,2020-02-23,Public Transport,"(4044320.861900756, 2952120.772740213)",8b2bf0bf12aa4a5bae8124d6a6b43858,47,Public Transport,26f3faf854ab4098af61639fbb6880af,4,Public Transport
82,02/23/2020T13:40:00 ,2020-02-23,Restaurant,"(4039118.8189152596, 2951393.8356827106)",6710b06ddf7e4d10a156839001cdc210,58,Restaurant,7d9e81224c4949dabb0ae28f93ecb69e,43,Restaurant
112,02/23/2020T18:40:00 ,2020-02-23,House,"(4048342.324869995, 2956467.0769361043)",d751c310b3e44ce1b5065746bf263cce,10,House,c10a602e1ef84675a65d7507f6d8b62b,31,House
133,02/23/2020T22:10:00 ,2020-02-23,Cinema or Theatre,"(4030812.7362475353, 2939756.7121743676)",3cba71de9c10482081afc5a1330f12a4,60,Cinema or Theatre,602b0657acb943d6948e4a01eedae03f,61,Cinema or Theatre
136,02/23/2020T22:40:00 ,2020-02-23,House,"(4022777.942986104, 2947076.8236507517)",a9c3c449425b46e5886267e2b8a51dd1,40,House,23b2a5066f9542acb883ed72c0f1c45e,72,Visit
195,02/24/2020T08:30:00 ,2020-02-24,House,"(4039107.997367879, 2951350.7999569303)",b6cb02db31e44fc2960338a7ff8687d8,2,House,4b96164b13e44ee7a16a69f29f7a31d1,28,House
207,02/24/2020T10:30:00 ,2020-02-24,Shop,"(4037829.836855011, 2936807.0220248215)",3cf3d64cc5424e8fba5b721bf02fb03d,59,Shop,955ff7ffabf849818060f0184123fef6,63,Shop
210,02/24/2020T11:00:00 ,2020-02-24,Indoor Sport,"(4019042.6645545484, 2945187.9025427094)",758cd77c24d94f4b9f96028a8e1c345b,25,Indoor Sport,d1cffa9a416f48e18edf2da29c2bedc1,23,Indoor Sport
279,02/24/2020T22:30:00 ,2020-02-24,Cinema or Theatre,"(4042970.244581411, 3008867.2701199166)",28851c0102594070a6ed354fc954406a,67,Cinema or Theatre,602b0657acb943d6948e4a01eedae03f,61,Cinema or Theatre
311,02/25/2020T03:50:00 ,2020-02-25,House,"(4054897.2413138114, 2976840.2697192165)",deb7c326e0fb4f498806ea5f69de9b92,26,House,0e64ca45302d48f78ed370262003f38d,44,House
322,02/25/2020T05:40:00 ,2020-02-25,House,"(4040317.5677974517, 2958267.2662061453)",87291c0271fc43319e85401348e04385,3,House,33c096eb8f054f44b4b2cf268ce24e3a,20,House
331,02/25/2020T07:10:00 ,2020-02-25,House,"(4029438.1652524834, 2972019.477661399)",b1597b202acd4ef48a9d2d02fd5ce377,27,House,1c440c07947e4792b9bb6accd3356c36,24,House
332,02/25/2020T07:20:00 ,2020-02-25,House,"(4020410.473955564, 2945518.3990969155)",14f694a3d52a4d2880ef0cc6affe0891,86,House,0513525f7fb14593b4ed8003be789811,63,House
337,02/25/2020T08:10:00 ,2020-02-25,OW ICT,"(4038124.8254480036, 2950113.3998562694)",e2ded459704346ad894a760ca8a3af24,28,Work,602b0657acb943d6948e4a01eedae03f,61,Work
343,02/25/2020T09:10:00 ,2020-02-25,OW Manufacturing,"(4068332.2126111374, 2961060.5823687455)",17103227c68b450a9dc9a0a2b43f7dbe,49,Work,5231e9262d3b4ca886a9399ea6a1a6c2,46,Work
349,02/25/2020T10:10:00 ,2020-02-25,OW ICT,"(4038124.8254480036, 2950113.3998562694)",ac8c2b28e9e64512b79d7bcdca3de893,63,Work,602b0657acb943d6948e4a01eedae03f,61,Work
351,02/25/2020T10:30:00 ,2020-02-25,Hotel,"(4039845.6103672986, 2941449.460067877)",edd1f58c81ff4a6d86e1d130a32e25dd,48,Work,fe317fa4bd6a484b88891d7765771b53,44,Work
358,02/25/2020T11:40:00 ,2020-02-25,Shop,"(4037085.5808206485, 2952862.1847245693)",dfd94dcc392541b4999a984f92642263,31,Work,8fd8911ac05f43ce922b2ddcced2e80f,30,Work
359,02/25/2020T11:50:00 ,2020-02-25,Shop,"(4035904.21888055, 2951960.607539266)",8a53b6f48c7e4e02962068743e06fafe,53,Shop,2121fb4eeda8482a8d1d4919397f736a,38,Shop
364,02/25/2020T12:40:00 ,2020-02-25,Hotel,"(4039845.6103672986, 2941449.460067877)",ab57bc77f89b474987a651f85cfc8d7a,49,Work,fe317fa4bd6a484b88891d7765771b53,44,Work
367,02/25/2020T13:10:00 ,2020-02-25,Restaurant,"(4044928.774466048, 2961206.239456284)",5846a6db50d74082a7bb37c2d23b8fbc,35,Restaurant,fe0484fc057a4507a3d95857e05d2dee,8,Restaurant
368,02/25/2020T13:20:00 ,2020-02-25,Shop,"(4030853.6684093513, 2939596.475549419)",befdebb5690649da9ce0611577caf84b,50,Work,602b0657acb943d6948e4a01eedae03f,61,Shop
368,02/25/2020T13:20:00 ,2020-02-25,Hotel,"(4039845.6103672986, 2941449.460067877)",eb52de21907f418e851754f1f412e1e2,2,Work,fe317fa4bd6a484b88891d7765771b53,44,Work
370,02/25/2020T13:40:00 ,2020-02-25,Indoor Sport,"(4050206.9476461597, 2951923.276650936)",17e46f878a97462cb9ce85dbc227ec63,8,Work,26f3faf854ab4098af61639fbb6880af,4,Indoor Sport
377,02/25/2020T14:50:00 ,2020-02-25,OW ICT,"(4038124.8254480036, 2950113.3998562694)",43b367c0104b4c018c8188c8c1ebe47f,41,Work,602b0657acb943d6948e4a01eedae03f,61,Work
378,02/25/2020T15:00:00 ,2020-02-25,OW ICT,"(4038124.8254480036, 2950113.3998562694)",467ea4d82b104d6aa0d18bcb5e0890e4,21,Work,602b0657acb943d6948e4a01eedae03f,61,Work
378,02/25/2020T15:00:00 ,2020-02-25,OW Finance,"(4023314.6408982556, 2946277.926834426)",b2423acd664e46aa90da286e408881c7,22,Work,5f135237113d4736bce2b411e71ccb9c,49,Work
380,02/25/2020T15:20:00 ,2020-02-25,OW ICT,"(4038124.8254480036, 2950113.3998562694)",c79cc27367914b9aa98f441ee90d498d,53,Work,602b0657acb943d6948e4a01eedae03f,61,Work
383,02/25/2020T15:50:00 ,2020-02-25,Shop,"(4037085.5808206485, 2952862.1847245693)",c7c97c804691451b8e64f2d37a6583d0,18,Shop,8fd8911ac05f43ce922b2ddcced2e80f,30,Work
384,02/25/2020T16:00:00 ,2020-02-25,OW Finance,"(4039371.0381520423, 2950582.1314994986)",e11b7612dc3c49ffa9fc32a2bcbdddbf,27,Work,ddd3f08061904027a4c25f2d0e561d12,40,Work
409,02/25/2020T20:10:00 ,2020-02-25,Cinema or Theatre,"(4039544.103704769, 2952649.7747523347)",6d50fdf014f6450f8a7819f3210ced35,62,Cinema or Theatre,e7cf9ec81bd54bb09a7ff99a1e79bf50,62,Cinema or Theatre
439,02/26/2020T01:10:00 ,2020-02-26,House,"(4041737.595430252, 3013942.5201299535)",2b03d10e9ebe42bca92d14664e8dcc9b,10,House,fb28a8405e1d45049a5653087811ee0b,57,House
492,02/26/2020T10:00:00 ,2020-02-26,OW Transport,"(4039385.8012878024, 2979458.8174780845)",a2bc6da7ba5a45ed848ce3c6520b27b4,50,Work,fa4252b0c28845b1b15f3268f9f8b49d,44,Work
496,02/26/2020T10:40:00 ,2020-02-26,OW Administration,"(4037093.952595035, 2937035.4484564867)",839bc4a604ff4ab99ffd06d8824dda0e,45,Work,7d9e81224c4949dabb0ae28f93ecb69e,43,Work
497,02/26/2020T10:50:00 ,2020-02-26,Care Home,"(4039528.9994623875, 2952253.717866595)",d4ba07ece95d4f0d9eb0e7b2c4f576d4,56,Work,a9c3c449425b46e5886267e2b8a51dd1,40,Work
501,02/26/2020T11:30:00 ,2020-02-26,OW Manufacturing,"(4068332.2126111374, 2961060.5823687455)",9fef23e00855434b9985afd5475b9b38,22,Work,5231e9262d3b4ca886a9399ea6a1a6c2,46,Work
511,02/26/2020T13:10:00 ,2020-02-26,OW Finance,"(4029886.132004339, 2940983.312252022)",1c9c6843992d49dea2baba8b278ecee1,58,Work,5731d496fd374e6eb3a37df970ec0277,39,Work
513,02/26/2020T13:30:00 ,2020-02-26,OW Transport,"(4055931.5178130977, 2950463.4801956057)",11dc0e26df0f40cba19d269e0ad53224,54,Work,8b2bf0bf12aa4a5bae8124d6a6b43858,47,Work
526,02/26/2020T15:40:00 ,2020-02-26,OW Finance,"(4029886.132004339, 2940983.312252022)",b08f7e9c75454937bbe085449c65f82e,36,Work,5731d496fd374e6eb3a37df970ec0277,39,Work
529,02/26/2020T16:10:00 ,2020-02-26,OW ICT,"(4038124.8254480036, 2950113.3998562694)",2a4379fa4f23436f844921324cf9384e,41,Work,e2ded459704346ad894a760ca8a3af24,28,Work
538,02/26/2020T17:40:00 ,2020-02-26,OW Finance,"(4023314.6408982556, 2946277.926834426)",17ce9081aec547a69cfede670a8cad17,53,Work,5f135237113d4736bce2b411e71ccb9c,49,Work
629,02/27/2020T08:50:00 ,2020-02-27,OW Transport,"(4055931.5178130977, 2950463.4801956057)",177a7649916f4bd7a5993f42296cca8d,44,Work,8b2bf0bf12aa4a5bae8124d6a6b43858,47,Work
633,02/27/2020T09:30:00 ,2020-02-27,OW Manufacturing,"(4033152.122280112, 2937616.4047832955)",c152db52fc6846bab5c18ee10cefd45f,61,Work,758cd77c24d94f4b9f96028a8e1c345b,25,Work
636,02/27/2020T10:00:00 ,2020-02-27,OW ICT,"(4038124.8254480036, 2950113.3998562694)",b89e35668498467f8b87202e28faaf19,51,Work,43b367c0104b4c018c8188c8c1ebe47f,41,Work
638,02/27/2020T10:20:00 ,2020-02-27,Hotel,"(4052338.7495028917, 2953361.7474639043)",2cc7180b03034ca4a790f8c79d5898ee,50,Work,469bd4c011114180a8068ca82c8f28da,38,Work
639,02/27/2020T10:30:00 ,2020-02-27,OW Manufacturing,"(4033152.122280112, 2937616.4047832955)",35ceff4383bb41439819b9cc6f298f8a,55,Work,758cd77c24d94f4b9f96028a8e1c345b,25,Work
639,02/27/2020T10:30:00 ,2020-02-27,OW Other Services,"(4041043.900585172, 2952821.0993778985)",ded2569dfa164b2a8f3bad3f1f4c9fb6,56,Work,3cf3d64cc5424e8fba5b721bf02fb03d,59,Work
642,02/27/2020T11:00:00 ,2020-02-27,OW Manufacturing,"(4041994.9357273723, 2949416.2223347416)",0d033b3a9e704583989cf4e698506903,18,Work,b1597b202acd4ef48a9d2d02fd5ce377,27,Work
649,02/27/2020T12:10:00 ,2020-02-27,Hotel,"(4039845.6103672986, 2941449.460067877)",277ae4369f50485ab2a5779f5d2179b5,32,Work,fe317fa4bd6a484b88891d7765771b53,44,Work
649,02/27/2020T12:10:00 ,2020-02-27,Secondary School,"(4023572.0606558337, 2941851.910132927)",092cde43b97f48de96f37e1d726609f7,21,School,cd4c7016ec8b4afc8e64c6bbda17244e,14,School
654,02/27/2020T13:00:00 ,2020-02-27,OW Transport,"(4055931.5178130977, 2950463.4801956057)",f82bc89c8cc04a308773eaf70cacb839,27,Work,8b2bf0bf12aa4a5bae8124d6a6b43858,47,Work
655,02/27/2020T13:10:00 ,2020-02-27,Care Home,"(4039528.9994623875, 2952253.717866595)",c451fe2077cc42a2abe341325721a3c5,95,House,a9c3c449425b46e5886267e2b8a51dd1,40,Work
657,02/27/2020T13:30:00 ,2020-02-27,OW ICT,"(4038124.8254480036, 2950113.3998562694)",465eba76052644d391ebab46e37df5e2,25,Work,e2ded459704346ad894a760ca8a3af24,28,Work
658,02/27/2020T13:40:00 ,2020-02-27,Care Home,"(4039528.9994623875, 2952253.717866595)",1bef945328d84dbdad03e2d0b577eaa7,26,Work,a9c3c449425b46e5886267e2b8a51dd1,40,Work
658,02/27/2020T13:40:00 ,2020-02-27,OW ICT,"(4038124.8254480036, 2950113.3998562694)",b38a0d82dafb4ac589c0003f2a9186e8,33,Work,e2ded459704346ad894a760ca8a3af24,28,Work
663,02/27/2020T14:30:00 ,2020-02-27,OW ICT,"(4038124.8254480036, 2950113.3998562694)",4669d64ce67a4a899e49e73585c0de44,26,Work,43b367c0104b4c018c8188c8c1ebe47f,41,Work
663,02/27/2020T14:30:00 ,2020-02-27,OW Finance,"(4023314.6408982556, 2946277.926834426)",057b8626588e4275a989daacce4fd885,23,Work,b2423acd664e46aa90da286e408881c7,22,Work
664,02/27/2020T14:40:00 ,2020-02-27,OW Finance,"(4029886.132004339, 2940983.312252022)",2176b10c51614163935034eae6fe1833,53,Work,5731d496fd374e6eb3a37df970ec0277,39,Work
667,02/27/2020T15:10:00 ,2020-02-27,OW Manufacturing,"(4041994.9357273723, 2949416.2223347416)",db785e4a60424d6bb6d11e398c25bd02,32,Work,b1597b202acd4ef48a9d2d02fd5ce377,27,Work
670,02/27/2020T15:40:00 ,2020-02-27,Hotel,"(4039845.6103672986, 2941449.460067877)",d75c241ccd3248d0ac480c8d1ebaf13a,37,Work,edd1f58c81ff4a6d86e1d130a32e25dd,48,Work
671,02/27/2020T15:50:00 ,2020-02-27,OW Manufacturing,"(4041994.9357273723, 2949416.2223347416)",740a6968a4234508b54e7d3b4193268c,33,Work,b1597b202acd4ef48a9d2d02fd5ce377,27,Work
672,02/27/2020T16:00:00 ,2020-02-27,OW Finance,"(4029886.132004339, 2940983.312252022)",ed95081ed51648d4980e078b35c61852,36,Work,5731d496fd374e6eb3a37df970ec0277,39,Work
673,02/27/2020T16:10:00 ,2020-02-27,OW ICT,"(4038124.8254480036, 2950113.3998562694)",ee4e93e2030e4bfaa70d31a1a59d90ce,36,Work,e2ded459704346ad894a760ca8a3af24,28,Work
675,02/27/2020T16:30:00 ,2020-02-27,Hotel,"(4052338.7495028917, 2953361.7474639043)",343980daaa5a4419915d2f6d75790fb4,35,Work,469bd4c011114180a8068ca82c8f28da,38,Work
676,02/27/2020T16:40:00 ,2020-02-27,Hotel,"(4039845.6103672986, 2941449.460067877)",fd72c995b4b844fbb67dbe3158b5aa67,56,Work,eb52de21907f418e851754f1f412e1e2,2,Work
679,02/27/2020T17:10:00 ,2020-02-27,OW Manufacturing,"(4041994.9357273723, 2949416.2223347416)",e67fa59f23924f4f98dd1886f2422abf,35,Work,b1597b202acd4ef48a9d2d02fd5ce377,27,Work
680,02/27/2020T17:20:00 ,2020-02-27,OW Manufacturing,"(4041994.9357273723, 2949416.2223347416)",a592a868539f4459b35c4a288b78a69b,38,Work,b1597b202acd4ef48a9d2d02fd5ce377,27,Work
768,02/28/2020T08:00:00 ,2020-02-28,House,"(4039921.793326388, 2941607.5334851933)",5f8bd1d55c1148a4a4cbfd9bec3676b2,26,House,e92d38d29a5a4994807f8a2bcad797a5,3,House
769,02/28/2020T08:10:00 ,2020-02-28,OW Other Services,"(4041043.900585172, 2952821.0993778985)",6d9abf21e6354f84b528f6992461c0a3,21,Work,3cf3d64cc5424e8fba5b721bf02fb03d,59,Work
771,02/28/2020T08:30:00 ,2020-02-28,Hotel,"(4039845.6103672986, 2941449.460067877)",bcadbc7d20fa43cd9bbb3c568c9512bf,44,Work,edd1f58c81ff4a6d86e1d130a32e25dd,48,Work
772,02/28/2020T08:40:00 ,2020-02-28,OW ICT,"(4038124.8254480036, 2950113.3998562694)",837787604de4490a87e5e86c0fc7f736,43,Work,e2ded459704346ad894a760ca8a3af24,28,Work
772,02/28/2020T08:40:00 ,2020-02-28,OW ICT,"(4038124.8254480036, 2950113.3998562694)",65016d27fa5547878752904194f26712,56,Work,e2ded459704346ad894a760ca8a3af24,28,Work
775,02/28/2020T09:10:00 ,2020-02-28,OW ICT,"(4038124.8254480036, 2950113.3998562694)",488097e474344bbba6c5dead79f09143,40,Work,43b367c0104b4c018c8188c8c1ebe47f,41,Work
776,02/28/2020T09:20:00 ,2020-02-28,Hotel,"(4039845.6103672986, 2941449.460067877)",3517cfb6ee384592a19f97ded8fa8806,31,Work,fe317fa4bd6a484b88891d7765771b53,44,Work
778,02/28/2020T09:40:00 ,2020-02-28,Care Home,"(4039528.9994623875, 2952253.717866595)",2481fd3f8bc94000bb3accdafa2172ca,33,Work,a9c3c449425b46e5886267e2b8a51dd1,40,Work
781,02/28/2020T10:10:00 ,2020-02-28,OW ICT,"(4038124.8254480036, 2950113.3998562694)",be05157f097146eea468bec927c7a848,54,Work,43b367c0104b4c018c8188c8c1ebe47f,41,Work
781,02/28/2020T10:10:00 ,2020-02-28,OW Finance,"(4023314.6408982556, 2946277.926834426)",34e36cbdbe384c8da62a39572b14dbec,38,Work,17ce9081aec547a69cfede670a8cad17,53,Work
782,02/28/2020T10:20:00 ,2020-02-28,OW Finance,"(4023314.6408982556, 2946277.926834426)",5353f997703f4705883ba93ef7523c10,52,Work,17ce9081aec547a69cfede670a8cad17,53,Work
782,02/28/2020T10:20:00 ,2020-02-28,OW Finance,"(4023314.6408982556, 2946277.926834426)",12477f1879aa4e0793b389e00bae317c,33,Work,17ce9081aec547a69cfede670a8cad17,53,Work
782,02/28/2020T10:20:00 ,2020-02-28,Hotel,"(4039845.6103672986, 2941449.460067877)",5dbd8376b1cf4fae890616d35c20d308,44,Work,edd1f58c81ff4a6d86e1d130a32e25dd,48,Work
783,02/28/2020T10:30:00 ,2020-02-28,OW Finance,"(4023314.6408982556, 2946277.926834426)",49d3075c186b453d808032b905e0dc54,60,Work,17ce9081aec547a69cfede670a8cad17,53,Work
784,02/28/2020T10:40:00 ,2020-02-28,Hotel,"(4039845.6103672986, 2941449.460067877)",b35c5492569040a4ad8f8498268ae65d,45,Work,eb52de21907f418e851754f1f412e1e2,2,Work
789,02/28/2020T11:30:00 ,2020-02-28,OW Finance,"(4029886.132004339, 2940983.312252022)",6f083d67427f49d38cc74109325c8556,20,Work,5731d496fd374e6eb3a37df970ec0277,39,Work
792,02/28/2020T12:00:00 ,2020-02-28,OW Finance,"(4029886.132004339, 2940983.312252022)",adc68a560dea48bdb32dfc3c6d8f3234,36,Work,5731d496fd374e6eb3a37df970ec0277,39,Work
792,02/28/2020T12:00:00 ,2020-02-28,OW Finance,"(4029886.132004339, 2940983.312252022)",1da17b546e054f99a534267c9b26a8b3,55,Work,5731d496fd374e6eb3a37df970ec0277,39,Work
793,02/28/2020T12:10:00 ,2020-02-28,OW Manufacturing,"(4041994.9357273723, 2949416.2223347416)",b26d31d2c3334eb0890123d0bb6d5ed9,64,Work,b1597b202acd4ef48a9d2d02fd5ce377,27,Work
793,02/28/2020T12:10:00 ,2020-02-28,OW Finance,"(4023314.6408982556, 2946277.926834426)",d79a763086724d9e88f4b0997a837817,25,Work,17ce9081aec547a69cfede670a8cad17,53,Work
797,02/28/2020T12:50:00 ,2020-02-28,OW Finance,"(4023314.6408982556, 2946277.926834426)",7c241bed1d2e47fb8fd21f1df21f303e,52,Work,b2423acd664e46aa90da286e408881c7,22,Work
797,02/28/2020T12:50:00 ,2020-02-28,OW Finance,"(4029886.132004339, 2940983.312252022)",9ff25d8c60d54014bc1ed662efbf1ca7,52,Work,5731d496fd374e6eb3a37df970ec0277,39,Work
798,02/28/2020T13:00:00 ,2020-02-28,OW Finance,"(4029886.132004339, 2940983.312252022)",6c5c42fee0614e6eb4b7eba162710169,60,Work,5731d496fd374e6eb3a37df970ec0277,39,Work
798,02/28/2020T13:00:00 ,2020-02-28,Shop,"(4035835.5297417524, 2951371.855012576)",53f36b26f49b4c76b3e81c8ed12f05b2,40,Work,c79cc27367914b9aa98f441ee90d498d,53,Shop
801,02/28/2020T13:30:00 ,2020-02-28,OW Manufacturing,"(4041994.9357273723, 2949416.2223347416)",a31b399333c44739920c7518fe2a548c,33,Work,b1597b202acd4ef48a9d2d02fd5ce377,27,Work
801,02/28/2020T13:30:00 ,2020-02-28,OW Transport,"(4055931.5178130977, 2950463.4801956057)",3c590227819b481383bc30a84ed2e571,58,Work,f82bc89c8cc04a308773eaf70cacb839,27,Work
803,02/28/2020T13:50:00 ,2020-02-28,OW Manufacturing,"(4041994.9357273723, 2949416.2223347416)",031f479a8074482d8ae5ad4c640648d4,64,Work,b1597b202acd4ef48a9d2d02fd5ce377,27,Work
804,02/28/2020T14:00:00 ,2020-02-28,Indoor Sport,"(4050206.9476461597, 2951923.276650936)",514601b400164b12aae97e05abde1f0b,22,Work,26f3faf854ab4098af61639fbb6880af,4,Indoor Sport
807,02/28/2020T14:30:00 ,2020-02-28,OW Transport,"(4055931.5178130977, 2950463.4801956057)",f15dfae19425448baf2233b429fbf415,23,Work,f82bc89c8cc04a308773eaf70cacb839,27,Work
807,02/28/2020T14:30:00 ,2020-02-28,OW ICT,"(4038124.8254480036, 2950113.3998562694)",d01b493821014195a11d2f27a2d12eab,52,Work,c79cc27367914b9aa98f441ee90d498d,53,Work
808,02/28/2020T14:40:00 ,2020-02-28,OW Transport,"(4055931.5178130977, 2950463.4801956057)",5b6d60e308b34ed597259874ec76cec7,22,Work,f82bc89c8cc04a308773eaf70cacb839,27,Work
808,02/28/2020T14:40:00 ,2020-02-28,OW Finance,"(4023314.6408982556, 2946277.926834426)",303b73a19fbb4450ad5c04497e7beb13,27,Work,17ce9081aec547a69cfede670a8cad17,53,Work
811,02/28/2020T15:10:00 ,2020-02-28,OW Transport,"(4055931.5178130977, 2950463.4801956057)",babe7a51caeb45cdbce1832d4607be08,23,Work,f82bc89c8cc04a308773eaf70cacb839,27,Work
811,02/28/2020T15:10:00 ,2020-02-28,OW Transport,"(4055931.5178130977, 2950463.4801956057)",c7f2c66f4ee14265b61f0dc58ca71817,41,Work,f82bc89c8cc04a308773eaf70cacb839,27,Work
812,02/28/2020T15:20:00 ,2020-02-28,OW Finance,"(4023314.6408982556, 2946277.926834426)",ce604b7db76247aba83bf7c861627f16,38,Work,b2423acd664e46aa90da286e408881c7,22,Work
816,02/28/2020T16:00:00 ,2020-02-28,OW Finance,"(4029886.132004339, 2940983.312252022)",67c3971c2a854f928125f2c601bda1e0,33,Work,5731d496fd374e6eb3a37df970ec0277,39,Work
817,02/28/2020T16:10:00 ,2020-02-28,OW Manufacturing,"(4033152.122280112, 2937616.4047832955)",6d304da1b1b7477794959b2f2a04159c,53,Work,758cd77c24d94f4b9f96028a8e1c345b,25,Work
817,02/28/2020T16:10:00 ,2020-02-28,OW ICT,"(4038124.8254480036, 2950113.3998562694)",50f5abc86b144a3889e1ef86eedfae6b,44,Work,e2ded459704346ad894a760ca8a3af24,28,Work
818,02/28/2020T16:20:00 ,2020-02-28,OW Transport,"(4055931.5178130977, 2950463.4801956057)",9edb588563ff4144ac855a7d3c0c6f09,49,Work,f82bc89c8cc04a308773eaf70cacb839,27,Work
818,02/28/2020T16:20:00 ,2020-02-28,Hotel,"(4039845.6103672986, 2941449.460067877)",309fd12ee55a46db9f5940d18a0c5bac,54,Work,eb52de21907f418e851754f1f412e1e2,2,Work
824,02/28/2020T17:20:00 ,2020-02-28,OW Manufacturing,"(4041994.9357273723, 2949416.2223347416)",b27abbdfd8264e31973cb221ea360197,1,Work,b1597b202acd4ef48a9d2d02fd5ce377,27,Work
835,02/28/2020T19:10:00 ,2020-02-28,Museum or Zoo,"(4041717.328129682, 2950566.607630534)",b54b3fdcfb304817ae392520892d8088,67,Museum or Zoo,fb28a8405e1d45049a5653087811ee0b,57,Museum or Zoo
867,02/29/2020T00:30:00 ,2020-02-29,House,"(4025384.896199088, 2969268.536314213)",e968fe4cdc054c27b74a780368cb8e7c,28,House,44d5a13e459a4c349b3d64eb07c10161,51,House
873,02/29/2020T01:30:00 ,2020-02-29,House,"(4025321.8742507813, 2971004.0002710326)",28372d95643d4ccc854a820f8fa0e79e,5,House,fe0484fc057a4507a3d95857e05d2dee,8,House
916,02/29/2020T08:40:00 ,2020-02-29,OW Manufacturing,"(4041994.9357273723, 2949416.2223347416)",d31df8364ffb4b5c973aab51a6bfa7a0,54,Work,031f479a8074482d8ae5ad4c640648d4,64,Work
918,02/29/2020T09:00:00 ,2020-02-29,OW Transport,"(4055931.5178130977, 2950463.4801956057)",f9c3d7d98b374a1ca2f92c33d26157cb,21,Work,f82bc89c8cc04a308773eaf70cacb839,27,Work
919,02/29/2020T09:10:00 ,2020-02-29,OW Transport,"(4055931.5178130977, 2950463.4801956057)",dff3ea8a633741078d44526a401180e4,35,Work,f82bc89c8cc04a308773eaf70cacb839,27,Work
920,02/29/2020T09:20:00 ,2020-02-29,OW Transport,"(4055931.5178130977, 2950463.4801956057)",4cc1e426a3274d5fb8c86662fc90deb7,51,Work,f82bc89c8cc04a308773eaf70cacb839,27,Work
922,02/29/2020T09:40:00 ,2020-02-29,OW Manufacturing,"(4041994.9357273723, 2949416.2223347416)",133ffb57ce8445959f8787bc273697f9,40,Work,db785e4a60424d6bb6d11e398c25bd02,32,Work
922,02/29/2020T09:40:00 ,2020-02-29,OW ICT,"(4038124.8254480036, 2950113.3998562694)",64a6b8d9da374ab4be42039ade3b3c65,27,Work,43b367c0104b4c018c8188c8c1ebe47f,41,Work
923,02/29/2020T09:50:00 ,2020-02-29,OW Manufacturing,"(4041994.9357273723, 2949416.2223347416)",e932be3074bf4809b8a57680ac329a03,31,Work,031f479a8074482d8ae5ad4c640648d4,64,Work
923,02/29/2020T09:50:00 ,2020-02-29,OW Manufacturing,"(4041994.9357273723, 2949416.2223347416)",d9011cc32bfd4b65913f0a3ee9509896,56,Work,b1597b202acd4ef48a9d2d02fd5ce377,27,Work
923,02/29/2020T09:50:00 ,2020-02-29,OW Manufacturing,"(4033152.122280112, 2937616.4047832955)",4fb304f38a8d471c8885124a38a957e4,56,Work,758cd77c24d94f4b9f96028a8e1c345b,25,Work
923,02/29/2020T09:50:00 ,2020-02-29,OW Administration,"(4037093.952595035, 2937035.4484564867)",7162e0d01d5e4e3cb264a6c4f12225b4,63,Work,839bc4a604ff4ab99ffd06d8824dda0e,45,Work
924,02/29/2020T10:00:00 ,2020-02-29,OW ICT,"(4038124.8254480036, 2950113.3998562694)",57f104cecc9a4d04a8db0fdca817c0bb,42,Work,43b367c0104b4c018c8188c8c1ebe47f,41,Work
925,02/29/2020T10:10:00 ,2020-02-29,Care Home,"(4039528.9994623875, 2952253.717866595)",dd41c45c6b0e4895bcc91cbe52fb5989,46,Work,d4ba07ece95d4f0d9eb0e7b2c4f576d4,56,Work
925,02/29/2020T10:10:00 ,2020-02-29,Care Home,"(4039528.9994623875, 2952253.717866595)",b8f07722c09a4823a7fc4cad57bd2755,55,Work,d4ba07ece95d4f0d9eb0e7b2c4f576d4,56,Work
926,02/29/2020T10:20:00 ,2020-02-29,OW Manufacturing,"(4041994.9357273723, 2949416.2223347416)",846e815b6dae4fb6bb2f86af0c6678bc,52,Work,e67fa59f23924f4f98dd1886f2422abf,35,Work
926,02/29/2020T10:20:00 ,2020-02-29,OW Manufacturing,"(4041994.9357273723, 2949416.2223347416)",0e02f4f3f4934f0594dbb14a2854b0f1,26,Work,e67fa59f23924f4f98dd1886f2422abf,35,Work
929,02/29/2020T10:50:00 ,2020-02-29,OW Manufacturing,"(4041994.9357273723, 2949416.2223347416)",b16b905fc2274728b17e6c5d0e9875b5,57,Work,db785e4a60424d6bb6d11e398c25bd02,32,Work
930,02/29/2020T11:00:00 ,2020-02-29,OW Transport,"(4055931.5178130977, 2950463.4801956057)",e7748d2ce1a940578702a7de959d047f,28,Work,f82bc89c8cc04a308773eaf70cacb839,27,Work
931,02/29/2020T11:10:00 ,2020-02-29,OW Manufacturing,"(4033152.122280112, 2937616.4047832955)",8dbb56f101704d9cab475a01cb632e3d,37,Work,758cd77c24d94f4b9f96028a8e1c345b,25,Work
932,02/29/2020T11:20:00 ,2020-02-29,OW Administration,"(4037093.952595035, 2937035.4484564867)",ec3ba46492aa45b4a3bdb1af3ba5ea54,56,Work,839bc4a604ff4ab99ffd06d8824dda0e,45,Work
933,02/29/2020T11:30:00 ,2020-02-29,OW Manufacturing,"(4041994.9357273723, 2949416.2223347416)",19da17d9f7b046b6809924ba06a22a8b,49,Work,b1597b202acd4ef48a9d2d02fd5ce377,27,Work
935,02/29/2020T11:50:00 ,2020-02-29,OW Transport,"(4055931.5178130977, 2950463.4801956057)",4beddb89ebcc4c49a9444590d7f06fd1,64,Work,f82bc89c8cc04a308773eaf70cacb839,27,Work
939,02/29/2020T12:30:00 ,2020-02-29,OW Manufacturing,"(4041994.9357273723, 2949416.2223347416)",709f4e89e6e5467f964ec9c6299a208d,55,Work,031f479a8074482d8ae5ad4c640648d4,64,Work
940,02/29/2020T12:40:00 ,2020-02-29,OW Finance,"(4023314.6408982556, 2946277.926834426)",1a5feb838cd84129843acfa0bbc79ddc,42,Work,17ce9081aec547a69cfede670a8cad17,53,Work
942,02/29/2020T13:00:00 ,2020-02-29,OW Manufacturing,"(4068332.2126111374, 2961060.5823687455)",0110528b5a214731a2a9563d4ed38e78,29,Work,9fef23e00855434b9985afd5475b9b38,22,Work
944,02/29/2020T13:20:00 ,2020-02-29,OW Manufacturing,"(4041994.9357273723, 2949416.2223347416)",079470acd5eb4d3cb1ad3e4848734000,57,Work,b1597b202acd4ef48a9d2d02fd5ce377,27,Work
945,02/29/2020T13:30:00 ,2020-02-29,OW ICT,"(4038124.8254480036, 2950113.3998562694)",69bd9e9a1cb34a0d90c3c3ecc3534012,34,Work,ac8c2b28e9e64512b79d7bcdca3de893,63,Work
946,02/29/2020T13:40:00 ,2020-02-29,Hotel,"(4039845.6103672986, 2941449.460067877)",93d0dc1a7e0c43169ff2f945d419a7b5,38,Work,ab57bc77f89b474987a651f85cfc8d7a,49,Work
947,02/29/2020T13:50:00 ,2020-02-29,OW ICT,"(4038124.8254480036, 2950113.3998562694)",3799258ae01f4a3bb1ba8378d9b38e99,39,Work,ac8c2b28e9e64512b79d7bcdca3de893,63,Work
948,02/29/2020T14:00:00 ,2020-02-29,OW Finance,"(4023314.6408982556, 2946277.926834426)",5d1155fb1b9349a584f50a51d9fe760e,43,Work,b2423acd664e46aa90da286e408881c7,22,Work
949,02/29/2020T14:10:00 ,2020-02-29,OW Finance,"(4023314.6408982556, 2946277.926834426)",03c06282dd474a8296e4fa1994bb6042,48,Work,b2423acd664e46aa90da286e408881c7,22,Work
951,02/29/2020T14:30:00 ,2020-02-29,OW Manufacturing,"(4041994.9357273723, 2949416.2223347416)",a00c1a1f22154985bee24f96d674a834,54,Work,b1597b202acd4ef48a9d2d02fd5ce377,27,Work
951,02/29/2020T14:30:00 ,2020-02-29,OW Finance,"(4023314.6408982556, 2946277.926834426)",d67ed9bc9a9f4fa4820f5777889ec809,38,Work,17ce9081aec547a69cfede670a8cad17,53,Work
952,02/29/2020T14:40:00 ,2020-02-29,Indoor Sport,"(4050206.9476461597, 2951923.276650936)",9b3a02da8b62419ebf1bbc61c57fea53,30,Work,26f3faf854ab4098af61639fbb6880af,4,Indoor Sport
954,02/29/2020T15:00:00 ,2020-02-29,OW Manufacturing,"(4041994.9357273723, 2949416.2223347416)",e8c0a2e4dc7d466eb7c2b492889ebab9,24,Work,e67fa59f23924f4f98dd1886f2422abf,35,Work
954,02/29/2020T15:00:00 ,2020-02-29,Hotel,"(4039845.6103672986, 2941449.460067877)",e63c1a8321144457b2744fc08e6614eb,46,Work,eb52de21907f418e851754f1f412e1e2,2,Work
958,02/29/2020T15:40:00 ,2020-02-29,OW Manufacturing,"(4041994.9357273723, 2949416.2223347416)",808dfb01d6f546eea2666af982fd731d,40,Work,e67fa59f23924f4f98dd1886f2422abf,35,Work
958,02/29/2020T15:40:00 ,2020-02-29,OW Finance,"(4023314.6408982556, 2946277.926834426)",45aff487eace49fc81fa4b02496771fe,38,Work,b2423acd664e46aa90da286e408881c7,22,Work
959,02/29/2020T15:50:00 ,2020-02-29,Hotel,"(4039845.6103672986, 2941449.460067877)",e1bda20ba79e4059b160961d7b4678a7,36,Work,277ae4369f50485ab2a5779f5d2179b5,32,Work
960,02/29/2020T16:00:00 ,2020-02-29,OW Transport,"(4055931.5178130977, 2950463.4801956057)",db3a426af9f34b90b3f3b3f3b8e23ddc,44,Work,8b2bf0bf12aa4a5bae8124d6a6b43858,47,Work
962,02/29/2020T16:20:00 ,2020-02-29,OW Finance,"(4023314.6408982556, 2946277.926834426)",4b884bebaf9847548e2e6f66c61ebee5,41,Work,b2423acd664e46aa90da286e408881c7,22,Work
964,02/29/2020T16:40:00 ,2020-02-29,Care Home,"(4039528.9994623875, 2952253.717866595)",ed60d449d9524de289c4e4e1e26897a6,95,Outdoor,1bef945328d84dbdad03e2d0b577eaa7,26,Work
964,02/29/2020T16:40:00 ,2020-02-29,OW Manufacturing,"(4041994.9357273723, 2949416.2223347416)",ae3e5a54cafb4139bc797dd060c0c990,55,Work,b1597b202acd4ef48a9d2d02fd5ce377,27,Work
964,02/29/2020T16:40:00 ,2020-02-29,OW Manufacturing,"(4033152.122280112, 2937616.4047832955)",a7bbf8fe128c4bcc9d58dc0568afc7e9,53,Work,c152db52fc6846bab5c18ee10cefd45f,61,Work
967,02/29/2020T17:10:00 ,2020-02-29,Hotel,"(4039845.6103672986, 2941449.460067877)",cceb87b54bd94fd39f5499c9eb9268be,28,Work,eb52de21907f418e851754f1f412e1e2,2,Work
977,02/29/2020T18:50:00 ,2020-02-29,OW ICT,"(4038124.8254480036, 2950113.3998562694)",58d855d3aae44bc0adaf1e6f12815786,39,Work,467ea4d82b104d6aa0d18bcb5e0890e4,21,Work
979,02/29/2020T19:10:00 ,2020-02-29,Indoor Sport,"(4019042.6645545484, 2945187.9025427094)",70c259fc9837459199242c228cc8401f,69,Indoor Sport,758cd77c24d94f4b9f96028a8e1c345b,25,Indoor Sport
1009,03/01/2020T00:10:00 ,2020-03-01,House,"(4041780.9407580714, 2959969.6983854678)",602562e1f48c49d2a098c255f034478b,59,House,5846a6db50d74082a7bb37c2d23b8fbc,35,House
1024,03/01/2020T02:40:00 ,2020-03-01,Public Transport,"(4039822.017597317, 2953153.6323210266)",ca6b3223d4fb44d7a2a8b5336baf2d16,12,Public Transport,eb52de21907f418e851754f1f412e1e2,2,Public Transport
1054,03/01/2020T07:40:00 ,2020-03-01,Hospital,"(4058154.76725065, 2949603.507869995)",2a0980058b2d4370b181f19211657209,50,Work,498bd7bef5904b8bb8f972ab5b644133,81,House
1063,03/01/2020T09:10:00 ,2020-03-01,House,"(4040587.286400897, 2952423.40747404)",d5bbb9adfce84b8ea4c6aadc326ef093,55,House,839bc4a604ff4ab99ffd06d8824dda0e,45,House
1166,03/02/2020T02:20:00 ,2020-03-02,Public Transport,"(4029684.463103126, 2939399.926118276)",200e26a250454633818a97054a95c5ba,7,Public Transport,eb52de21907f418e851754f1f412e1e2,2,Public Transport
1166,03/02/2020T02:20:00 ,2020-03-02,Public Transport,"(4029684.463103126, 2939399.926118276)",2ba5daf35eeb4cc09637e26bfbf332c0,11,Public Transport,eb52de21907f418e851754f1f412e1e2,2,Public Transport
1167,03/02/2020T02:30:00 ,2020-03-02,House,"(4029355.3357387, 2992007.4629041)",28328daf09724a2c9f1a5b0a5ffb4036,35,House,a2bc6da7ba5a45ed848ce3c6520b27b4,50,House
1170,03/02/2020T03:00:00 ,2020-03-02,Public Transport,"(4029684.463103126, 2939399.926118276)",b04ef7f681ab481dbec3115440cef3fb,2,Public Transport,eb52de21907f418e851754f1f412e1e2,2,Public Transport
1176,03/02/2020T04:00:00 ,2020-03-02,House,"(4042641.089018669, 2946867.516223615)",e23b5b12c104462cb0f59a919e51747b,30,House,db3a426af9f34b90b3f3b3f3b8e23ddc,44,House
1180,03/02/2020T04:40:00 ,2020-03-02,Care Home,"(4039528.9994623875, 2952253.717866595)",d5cd217f1b8742229e781dab24e518ef,95,House,ed60d449d9524de289c4e4e1e26897a6,95,House
1208,03/02/2020T09:20:00 ,2020-03-02,Care Home,"(4039528.9994623875, 2952253.717866595)",7ee6c0cecea0402f90fc27c2d44e551f,9,Visit,ed60d449d9524de289c4e4e1e26897a6,95,House
1244,03/02/2020T15:20:00 ,2020-03-02,Care Home,"(4039528.9994623875, 2952253.717866595)",c27b60f0ec3544b0b9ef75060aea255c,92,House,c451fe2077cc42a2abe341325721a3c5,95,House
1258,03/02/2020T17:40:00 ,2020-03-02,Indoor Sport,"(4025996.841531536, 2969958.2781656026)",08bfad44ad904e7a828e46571300088d,0,Indoor Sport,b1597b202acd4ef48a9d2d02fd5ce377,27,Indoor Sport
1280,03/02/2020T21:20:00 ,2020-03-02,Restaurant,"(4040848.808892928, 2982821.5346693434)",73bbbaf485284959ab22186853bf16f1,52,Restaurant,a2bc6da7ba5a45ed848ce3c6520b27b4,50,Restaurant
1323,03/03/2020T04:30:00 ,2020-03-03,House,"(4032185.899694224, 2940102.879861479)",774a1fd792c74655ba6992fe879ac7b0,15,House,65016d27fa5547878752904194f26712,56,House
1331,03/03/2020T05:50:00 ,2020-03-03,Care Home,"(4039528.9994623875, 2952253.717866595)",7b019043e8144670a307bd752da79cb9,94,House,c451fe2077cc42a2abe341325721a3c5,95,House
1332,03/03/2020T06:00:00 ,2020-03-03,OW Manufacturing,"(4041994.9357273723, 2949416.2223347416)",f651a545a3ba45288e3af496b30ce8a1,48,Work,19da17d9f7b046b6809924ba06a22a8b,49,Work
1337,03/03/2020T06:50:00 ,2020-03-03,Care Home,"(4039528.9994623875, 2952253.717866595)",1a29cb999b044b70844ebd4afc30e6a8,92,House,ed60d449d9524de289c4e4e1e26897a6,95,House
1343,03/03/2020T07:50:00 ,2020-03-03,Hotel,"(4039845.6103672986, 2941449.460067877)",12679ffb6f90416f8d7042627215d280,41,Work,5dbd8376b1cf4fae890616d35c20d308,44,Work
1344,03/03/2020T08:00:00 ,2020-03-03,OW Manufacturing,"(4041994.9357273723, 2949416.2223347416)",5988e213d28f4b6788d47b0fce574c45,34,Work,0d033b3a9e704583989cf4e698506903,18,Work
1344,03/03/2020T08:00:00 ,2020-03-03,OW ICT,"(4038124.8254480036, 2950113.3998562694)",8e822fd4473d4a08bd266d1940ef6fb2,21,Work,ee4e93e2030e4bfaa70d31a1a59d90ce,36,Work
1344,03/03/2020T08:00:00 ,2020-03-03,Indoor Sport,"(4050206.9476461597, 2951923.276650936)",a62fdfd4e5864371adbd4d09e44a0749,50,Work,9b3a02da8b62419ebf1bbc61c57fea53,30,Work
1345,03/03/2020T08:10:00 ,2020-03-03,OW Transport,"(4055931.5178130977, 2950463.4801956057)",f7b1ff3fc67d4e7e88dab1c131bbc555,38,Work,f82bc89c8cc04a308773eaf70cacb839,27,Work
1346,03/03/2020T08:20:00 ,2020-03-03,OW Manufacturing,"(4041994.9357273723, 2949416.2223347416)",a5b5e290e2e84d83a4de553ca498e75e,34,Work,031f479a8074482d8ae5ad4c640648d4,64,Work
1347,03/03/2020T08:30:00 ,2020-03-03,OW Finance,"(4023314.6408982556, 2946277.926834426)",c0e1e0fc146c4959a0fe4653847414f8,36,Work,5d1155fb1b9349a584f50a51d9fe760e,43,Work
1347,03/03/2020T08:30:00 ,2020-03-03,OW Finance,"(4029886.132004339, 2940983.312252022)",eeb6a4c2aba242fdbdd0196c5c69628a,55,Work,6c5c42fee0614e6eb4b7eba162710169,60,Work
1347,03/03/2020T08:30:00 ,2020-03-03,OW Finance,"(4029886.132004339, 2940983.312252022)",39f71ab28b1e4d2a8a932c245b99c921,59,Work,1c9c6843992d49dea2baba8b278ecee1,58,Work
1348,03/03/2020T08:40:00 ,2020-03-03,OW Manufacturing,"(4033152.122280112, 2937616.4047832955)",51bdd3a59ff745d69d35f85a5e13b38d,19,Work,4fb304f38a8d471c8885124a38a957e4,56,Work
1348,03/03/2020T08:40:00 ,2020-03-03,OW Finance,"(4023314.6408982556, 2946277.926834426)",7ec5da50fd0e47239b637da4b824af45,53,Work,ce604b7db76247aba83bf7c861627f16,38,Work
1349,03/03/2020T08:50:00 ,2020-03-03,OW Manufacturing,"(4041994.9357273723, 2949416.2223347416)",23b53bce620749598aad707b6ad982b1,52,Work,d31df8364ffb4b5c973aab51a6bfa7a0,54,Work
1349,03/03/2020T08:50:00 ,2020-03-03,OW ICT,"(4038124.8254480036, 2950113.3998562694)",d300366b233e487d95a2ee616ab74040,43,Work,ee4e93e2030e4bfaa70d31a1a59d90ce,36,Work
1349,03/03/2020T08:50:00 ,2020-03-03,OW ICT,"(4038124.8254480036, 2950113.3998562694)",141399d4c9234319898e82245633610c,39,Work,65016d27fa5547878752904194f26712,56,Work
1350,03/03/2020T09:00:00 ,2020-03-03,Care Home,"(4039528.9994623875, 2952253.717866595)",e7d75e3b2c4c498aa0bfeb01d7a8e68e,20,Work,c451fe2077cc42a2abe341325721a3c5,95,House
1350,03/03/2020T09:00:00 ,2020-03-03,OW Manufacturing,"(4041994.9357273723, 2949416.2223347416)",e6444726595941bda51881ced0c646c8,38,Work,740a6968a4234508b54e7d3b4193268c,33,Work
1350,03/03/2020T09:00:00 ,2020-03-03,OW Manufacturing,"(4041994.9357273723, 2949416.2223347416)",29428e18635a41f7b121ac0ee882e2ac,36,Work,a592a868539f4459b35c4a288b78a69b,38,Work
1351,03/03/2020T09:10:00 ,2020-03-03,OW Transport,"(4055931.5178130977, 2950463.4801956057)",bbce1e878f014dc08885459938b18653,29,Work,f9c3d7d98b374a1ca2f92c33d26157cb,21,Work
1351,03/03/2020T09:10:00 ,2020-03-03,OW ICT,"(4038124.8254480036, 2950113.3998562694)",738f7fb8b92946cb8c86566687efd015,24,Work,be05157f097146eea468bec927c7a848,54,Work
1351,03/03/2020T09:10:00 ,2020-03-03,OW Finance,"(4029886.132004339, 2940983.312252022)",01680265b09048618c03e6a6529fc5f1,36,Work,6c5c42fee0614e6eb4b7eba162710169,60,Work
1351,03/03/2020T09:10:00 ,2020-03-03,Shop,"(4030853.6684093513, 2939596.475549419)",ec782393132f4ed19b1fdf918d7d85a4,26,Work,befdebb5690649da9ce0611577caf84b,50,Work
1352,03/03/2020T09:20:00 ,2020-03-03,OW Manufacturing,"(4041994.9357273723, 2949416.2223347416)",650846505119434da6c1c24702c974d9,53,Work,0d033b3a9e704583989cf4e698506903,18,Work
1353,03/03/2020T09:30:00 ,2020-03-03,OW Transport,"(4055931.5178130977, 2950463.4801956057)",b76214f961564cd98a2975d92f920066,39,Work,f9c3d7d98b374a1ca2f92c33d26157cb,21,Work
1353,03/03/2020T09:30:00 ,2020-03-03,OW ICT,"(4038124.8254480036, 2950113.3998562694)",533d07153be44f12a311d746e7730bdc,27,Work,64a6b8d9da374ab4be42039ade3b3c65,27,Work
1353,03/03/2020T09:30:00 ,2020-03-03,OW Finance,"(4023314.6408982556, 2946277.926834426)",9c0f8549a6664336940eb8bab027fb5b,42,Work,d67ed9bc9a9f4fa4820f5777889ec809,38,Work
1353,03/03/2020T09:30:00 ,2020-03-03,Hotel,"(4039845.6103672986, 2941449.460067877)",d36de71af6f447e89d60207d040b3774,20,Work,277ae4369f50485ab2a5779f5d2179b5,32,Work
1354,03/03/2020T09:40:00 ,2020-03-03,OW Finance,"(4029886.132004339, 2940983.312252022)",3b5ca6d7780a490b8e9d05a6b2600f3b,23,Work,6f083d67427f49d38cc74109325c8556,20,Work
1355,03/03/2020T09:50:00 ,2020-03-03,OW Manufacturing,"(4041994.9357273723, 2949416.2223347416)",0e44d86410234dd1bce8fad27bc8855c,42,Work,b26d31d2c3334eb0890123d0bb6d5ed9,64,Work
1355,03/03/2020T09:50:00 ,2020-03-03,OW Transport,"(4055931.5178130977, 2950463.4801956057)",9c61743ef42c439ba449fe987ffc2f52,58,Work,f9c3d7d98b374a1ca2f92c33d26157cb,21,Work
1355,03/03/2020T09:50:00 ,2020-03-03,OW Transport,"(4055931.5178130977, 2950463.4801956057)",b2d351e052fa42ceabc028ef7c723f76,47,Work,3c590227819b481383bc30a84ed2e571,58,Work
1355,03/03/2020T09:50:00 ,2020-03-03,Hotel,"(4039845.6103672986, 2941449.460067877)",297ec0f3ba0542848aee4e7d4d852284,51,Work,bcadbc7d20fa43cd9bbb3c568c9512bf,44,Work
1356,03/03/2020T10:00:00 ,2020-03-03,OW Manufacturing,"(4041994.9357273723, 2949416.2223347416)",26013076c86a4f539ed6d12c3b2e576c,41,Work,19da17d9f7b046b6809924ba06a22a8b,49,Work
1358,03/03/2020T10:20:00 ,2020-03-03,Care Home,"(4039528.9994623875, 2952253.717866595)",5d7c2b237b354939b6fb62859861bb00,29,Work,d4ba07ece95d4f0d9eb0e7b2c4f576d4,56,Work
1358,03/03/2020T10:20:00 ,2020-03-03,OW Manufacturing,"(4041994.9357273723, 2949416.2223347416)",353bc4445c1b4ec7b940d4738cf71ca7,42,Work,846e815b6dae4fb6bb2f86af0c6678bc,52,Work
1358,03/03/2020T10:20:00 ,2020-03-03,OW Manufacturing,"(4041994.9357273723, 2949416.2223347416)",05577d3135de45f59ec5fbd78d976595,58,Work,846e815b6dae4fb6bb2f86af0c6678bc,52,Work
1359,03/03/2020T10:30:00 ,2020-03-03,OW Finance,"(4023314.6408982556, 2946277.926834426)",317e289ed9bc43e49143b09529a01a0c,41,Work,5d1155fb1b9349a584f50a51d9fe760e,43,Work
1360,03/03/2020T10:40:00 ,2020-03-03,OW ICT,"(4038124.8254480036, 2950113.3998562694)",e8d1acf54b774debac160ed54d96c94a,35,Work,d01b493821014195a11d2f27a2d12eab,52,Work
1361,03/03/2020T10:50:00 ,2020-03-03,Care Home,"(4039528.9994623875, 2952253.717866595)",eafd1c259c5944e180f810a67584fac0,32,Work,c451fe2077cc42a2abe341325721a3c5,95,Outdoor
1361,03/03/2020T10:50:00 ,2020-03-03,OW Manufacturing,"(4041994.9357273723, 2949416.2223347416)",bd20f3a7110f401fa65563831a1144e6,54,Work,a592a868539f4459b35c4a288b78a69b,38,Work
1361,03/03/2020T10:50:00 ,2020-03-03,OW Manufacturing,"(4041994.9357273723, 2949416.2223347416)",473444100c784b339a1fa77d8027b93c,24,Work,846e815b6dae4fb6bb2f86af0c6678bc,52,Work
1362,03/03/2020T11:00:00 ,2020-03-03,OW Manufacturing,"(4041994.9357273723, 2949416.2223347416)",08217e2b01c744549d78c4a5c9eee925,41,Work,740a6968a4234508b54e7d3b4193268c,33,Work
1363,03/03/2020T11:10:00 ,2020-03-03,OW Manufacturing,"(4041994.9357273723, 2949416.2223347416)",d050b802914246529de740affcbd0adb,34,Work,db785e4a60424d6bb6d11e398c25bd02,32,Work
1364,03/03/2020T11:20:00 ,2020-03-03,OW Manufacturing,"(4041994.9357273723, 2949416.2223347416)",c346ec311d85456fbb4f6154031e19ab,35,Work,a592a868539f4459b35c4a288b78a69b,38,Work
1364,03/03/2020T11:20:00 ,2020-03-03,OW Finance,"(4023314.6408982556, 2946277.926834426)",de27eedaf04946d0bf47c6bfba1e580e,27,Work,45aff487eace49fc81fa4b02496771fe,38,Work
1364,03/03/2020T11:20:00 ,2020-03-03,OW Finance,"(4029886.132004339, 2940983.312252022)",3bc76bcb366249f3a791b46441ce45ab,28,Work,1c9c6843992d49dea2baba8b278ecee1,58,Work
1364,03/03/2020T11:20:00 ,2020-03-03,OW Finance,"(4029886.132004339, 2940983.312252022)",c447aa251e48462baad1a0bacbcd132a,24,Work,2176b10c51614163935034eae6fe1833,53,Work
1365,03/03/2020T11:30:00 ,2020-03-03,OW Manufacturing,"(4041994.9357273723, 2949416.2223347416)",14421c6864984d04b78d5f72ae7e9b87,39,Work,a592a868539f4459b35c4a288b78a69b,38,Work
1365,03/03/2020T11:30:00 ,2020-03-03,OW Transport,"(4055931.5178130977, 2950463.4801956057)",ac4c228bf63f4e249b2c6a665be33239,23,Work,dff3ea8a633741078d44526a401180e4,35,Work
1365,03/03/2020T11:30:00 ,2020-03-03,OW ICT,"(4038124.8254480036, 2950113.3998562694)",0a8e77e4ff374d6bae3faa4b76b9b9dd,54,Work,d01b493821014195a11d2f27a2d12eab,52,Work
1365,03/03/2020T11:30:00 ,2020-03-03,OW Finance,"(4029886.132004339, 2940983.312252022)",0164f3967dfa47988924641d68cc8978,58,Work,1c9c6843992d49dea2baba8b278ecee1,58,Work
1365,03/03/2020T11:30:00 ,2020-03-03,OW Administration,"(4037093.952595035, 2937035.4484564867)",d838384c44c547538817ad6fc4b6b475,42,Work,ec3ba46492aa45b4a3bdb1af3ba5ea54,56,Work
1366,03/03/2020T11:40:00 ,2020-03-03,OW Manufacturing,"(4041994.9357273723, 2949416.2223347416)",ed0d9a4cecf94399bd387fcefe04b3e1,61,Work,19da17d9f7b046b6809924ba06a22a8b,49,Work
1366,03/03/2020T11:40:00 ,2020-03-03,OW Manufacturing,"(4041994.9357273723, 2949416.2223347416)",0b95f0228811408a98994093d54ae8c2,43,Work,db785e4a60424d6bb6d11e398c25bd02,32,Work
1366,03/03/2020T11:40:00 ,2020-03-03,OW Transport,"(4055931.5178130977, 2950463.4801956057)",4336d0b3085a454db493d7d0f3ed44f3,30,Work,3c590227819b481383bc30a84ed2e571,58,Work
1366,03/03/2020T11:40:00 ,2020-03-03,OW Transport,"(4055931.5178130977, 2950463.4801956057)",dcdb528ca1fe46f3b70612ffcd35b8f3,23,Work,11dc0e26df0f40cba19d269e0ad53224,54,Work
1366,03/03/2020T11:40:00 ,2020-03-03,OW Transport,"(4055931.5178130977, 2950463.4801956057)",5e61ddd340d24ade9f3588be9e662f16,47,Work,3c590227819b481383bc30a84ed2e571,58,Work
1366,03/03/2020T11:40:00 ,2020-03-03,OW Finance,"(4023314.6408982556, 2946277.926834426)",300b89980356407ea9079b394610d382,28,Work,45aff487eace49fc81fa4b02496771fe,38,Work
1366,03/03/2020T11:40:00 ,2020-03-03,Shop,"(4041351.978196766, 2948679.162794739)",aa1bd38d5ccc4a548458a81a1f8195ee,56,Work,8a53b6f48c7e4e02962068743e06fafe,53,Shop
1367,03/03/2020T11:50:00 ,2020-03-03,Care Home,"(4039528.9994623875, 2952253.717866595)",cedea6bc6e4f49dc9efd4ca7564d9e42,23,Work,ed60d449d9524de289c4e4e1e26897a6,95,House
1367,03/03/2020T11:50:00 ,2020-03-03,OW Manufacturing,"(4041994.9357273723, 2949416.2223347416)",b13ef1f4b5d24f78b640663539f24247,37,Work,740a6968a4234508b54e7d3b4193268c,33,Work
1367,03/03/2020T11:50:00 ,2020-03-03,OW ICT,"(4038124.8254480036, 2950113.3998562694)",6cfb1be180084b129a049a7f2bb75e8d,23,Work,2a4379fa4f23436f844921324cf9384e,41,Work
1367,03/03/2020T11:50:00 ,2020-03-03,OW ICT,"(4038124.8254480036, 2950113.3998562694)",d5737db1b0ea4514b46234f7805d7483,29,Work,4669d64ce67a4a899e49e73585c0de44,26,Work
1367,03/03/2020T11:50:00 ,2020-03-03,OW Finance,"(4023314.6408982556, 2946277.926834426)",9f4ecfd0a0e940bf8e3b13dbf2d5f94b,24,Work,5353f997703f4705883ba93ef7523c10,52,Work
1367,03/03/2020T11:50:00 ,2020-03-03,Hotel,"(4039845.6103672986, 2941449.460067877)",2a3455ae81624a9a80185e42adbdd2c4,26,Work,bcadbc7d20fa43cd9bbb3c568c9512bf,44,Work
1368,03/03/2020T12:00:00 ,2020-03-03,OW ICT,"(4038124.8254480036, 2950113.3998562694)",dcb5060b0f2d42da9bd9c33d9679e85b,33,Work,2a4379fa4f23436f844921324cf9384e,41,Work
1368,03/03/2020T12:00:00 ,2020-03-03,Hotel,"(4039845.6103672986, 2941449.460067877)",b4da772c131742c6a794e1a81e256b8a,32,Work,277ae4369f50485ab2a5779f5d2179b5,32,Work
1370,03/03/2020T12:20:00 ,2020-03-03,Care Home,"(4039528.9994623875, 2952253.717866595)",4f1aad0d45ef44979698e95a463e5604,43,Work,1bef945328d84dbdad03e2d0b577eaa7,26,Work
1370,03/03/2020T12:20:00 ,2020-03-03,OW Manufacturing,"(4041994.9357273723, 2949416.2223347416)",6e3ca4c3d50048e2a4c8ccec89891b18,34,Work,d31df8364ffb4b5c973aab51a6bfa7a0,54,Work
1371,03/03/2020T12:30:00 ,2020-03-03,OW Manufacturing,"(4041994.9357273723, 2949416.2223347416)",5992cc4eb91448788f5ec6f61dbbdaaa,23,Work,740a6968a4234508b54e7d3b4193268c,33,Work
1371,03/03/2020T12:30:00 ,2020-03-03,OW Transport,"(4055931.5178130977, 2950463.4801956057)",516dc8e76f354d3f8500a45283196a2a,43,Work,177a7649916f4bd7a5993f42296cca8d,44,Work
1371,03/03/2020T12:30:00 ,2020-03-03,OW Transport,"(4055931.5178130977, 2950463.4801956057)",ba8f10cc88084210b8156c40c27e3b50,35,Work,f82bc89c8cc04a308773eaf70cacb839,27,Work
1371,03/03/2020T12:30:00 ,2020-03-03,OW ICT,"(4038124.8254480036, 2950113.3998562694)",e855a348047644ad982aa6d79560c65f,37,Work,be05157f097146eea468bec927c7a848,54,Work
1372,03/03/2020T12:40:00 ,2020-03-03,OW Manufacturing,"(4068332.2126111374, 2961060.5823687455)",2d4fd910ea6545dfa1d971689f3a66d1,26,Work,0110528b5a214731a2a9563d4ed38e78,29,Work
1373,03/03/2020T12:50:00 ,2020-03-03,OW Transport,"(4055931.5178130977, 2950463.4801956057)",eba1da629be644b882da7b4545c45842,34,Work,babe7a51caeb45cdbce1832d4607be08,23,Work
1373,03/03/2020T12:50:00 ,2020-03-03,OW Finance,"(4023314.6408982556, 2946277.926834426)",08e2fb2dd4ac4a62a424d327749b0c58,64,Work,ce604b7db76247aba83bf7c861627f16,38,Work
1373,03/03/2020T12:50:00 ,2020-03-03,Hotel,"(4039845.6103672986, 2941449.460067877)",5051f490dc4849768658c90e98982bff,49,Work,e63c1a8321144457b2744fc08e6614eb,46,Work
1375,03/03/2020T13:10:00 ,2020-03-03,OW Manufacturing,"(4041994.9357273723, 2949416.2223347416)",000713f120344ba1b4d38e848b98ae21,27,Work,846e815b6dae4fb6bb2f86af0c6678bc,52,Work
1375,03/03/2020T13:10:00 ,2020-03-03,OW Manufacturing,"(4041994.9357273723, 2949416.2223347416)",f5154cb3847f497d89edf40b38012718,39,Work,b27abbdfd8264e31973cb221ea360197,1,Work
1375,03/03/2020T13:10:00 ,2020-03-03,OW Manufacturing,"(4041994.9357273723, 2949416.2223347416)",82b220130e3245c9bc77acddf6b407b0,49,Work,740a6968a4234508b54e7d3b4193268c,33,Work
1375,03/03/2020T13:10:00 ,2020-03-03,OW Transport,"(4055931.5178130977, 2950463.4801956057)",d33e9ba217f246b7958ff33da03f1b00,64,Work,3c590227819b481383bc30a84ed2e571,58,Work
1375,03/03/2020T13:10:00 ,2020-03-03,OW ICT,"(4038124.8254480036, 2950113.3998562694)",c7c518a0e4d94c0c8555034b77b9f0e4,23,Work,64a6b8d9da374ab4be42039ade3b3c65,27,Work
1375,03/03/2020T13:10:00 ,2020-03-03,Hotel,"(4039845.6103672986, 2941449.460067877)",e6eb4f9c138b4c98a879761d7c92d8ea,24,Work,5dbd8376b1cf4fae890616d35c20d308,44,Work
1377,03/03/2020T13:30:00 ,2020-03-03,Care Home,"(4039528.9994623875, 2952253.717866595)",14f47bc2381d4875baab360bb57a3a5a,93,House,c451fe2077cc42a2abe341325721a3c5,95,House
1377,03/03/2020T13:30:00 ,2020-03-03,OW Transport,"(4055931.5178130977, 2950463.4801956057)",db352c7ac78a44d298acf1bd12e6f4dd,36,Work,dff3ea8a633741078d44526a401180e4,35,Work
1377,03/03/2020T13:30:00 ,2020-03-03,OW Transport,"(4055931.5178130977, 2950463.4801956057)",af92b22119c44672be5094e49edb54ad,49,Work,3c590227819b481383bc30a84ed2e571,58,Work
1378,03/03/2020T13:40:00 ,2020-03-03,OW ICT,"(4038124.8254480036, 2950113.3998562694)",dfd2862ba5cb49949171a61f8d5a4df5,48,Work,57f104cecc9a4d04a8db0fdca817c0bb,42,Work
1378,03/03/2020T13:40:00 ,2020-03-03,Indoor Sport,"(4050206.9476461597, 2951923.276650936)",ecb059339efc4d088a10166cfa7ad1ff,41,Work,514601b400164b12aae97e05abde1f0b,22,Work
1379,03/03/2020T13:50:00 ,2020-03-03,OW Transport,"(4055931.5178130977, 2950463.4801956057)",2be764bb5a7a488f9a3a429de263e95b,40,Work,4beddb89ebcc4c49a9444590d7f06fd1,64,Work
1379,03/03/2020T13:50:00 ,2020-03-03,OW ICT,"(4038124.8254480036, 2950113.3998562694)",86db9070148a495cb78ee0692bf76038,53,Work,ee4e93e2030e4bfaa70d31a1a59d90ce,36,Work
1379,03/03/2020T13:50:00 ,2020-03-03,OW ICT,"(4038124.8254480036, 2950113.3998562694)",6f5bb7e30d0c4d0495ad6059dae68047,29,Work,465eba76052644d391ebab46e37df5e2,25,Work
1379,03/03/2020T13:50:00 ,2020-03-03,Hotel,"(4039845.6103672986, 2941449.460067877)",dd954493aea349f1bc3deb72616fa0b3,53,Work,3517cfb6ee384592a19f97ded8fa8806,31,Work
1380,03/03/2020T14:00:00 ,2020-03-03,OW Manufacturing,"(4041994.9357273723, 2949416.2223347416)",1b2a2de90acc45549b317e1872ae627c,27,Work,b27abbdfd8264e31973cb221ea360197,1,Work
1380,03/03/2020T14:00:00 ,2020-03-03,OW Finance,"(4023314.6408982556, 2946277.926834426)",7f9c3cc28fa4414e979252b5c461a8da,27,Work,49d3075c186b453d808032b905e0dc54,60,Work
1380,03/03/2020T14:00:00 ,2020-03-03,OW Finance,"(4029886.132004339, 2940983.312252022)",c0d42b2b0ce64e9bae1ef8e582000fb9,20,Work,6f083d67427f49d38cc74109325c8556,20,Work
1380,03/03/2020T14:00:00 ,2020-03-03,Indoor Sport,"(4050206.9476461597, 2951923.276650936)",5617bb349c68448fbaad9ee0332faa6e,35,Work,9b3a02da8b62419ebf1bbc61c57fea53,30,Work
1381,03/03/2020T14:10:00 ,2020-03-03,Care Home,"(4039528.9994623875, 2952253.717866595)",7c8789ba8f3e4b5888fe50651f391b83,24,Work,c451fe2077cc42a2abe341325721a3c5,95,House
1381,03/03/2020T14:10:00 ,2020-03-03,OW Transport,"(4055931.5178130977, 2950463.4801956057)",b71fa7a3eb7b4382b41cf6ce4745306b,31,Work,dff3ea8a633741078d44526a401180e4,35,Work
1381,03/03/2020T14:10:00 ,2020-03-03,OW Transport,"(4055931.5178130977, 2950463.4801956057)",489fdfb228f24bf4aeabaa8aa63e404b,40,Work,db3a426af9f34b90b3f3b3f3b8e23ddc,44,Work
1382,03/03/2020T14:20:00 ,2020-03-03,OW Transport,"(4055931.5178130977, 2950463.4801956057)",0657d395967b41f69a239bfb3c6804da,34,Work,dff3ea8a633741078d44526a401180e4,35,Work
1382,03/03/2020T14:20:00 ,2020-03-03,OW ICT,"(4038124.8254480036, 2950113.3998562694)",7f3fbad50f2b4d4295646fe5213867b0,33,Work,2a4379fa4f23436f844921324cf9384e,41,Work
1382,03/03/2020T14:20:00 ,2020-03-03,OW Finance,"(4029886.132004339, 2940983.312252022)",bdec4764d7da49c9a6f9a0ac3580f4f0,36,Work,67c3971c2a854f928125f2c601bda1e0,33,Work
1383,03/03/2020T14:30:00 ,2020-03-03,OW Manufacturing,"(4041994.9357273723, 2949416.2223347416)",aa2f34f54fb44b49a65dece66865951b,32,Work,846e815b6dae4fb6bb2f86af0c6678bc,52,Work
1383,03/03/2020T14:30:00 ,2020-03-03,OW Manufacturing,"(4041994.9357273723, 2949416.2223347416)",ea80728194044b51a9c727a806b52805,26,Work,b16b905fc2274728b17e6c5d0e9875b5,57,Work
1383,03/03/2020T14:30:00 ,2020-03-03,OW Manufacturing,"(4033152.122280112, 2937616.4047832955)",3d25bf074833476caa464792879fc9b1,62,Work,6d304da1b1b7477794959b2f2a04159c,53,Work
1383,03/03/2020T14:30:00 ,2020-03-03,OW Finance,"(4023314.6408982556, 2946277.926834426)",3f2198ada7ad4d6e8ac03289603c75b0,48,Work,1a5feb838cd84129843acfa0bbc79ddc,42,Work
1383,03/03/2020T14:30:00 ,2020-03-03,OW Finance,"(4029886.132004339, 2940983.312252022)",e15dd65dfbd5480280ed41e16b36753f,43,Work,2176b10c51614163935034eae6fe1833,53,Work
1383,03/03/2020T14:30:00 ,2020-03-03,OW Administration,"(4037093.952595035, 2937035.4484564867)",7da845b534564f1f929af166720f3fe5,43,Work,7162e0d01d5e4e3cb264a6c4f12225b4,63,Work
1385,03/03/2020T14:50:00 ,2020-03-03,OW Finance,"(4023314.6408982556, 2946277.926834426)",3472da9e0604499ca1c0326020a376d0,55,Work,1a5feb838cd84129843acfa0bbc79ddc,42,Work
1385,03/03/2020T14:50:00 ,2020-03-03,OW Finance,"(4023314.6408982556, 2946277.926834426)",d7ef348aa5024e9f8e8648b39bd75092,27,Work,1a5feb838cd84129843acfa0bbc79ddc,42,Work
1386,03/03/2020T15:00:00 ,2020-03-03,OW ICT,"(4038124.8254480036, 2950113.3998562694)",81190d5ba89d4925bbdcaf852247e184,55,Work,d01b493821014195a11d2f27a2d12eab,52,Work
1386,03/03/2020T15:00:00 ,2020-03-03,OW Administration,"(4037093.952595035, 2937035.4484564867)",b57155cd24834e8a84b391d9c08d6b6d,59,Work,839bc4a604ff4ab99ffd06d8824dda0e,45,Work
1386,03/03/2020T15:00:00 ,2020-03-03,Hotel,"(4039845.6103672986, 2941449.460067877)",4d39941c85f047aead4490f8697e0aa7,30,Work,fd72c995b4b844fbb67dbe3158b5aa67,56,Work
1387,03/03/2020T15:10:00 ,2020-03-03,OW Transport,"(4055931.5178130977, 2950463.4801956057)",12f91725586c446eba80a422ef48e32b,33,Work,177a7649916f4bd7a5993f42296cca8d,44,Work
1387,03/03/2020T15:10:00 ,2020-03-03,OW Finance,"(4023314.6408982556, 2946277.926834426)",9df45b91da83401397c8763aa3d969fb,23,Work,12477f1879aa4e0793b389e00bae317c,33,Work
1387,03/03/2020T15:10:00 ,2020-03-03,OW Finance,"(4029886.132004339, 2940983.312252022)",ab65fffdf7cd486790f5b031ffb3bad5,28,Work,6f083d67427f49d38cc74109325c8556,20,Work
1388,03/03/2020T15:20:00 ,2020-03-03,OW Manufacturing,"(4041994.9357273723, 2949416.2223347416)",4acdce6292ab4a729fe4001dab0c9e8d,23,Work,b26d31d2c3334eb0890123d0bb6d5ed9,64,Work
1388,03/03/2020T15:20:00 ,2020-03-03,OW Manufacturing,"(4033152.122280112, 2937616.4047832955)",7c4e817995b14cb0a5836ccc93008a48,58,Work,758cd77c24d94f4b9f96028a8e1c345b,25,Work
1388,03/03/2020T15:20:00 ,2020-03-03,OW Transport,"(4055931.5178130977, 2950463.4801956057)",a55085530bc64a8c921d5a21b1b00aaf,27,Work,dff3ea8a633741078d44526a401180e4,35,Work
1388,03/03/2020T15:20:00 ,2020-03-03,OW Transport,"(4055931.5178130977, 2950463.4801956057)",31c55e18df104eb282abd9161a6ec279,48,Work,3c590227819b481383bc30a84ed2e571,58,Work
1388,03/03/2020T15:20:00 ,2020-03-03,OW Finance,"(4023314.6408982556, 2946277.926834426)",00d5c7db567c4a82a56b27a6d37ad886,43,Work,12477f1879aa4e0793b389e00bae317c,33,Work
1389,03/03/2020T15:30:00 ,2020-03-03,Care Home,"(4039528.9994623875, 2952253.717866595)",47b6cf106f44458db2ae2eca1e3a4be2,22,Work,c451fe2077cc42a2abe341325721a3c5,95,House
1389,03/03/2020T15:30:00 ,2020-03-03,OW Manufacturing,"(4041994.9357273723, 2949416.2223347416)",336538ee2f39496f8fc741bbfd72c14b,58,Work,b27abbdfd8264e31973cb221ea360197,1,Work
1389,03/03/2020T15:30:00 ,2020-03-03,OW ICT,"(4038124.8254480036, 2950113.3998562694)",6e58aa4e85c644388bb715dbaa3c889d,54,Work,64a6b8d9da374ab4be42039ade3b3c65,27,Work
1389,03/03/2020T15:30:00 ,2020-03-03,OW Finance,"(4029886.132004339, 2940983.312252022)",34cb9a6b5bf1413ebad6ff0d7174ca0a,45,Work,2176b10c51614163935034eae6fe1833,53,Work
1389,03/03/2020T15:30:00 ,2020-03-03,OW Administration,"(4037093.952595035, 2937035.4484564867)",61d50d214d1a40b78cf55e70b27e58d4,50,Work,ec3ba46492aa45b4a3bdb1af3ba5ea54,56,Work
1389,03/03/2020T15:30:00 ,2020-03-03,Shop,"(4055963.9195377654, 2958567.9134812946)",dee5247e1fd74746923a0b14eb303d82,42,Work,6d50fdf014f6450f8a7819f3210ced35,62,Shop
1390,03/03/2020T15:40:00 ,2020-03-03,OW Manufacturing,"(4041994.9357273723, 2949416.2223347416)",26805e857abd45d2b71e0613e98c0751,53,Work,079470acd5eb4d3cb1ad3e4848734000,57,Work
1390,03/03/2020T15:40:00 ,2020-03-03,OW Finance,"(4023314.6408982556, 2946277.926834426)",5e2ea49282ef42d4bc53f6cfd3c30f7e,35,Work,12477f1879aa4e0793b389e00bae317c,33,Work
1390,03/03/2020T15:40:00 ,2020-03-03,Shop,"(4055963.9195377654, 2958567.9134812946)",655c424e79b447eca1df980b534b0d5d,63,Shop,6d50fdf014f6450f8a7819f3210ced35,62,Shop
1391,03/03/2020T15:50:00 ,2020-03-03,OW ICT,"(4038124.8254480036, 2950113.3998562694)",eb1b63761e99407d8499a6e855d07904,23,Work,465eba76052644d391ebab46e37df5e2,25,Work
1391,03/03/2020T15:50:00 ,2020-03-03,OW Finance,"(4023314.6408982556, 2946277.926834426)",f70674ccdfdc4997abc913c93c88dca8,32,Work,5353f997703f4705883ba93ef7523c10,52,Work
1391,03/03/2020T15:50:00 ,2020-03-03,Indoor Sport,"(4050206.9476461597, 2951923.276650936)",6ad15cecec91476eae0c59167f44e982,26,Work,9b3a02da8b62419ebf1bbc61c57fea53,30,Work
1392,03/03/2020T16:00:00 ,2020-03-03,OW ICT,"(4038124.8254480036, 2950113.3998562694)",7c761dcf093f45939aa73635598ca255,41,Work,4669d64ce67a4a899e49e73585c0de44,26,Work
1392,03/03/2020T16:00:00 ,2020-03-03,OW Finance,"(4023314.6408982556, 2946277.926834426)",26c0e1754d0f4219ac720b90d6577345,31,Work,45aff487eace49fc81fa4b02496771fe,38,Work
1393,03/03/2020T16:10:00 ,2020-03-03,OW Manufacturing,"(4041994.9357273723, 2949416.2223347416)",149b11ff1e0546d1b8eb3d18e2c9c0e9,30,Work,846e815b6dae4fb6bb2f86af0c6678bc,52,Work
1393,03/03/2020T16:10:00 ,2020-03-03,OW Transport,"(4055931.5178130977, 2950463.4801956057)",55b3c4bd21eb4a3dbe7c876791ff4b7f,47,Work,babe7a51caeb45cdbce1832d4607be08,23,Work
1394,03/03/2020T16:20:00 ,2020-03-03,OW Finance,"(4023314.6408982556, 2946277.926834426)",656f79d430694802ac080bd738334056,39,Work,5d1155fb1b9349a584f50a51d9fe760e,43,Work
1394,03/03/2020T16:20:00 ,2020-03-03,OW Finance,"(4023314.6408982556, 2946277.926834426)",0700214902ee48aca0bbce8b2c9ff60c,25,Work,5353f997703f4705883ba93ef7523c10,52,Work
1394,03/03/2020T16:20:00 ,2020-03-03,OW Finance,"(4023314.6408982556, 2946277.926834426)",138c63ab101e400b995765796501bd5f,46,Work,49d3075c186b453d808032b905e0dc54,60,Work
1395,03/03/2020T16:30:00 ,2020-03-03,OW Manufacturing,"(4041994.9357273723, 2949416.2223347416)",9331ad23522a4ccf9d35beb813836bb8,58,Work,b16b905fc2274728b17e6c5d0e9875b5,57,Work
1395,03/03/2020T16:30:00 ,2020-03-03,OW Transport,"(4055931.5178130977, 2950463.4801956057)",268de597c0a34fd8b95dad45b3a5486d,49,Work,babe7a51caeb45cdbce1832d4607be08,23,Work
1395,03/03/2020T16:30:00 ,2020-03-03,OW ICT,"(4038124.8254480036, 2950113.3998562694)",d711632dffde44c6be933681774eba31,40,Work,2a4379fa4f23436f844921324cf9384e,41,Work
1395,03/03/2020T16:30:00 ,2020-03-03,OW Finance,"(4023314.6408982556, 2946277.926834426)",f23cf1538d1f40dda71e9a18e63c5fd6,30,Work,45aff487eace49fc81fa4b02496771fe,38,Work
1396,03/03/2020T16:40:00 ,2020-03-03,OW Manufacturing,"(4041994.9357273723, 2949416.2223347416)",5db546213ca042e7a667b098d8077f8f,38,Work,b26d31d2c3334eb0890123d0bb6d5ed9,64,Work
1396,03/03/2020T16:40:00 ,2020-03-03,OW ICT,"(4038124.8254480036, 2950113.3998562694)",6b8f6f98d3ea41d7b3607cf91e4506b7,41,Work,4669d64ce67a4a899e49e73585c0de44,26,Work
1396,03/03/2020T16:40:00 ,2020-03-03,Hotel,"(4039845.6103672986, 2941449.460067877)",551e7e5e35fa4ae4b8033fc19c515391,47,Work,cceb87b54bd94fd39f5499c9eb9268be,28,Work
1397,03/03/2020T16:50:00 ,2020-03-03,OW Transport,"(4055931.5178130977, 2950463.4801956057)",50bfba5295084169ab86b6ccb02b5d4a,25,Work,4beddb89ebcc4c49a9444590d7f06fd1,64,Work
1398,03/03/2020T17:00:00 ,2020-03-03,Care Home,"(4039528.9994623875, 2952253.717866595)",517c6a167bd94fea8abee02bbeb36992,95,House,1bef945328d84dbdad03e2d0b577eaa7,26,Work
1398,03/03/2020T17:00:00 ,2020-03-03,OW Finance,"(4023314.6408982556, 2946277.926834426)",04bef2427b864c92a47f393b53ea2cde,23,Work,303b73a19fbb4450ad5c04497e7beb13,27,Work
1398,03/03/2020T17:00:00 ,2020-03-03,Hotel,"(4039845.6103672986, 2941449.460067877)",89688a732b854debadaf93420d536b9e,36,Work,cceb87b54bd94fd39f5499c9eb9268be,28,Work
1399,03/03/2020T17:10:00 ,2020-03-03,OW Transport,"(4055931.5178130977, 2950463.4801956057)",a6859048edc041498248c19d7e219d1e,61,Work,dff3ea8a633741078d44526a401180e4,35,Work
1399,03/03/2020T17:10:00 ,2020-03-03,OW Transport,"(4055931.5178130977, 2950463.4801956057)",b240209672774d88b24ef72ded56d075,31,Work,3c590227819b481383bc30a84ed2e571,58,Work
1399,03/03/2020T17:10:00 ,2020-03-03,OW ICT,"(4038124.8254480036, 2950113.3998562694)",fe530acd14374ca18f4cb70e1ec911a1,45,Work,837787604de4490a87e5e86c0fc7f736,43,Work
1400,03/03/2020T17:20:00 ,2020-03-03,OW ICT,"(4038124.8254480036, 2950113.3998562694)",a1888014e4ad40b89a0e6471911fd3bc,40,Work,4669d64ce67a4a899e49e73585c0de44,26,Work
1408,03/03/2020T18:40:00 ,2020-03-03,Secondary School,"(4023572.0606558337, 2941851.910132927)",faf8fff2033142b4869adaeb8a86b89b,33,School,5731d496fd374e6eb3a37df970ec0277,39,School
1411,03/03/2020T19:10:00 ,2020-03-03,OW Finance,"(4029886.132004339, 2940983.312252022)",88e69758cb2d4edf8c468bd7a581478a,31,Work,ed95081ed51648d4980e078b35c61852,36,Work
1419,03/03/2020T20:30:00 ,2020-03-03,Cinema or Theatre,"(4029879.4130879384, 2939274.739410847)",6bb65c7e93134fab8ed052bd35a06489,61,Cinema or Theatre,6d50fdf014f6450f8a7819f3210ced35,62,Cinema or Theatre
1420,03/03/2020T20:40:00 ,2020-03-03,House,"(4036716.5581838796, 2939169.0699676643)",13f2cade10d646239f0ea7037d52f705,54,House,3c590227819b481383bc30a84ed2e571,58,House
1426,03/03/2020T21:40:00 ,2020-03-03,Cinema or Theatre,"(4029879.4130879384, 2939274.739410847)",80cda018b35c424fb810e204dae8d442,63,Cinema or Theatre,6d50fdf014f6450f8a7819f3210ced35,62,Cinema or Theatre
1480,03/04/2020T06:40:00 ,2020-03-04,House,"(4047434.8861495666, 2951795.551385312)",7f247685bccb412bbf5d1be990a9527a,13,House,b89e35668498467f8b87202e28faaf19,51,House
1486,03/04/2020T07:40:00 ,2020-03-04,OW Transport,"(4055931.5178130977, 2950463.4801956057)",5646d554da2944f5ad705bd13baaeb40,29,Work,11dc0e26df0f40cba19d269e0ad53224,54,Work
1487,03/04/2020T07:50:00 ,2020-03-04,OW Transport,"(4055931.5178130977, 2950463.4801956057)",4c5ae22782534f40a617b69b239cfe0c,43,Work,177a7649916f4bd7a5993f42296cca8d,44,Work
1487,03/04/2020T07:50:00 ,2020-03-04,OW Transport,"(4055931.5178130977, 2950463.4801956057)",a43b0128d257474ca6b396725ff46d6a,62,Work,177a7649916f4bd7a5993f42296cca8d,44,Work
1487,03/04/2020T07:50:00 ,2020-03-04,Public Transport,"(4058438.159460785, 2943449.9721603957)",685a88d7800442aa95574c44b3f5b1c1,17,Public Transport,17e46f878a97462cb9ce85dbc227ec63,8,Public Transport
1488,03/04/2020T08:00:00 ,2020-03-04,OW Manufacturing,"(4041994.9357273723, 2949416.2223347416)",163bbe92a3cd4eeeac79c85094820865,52,Work,846e815b6dae4fb6bb2f86af0c6678bc,52,Work
1488,03/04/2020T08:00:00 ,2020-03-04,OW Transport,"(4055931.5178130977, 2950463.4801956057)",6cbab4f33b834cf9a3567287800495e9,63,Work,5b6d60e308b34ed597259874ec76cec7,22,Work
1488,03/04/2020T08:00:00 ,2020-03-04,OW ICT,"(4038124.8254480036, 2950113.3998562694)",163bedcef7ec4bf0a14c52876b516040,40,Work,ee4e93e2030e4bfaa70d31a1a59d90ce,36,Work
1488,03/04/2020T08:00:00 ,2020-03-04,OW Finance,"(4029886.132004339, 2940983.312252022)",a17d1c3a268e439ab3adca03f0b95b9d,38,Work,9ff25d8c60d54014bc1ed662efbf1ca7,52,Work
1489,03/04/2020T08:10:00 ,2020-03-04,OW Manufacturing,"(4041994.9357273723, 2949416.2223347416)",511ce21fc8ce4ae3bad23b5d0b5cd769,25,Work,740a6968a4234508b54e7d3b4193268c,33,Work
1490,03/04/2020T08:20:00 ,2020-03-04,OW Manufacturing,"(4041994.9357273723, 2949416.2223347416)",10da93b4adc34b128cb48f198dd78b59,28,Work,0d033b3a9e704583989cf4e698506903,18,Work
1490,03/04/2020T08:20:00 ,2020-03-04,OW Manufacturing,"(4041994.9357273723, 2949416.2223347416)",58674bde8fbc467faf600ccc5a12501a,46,Work,d31df8364ffb4b5c973aab51a6bfa7a0,54,Work
1490,03/04/2020T08:20:00 ,2020-03-04,OW ICT,"(4038124.8254480036, 2950113.3998562694)",47890ee418e74978bfa4cbb0ac5c5007,23,Work,50f5abc86b144a3889e1ef86eedfae6b,44,Work
1491,03/04/2020T08:30:00 ,2020-03-04,Care Home,"(4039528.9994623875, 2952253.717866595)",60278611b6334d25b958eee1972cd72e,19,Work,dd41c45c6b0e4895bcc91cbe52fb5989,46,Work
1491,03/04/2020T08:30:00 ,2020-03-04,OW Manufacturing,"(4033152.122280112, 2937616.4047832955)",dffac714f8f842588f26d6d45ee3853e,58,Work,4fb304f38a8d471c8885124a38a957e4,56,Work
1492,03/04/2020T08:40:00 ,2020-03-04,OW Manufacturing,"(4041994.9357273723, 2949416.2223347416)",8919eea94b204a3b81f74c035e406edf,40,Work,d31df8364ffb4b5c973aab51a6bfa7a0,54,Work
1492,03/04/2020T08:40:00 ,2020-03-04,OW ICT,"(4038124.8254480036, 2950113.3998562694)",cc6f67978cc045f58e2c885cacb55b30,63,Work,2a4379fa4f23436f844921324cf9384e,41,Work
1492,03/04/2020T08:40:00 ,2020-03-04,OW Finance,"(4023314.6408982556, 2946277.926834426)",b19748e1b35a41d1a0b4f45990f1e403,18,Work,12477f1879aa4e0793b389e00bae317c,33,Work
1493,03/04/2020T08:50:00 ,2020-03-04,OW Transport,"(4055931.5178130977, 2950463.4801956057)",d26c61e5e72140b388d5d298412ad3e6,50,Work,3c590227819b481383bc30a84ed2e571,58,Work
1494,03/04/2020T09:00:00 ,2020-03-04,OW Manufacturing,"(4041994.9357273723, 2949416.2223347416)",da65a822898d4f1a85c5e743cf3b1756,51,Work,d31df8364ffb4b5c973aab51a6bfa7a0,54,Work
1494,03/04/2020T09:00:00 ,2020-03-04,OW Finance,"(4029886.132004339, 2940983.312252022)",993c081f97604707984fcbc61be351d3,26,Work,c447aa251e48462baad1a0bacbcd132a,24,Work
1495,03/04/2020T09:10:00 ,2020-03-04,OW Manufacturing,"(4041994.9357273723, 2949416.2223347416)",0882049ba78a45cfab4b319fcb1597d1,59,Work,b27abbdfd8264e31973cb221ea360197,1,Work
1495,03/04/2020T09:10:00 ,2020-03-04,OW ICT,"(4038124.8254480036, 2950113.3998562694)",43a2619f2ce24c9a98e0872b201055db,30,Work,ee4e93e2030e4bfaa70d31a1a59d90ce,36,Work
1495,03/04/2020T09:10:00 ,2020-03-04,Hotel,"(4039845.6103672986, 2941449.460067877)",ac753b8b6e0942a2876727a16aa60275,30,Work,e63c1a8321144457b2744fc08e6614eb,46,Work
1495,03/04/2020T09:10:00 ,2020-03-04,Hotel,"(4039845.6103672986, 2941449.460067877)",7f853aa307554cc2a74c53ffbb5218a7,36,Work,93d0dc1a7e0c43169ff2f945d419a7b5,38,Work
1496,03/04/2020T09:20:00 ,2020-03-04,Care Home,"(4039528.9994623875, 2952253.717866595)",4a9be9e4e57f468fbf94c8117c415b6f,92,House,b8f07722c09a4823a7fc4cad57bd2755,55,Work
1496,03/04/2020T09:20:00 ,2020-03-04,OW ICT,"(4038124.8254480036, 2950113.3998562694)",321d9b3700f84aecb2e1ec934a02bd00,48,Work,2a4379fa4f23436f844921324cf9384e,41,Work
1497,03/04/2020T09:30:00 ,2020-03-04,Care Home,"(4039528.9994623875, 2952253.717866595)",de88887a13454932b227d87a8a4bb5ca,25,Work,b8f07722c09a4823a7fc4cad57bd2755,55,Work
1497,03/04/2020T09:30:00 ,2020-03-04,OW Manufacturing,"(4033152.122280112, 2937616.4047832955)",af3c808bf12345a7a9d2cbf5d28c5990,35,Work,4fb304f38a8d471c8885124a38a957e4,56,Work
1497,03/04/2020T09:30:00 ,2020-03-04,OW ICT,"(4038124.8254480036, 2950113.3998562694)",bc1c00aadfb24adb825a00d9048f3316,39,Work,ee4e93e2030e4bfaa70d31a1a59d90ce,36,Work
1498,03/04/2020T09:40:00 ,2020-03-04,Care Home,"(4039528.9994623875, 2952253.717866595)",0833d66c307a4393bea5270547dc3778,24,Work,1bef945328d84dbdad03e2d0b577eaa7,26,Work
1498,03/04/2020T09:40:00 ,2020-03-04,OW Manufacturing,"(4041994.9357273723, 2949416.2223347416)",0e05ff9f970d4f1bbe4442b08ed369d8,34,Work,23b53bce620749598aad707b6ad982b1,52,Work
1498,03/04/2020T09:40:00 ,2020-03-04,OW Transport,"(4055931.5178130977, 2950463.4801956057)",296d98131b3843f694335a11411255a0,39,Work,dff3ea8a633741078d44526a401180e4,35,Work
1498,03/04/2020T09:40:00 ,2020-03-04,OW Finance,"(4029886.132004339, 2940983.312252022)",7795c99fa7e3493a8925e2cebfaa5321,18,Work,67c3971c2a854f928125f2c601bda1e0,33,Work
1499,03/04/2020T09:50:00 ,2020-03-04,OW Transport,"(4055931.5178130977, 2950463.4801956057)",6241374f8bac4e19a5da6b8c1d08792b,54,Work,4cc1e426a3274d5fb8c86662fc90deb7,51,Work
1499,03/04/2020T09:50:00 ,2020-03-04,OW Transport,"(4055931.5178130977, 2950463.4801956057)",0b6147d7e1be4f53888e22c9178b316a,29,Work,177a7649916f4bd7a5993f42296cca8d,44,Work
1499,03/04/2020T09:50:00 ,2020-03-04,OW Transport,"(4055931.5178130977, 2950463.4801956057)",597020ec77be4aed8a57fbff4b449ee0,29,Work,f15dfae19425448baf2233b429fbf415,23,Work
1499,03/04/2020T09:50:00 ,2020-03-04,OW Transport,"(4055931.5178130977, 2950463.4801956057)",00af8bfa6ee5495080aa92306f0117e5,47,Work,4cc1e426a3274d5fb8c86662fc90deb7,51,Work
1499,03/04/2020T09:50:00 ,2020-03-04,OW Administration,"(4037093.952595035, 2937035.4484564867)",11b39aa79b834cc3a9a6ea1d1cea08da,52,Work,7162e0d01d5e4e3cb264a6c4f12225b4,63,Work
1500,03/04/2020T10:00:00 ,2020-03-04,OW Manufacturing,"(4041994.9357273723, 2949416.2223347416)",64a3e90aa3084ae28b1c0def0fd7ff9a,62,Work,26805e857abd45d2b71e0613e98c0751,53,Work
1500,03/04/2020T10:00:00 ,2020-03-04,OW Manufacturing,"(4041994.9357273723, 2949416.2223347416)",a3a40ec74012496397ebdfd9b79a6cdb,41,Work,d31df8364ffb4b5c973aab51a6bfa7a0,54,Work
1500,03/04/2020T10:00:00 ,2020-03-04,Hotel,"(4039845.6103672986, 2941449.460067877)",b8544bb691c24301b5bf44b6874d1847,32,Work,bcadbc7d20fa43cd9bbb3c568c9512bf,44,Work
1501,03/04/2020T10:10:00 ,2020-03-04,OW Manufacturing,"(4041994.9357273723, 2949416.2223347416)",cfffd889387740c299232da8be68c739,44,Work,0d033b3a9e704583989cf4e698506903,18,Work
1501,03/04/2020T10:10:00 ,2020-03-04,OW ICT,"(4038124.8254480036, 2950113.3998562694)",118ee78be1c54f289cc0b1f092bb49da,50,Work,2a4379fa4f23436f844921324cf9384e,41,Work
1501,03/04/2020T10:10:00 ,2020-03-04,Hotel,"(4039845.6103672986, 2941449.460067877)",47782099da5c456494ab7acd096bd963,49,Work,5dbd8376b1cf4fae890616d35c20d308,44,Work
1502,03/04/2020T10:20:00 ,2020-03-04,OW Manufacturing,"(4033152.122280112, 2937616.4047832955)",3d569ca2aeba4c9aaaa3d228ff02ed7e,47,Work,c152db52fc6846bab5c18ee10cefd45f,61,Work
1502,03/04/2020T10:20:00 ,2020-03-04,OW ICT,"(4038124.8254480036, 2950113.3998562694)",7f0ecbf7649e4000ac326b9a843e60f4,54,Work,465eba76052644d391ebab46e37df5e2,25,Work
1502,03/04/2020T10:20:00 ,2020-03-04,OW Finance,"(4023314.6408982556, 2946277.926834426)",98dd882cea884b7b986e7dd09f2c91c1,34,Work,12477f1879aa4e0793b389e00bae317c,33,Work
1502,03/04/2020T10:20:00 ,2020-03-04,OW Finance,"(4023314.6408982556, 2946277.926834426)",964f32a5d257417c8f641a8529da9926,36,Work,5353f997703f4705883ba93ef7523c10,52,Work
1502,03/04/2020T10:20:00 ,2020-03-04,OW Administration,"(4037093.952595035, 2937035.4484564867)",d95ed15a62504a3b877ce91a13c96067,32,Work,7162e0d01d5e4e3cb264a6c4f12225b4,63,Work
1503,03/04/2020T10:30:00 ,2020-03-04,OW Manufacturing,"(4041994.9357273723, 2949416.2223347416)",94f194dce2f9420c8e35993c8593b652,33,Work,079470acd5eb4d3cb1ad3e4848734000,57,Work
1503,03/04/2020T10:30:00 ,2020-03-04,OW Transport,"(4055931.5178130977, 2950463.4801956057)",cc7651e21e2147f5b1bc7f14789385fc,24,Work,5b6d60e308b34ed597259874ec76cec7,22,Work
1503,03/04/2020T10:30:00 ,2020-03-04,OW ICT,"(4038124.8254480036, 2950113.3998562694)",c6879deccef54d0c95568e9049c0224a,32,Work,4669d64ce67a4a899e49e73585c0de44,26,Work
1503,03/04/2020T10:30:00 ,2020-03-04,OW ICT,"(4038124.8254480036, 2950113.3998562694)",427ef416d5a748a58de2fcb438f68e6c,51,Work,738f7fb8b92946cb8c86566687efd015,24,Work
1503,03/04/2020T10:30:00 ,2020-03-04,OW ICT,"(4038124.8254480036, 2950113.3998562694)",469b8f35c882460481f36dbc090c3548,33,Work,57f104cecc9a4d04a8db0fdca817c0bb,42,Work
1503,03/04/2020T10:30:00 ,2020-03-04,OW ICT,"(4038124.8254480036, 2950113.3998562694)",bb79e10344f8404e8beef4eeaa1deab6,40,Work,2a4379fa4f23436f844921324cf9384e,41,Work
1503,03/04/2020T10:30:00 ,2020-03-04,OW Finance,"(4029886.132004339, 2940983.312252022)",6e0f979bf66b48b1b2fba5074ce8b1e6,30,Work,6c5c42fee0614e6eb4b7eba162710169,60,Work
1505,03/04/2020T10:50:00 ,2020-03-04,OW Manufacturing,"(4041994.9357273723, 2949416.2223347416)",01e1c0ff53a24e8ba2eafc4e2a1deadd,42,Work,0d033b3a9e704583989cf4e698506903,18,Work
1505,03/04/2020T10:50:00 ,2020-03-04,OW Manufacturing,"(4041994.9357273723, 2949416.2223347416)",1e78e45bdef645dd80ce74b7fd881f5d,38,Work,23b53bce620749598aad707b6ad982b1,52,Work
1505,03/04/2020T10:50:00 ,2020-03-04,OW ICT,"(4038124.8254480036, 2950113.3998562694)",82634ae35e42460c9b219c52a0199bef,29,Work,50f5abc86b144a3889e1ef86eedfae6b,44,Work
1505,03/04/2020T10:50:00 ,2020-03-04,Secondary School,"(4038231.4573233607, 2941585.605677152)",e305e65f87334720a25bb3152541a287,49,Work,5f8bd1d55c1148a4a4cbfd9bec3676b2,26,School
1506,03/04/2020T11:00:00 ,2020-03-04,OW Manufacturing,"(4041994.9357273723, 2949416.2223347416)",24c6ab8614184bb2a38fbcfd5b9925aa,47,Work,19da17d9f7b046b6809924ba06a22a8b,49,Work
1506,03/04/2020T11:00:00 ,2020-03-04,OW Manufacturing,"(4041994.9357273723, 2949416.2223347416)",e6d3b842e4d9405e8ecc98f788d4fd39,62,Work,19da17d9f7b046b6809924ba06a22a8b,49,Work
1506,03/04/2020T11:00:00 ,2020-03-04,OW Manufacturing,"(4041994.9357273723, 2949416.2223347416)",ccaac710b270447f9d44c9b860b276d8,40,Work,e932be3074bf4809b8a57680ac329a03,31,Work
1506,03/04/2020T11:00:00 ,2020-03-04,OW Manufacturing,"(4041994.9357273723, 2949416.2223347416)",ca20ef88991a4f49b35a1f4df0bdbde8,25,Work,b27abbdfd8264e31973cb221ea360197,1,Work
1507,03/04/2020T11:10:00 ,2020-03-04,OW Finance,"(4023314.6408982556, 2946277.926834426)",840df5e01a504c439290d38a875eb28f,34,Work,49d3075c186b453d808032b905e0dc54,60,Work
1507,03/04/2020T11:10:00 ,2020-03-04,Indoor Sport,"(4050206.9476461597, 2951923.276650936)",e7873f9d3d7044d1bde437c1211b95f9,35,Work,9b3a02da8b62419ebf1bbc61c57fea53,30,Work
1508,03/04/2020T11:20:00 ,2020-03-04,OW Manufacturing,"(4033152.122280112, 2937616.4047832955)",ee87411a64a4490fa394792d6c479014,48,Work,4fb304f38a8d471c8885124a38a957e4,56,Work
1508,03/04/2020T11:20:00 ,2020-03-04,OW Transport,"(4039385.8012878024, 2979458.8174780845)",1ceaa080706e4c1aac43bd14602f42e8,46,Work,a2bc6da7ba5a45ed848ce3c6520b27b4,50,Work
1508,03/04/2020T11:20:00 ,2020-03-04,OW ICT,"(4038124.8254480036, 2950113.3998562694)",627138d13c3c453288f0241bc935057d,63,Work,488097e474344bbba6c5dead79f09143,40,Work
1508,03/04/2020T11:20:00 ,2020-03-04,OW ICT,"(4038124.8254480036, 2950113.3998562694)",12491e894a8243df9bc9575c58342164,35,Work,ee4e93e2030e4bfaa70d31a1a59d90ce,36,Work
1508,03/04/2020T11:20:00 ,2020-03-04,OW Finance,"(4029886.132004339, 2940983.312252022)",c3e1fef490314fe4b7f1096a2cfbec1b,23,Work,1da17b546e054f99a534267c9b26a8b3,55,Work
1509,03/04/2020T11:30:00 ,2020-03-04,OW Manufacturing,"(4041994.9357273723, 2949416.2223347416)",0e239c5bb4dd4f848711428423f19581,69,Work,079470acd5eb4d3cb1ad3e4848734000,57,Work
1509,03/04/2020T11:30:00 ,2020-03-04,OW Manufacturing,"(4041994.9357273723, 2949416.2223347416)",73043f8a4e3042bab9eca0943b4bb602,37,Work,26805e857abd45d2b71e0613e98c0751,53,Work
1509,03/04/2020T11:30:00 ,2020-03-04,OW Finance,"(4023314.6408982556, 2946277.926834426)",70eee025fee04fb18c8fef325874b86e,31,Work,03c06282dd474a8296e4fa1994bb6042,48,Work
1510,03/04/2020T11:40:00 ,2020-03-04,Care Home,"(4039528.9994623875, 2952253.717866595)",f0d1dcc7d57c4c61a2c239de15a2e296,32,Work,dd41c45c6b0e4895bcc91cbe52fb5989,46,Work
1510,03/04/2020T11:40:00 ,2020-03-04,OW Manufacturing,"(4033152.122280112, 2937616.4047832955)",a5fb7fbf24ae4b7c82da7a0635906fb8,30,Work,6d304da1b1b7477794959b2f2a04159c,53,Work
1510,03/04/2020T11:40:00 ,2020-03-04,OW Transport,"(4055931.5178130977, 2950463.4801956057)",2a334730aed346f3bf87bb038253d199,4,Work,3c590227819b481383bc30a84ed2e571,58,Work
1510,03/04/2020T11:40:00 ,2020-03-04,OW Transport,"(4055931.5178130977, 2950463.4801956057)",7b2402c6666e4d31854573264ac53165,56,Work,11dc0e26df0f40cba19d269e0ad53224,54,Work
1510,03/04/2020T11:40:00 ,2020-03-04,OW Finance,"(4029886.132004339, 2940983.312252022)",ca1780ef9d1f4f29b7932c859a73e52b,10,Work,5731d496fd374e6eb3a37df970ec0277,39,Work
1511,03/04/2020T11:50:00 ,2020-03-04,OW Transport,"(4055931.5178130977, 2950463.4801956057)",ec4739c86a814da2aae3a2c4eff15003,49,Work,3c590227819b481383bc30a84ed2e571,58,Work
1511,03/04/2020T11:50:00 ,2020-03-04,OW Transport,"(4055931.5178130977, 2950463.4801956057)",31d54221ea2b4c1cab92117009f3c326,41,Work,4cc1e426a3274d5fb8c86662fc90deb7,51,Work
1512,03/04/2020T12:00:00 ,2020-03-04,OW Manufacturing,"(4041994.9357273723, 2949416.2223347416)",1e54c44663b54847afc092209a5f4b6a,40,Work,e932be3074bf4809b8a57680ac329a03,31,Work
1512,03/04/2020T12:00:00 ,2020-03-04,OW Manufacturing,"(4033152.122280112, 2937616.4047832955)",e45aa2ced8734d1cad01aaf5b517ba63,50,Work,4fb304f38a8d471c8885124a38a957e4,56,Work
1512,03/04/2020T12:00:00 ,2020-03-04,OW ICT,"(4038124.8254480036, 2950113.3998562694)",fcf926837a3c4062a856ec5c103221d2,39,Work,3799258ae01f4a3bb1ba8378d9b38e99,39,Work
1513,03/04/2020T12:10:00 ,2020-03-04,OW Finance,"(4029886.132004339, 2940983.312252022)",71afc68dd8e441c090577e807d159fb6,25,Work,6f083d67427f49d38cc74109325c8556,20,Work
1514,03/04/2020T12:20:00 ,2020-03-04,OW Manufacturing,"(4041994.9357273723, 2949416.2223347416)",eda410f46823409dabf925ec92a39e46,43,Work,808dfb01d6f546eea2666af982fd731d,40,Work
1514,03/04/2020T12:20:00 ,2020-03-04,OW Finance,"(4023314.6408982556, 2946277.926834426)",961f3c1ad9954b1589418183091eed6c,43,Work,d79a763086724d9e88f4b0997a837817,25,Work
1514,03/04/2020T12:20:00 ,2020-03-04,OW Finance,"(4023314.6408982556, 2946277.926834426)",04e9d8ee0dea43fe89878bbe45186ee4,45,Work,ce604b7db76247aba83bf7c861627f16,38,Work
1514,03/04/2020T12:20:00 ,2020-03-04,OW Other Services,"(4041043.900585172, 2952821.0993778985)",8ba99ba307e0439e9dc04dcd80502fd0,28,Work,6d9abf21e6354f84b528f6992461c0a3,21,Work
1515,03/04/2020T12:30:00 ,2020-03-04,OW Manufacturing,"(4041994.9357273723, 2949416.2223347416)",a1a99aa684364e4589359337a5897c90,22,Work,740a6968a4234508b54e7d3b4193268c,33,Work
1515,03/04/2020T12:30:00 ,2020-03-04,OW Manufacturing,"(4033152.122280112, 2937616.4047832955)",837a26b79e68487babb41135f7c841a6,45,Work,c152db52fc6846bab5c18ee10cefd45f,61,Work
1515,03/04/2020T12:30:00 ,2020-03-04,OW Transport,"(4055931.5178130977, 2950463.4801956057)",de950b99bb734a1a8da0046287c38df7,56,Work,f15dfae19425448baf2233b429fbf415,23,Work
1516,03/04/2020T12:40:00 ,2020-03-04,OW Manufacturing,"(4041994.9357273723, 2949416.2223347416)",96666ecae260412a86b68886f341935f,56,Work,0e44d86410234dd1bce8fad27bc8855c,42,Work
1516,03/04/2020T12:40:00 ,2020-03-04,OW Transport,"(4055931.5178130977, 2950463.4801956057)",7fd4ae82c34b4ac0a91e907c136574d2,40,Work,3c590227819b481383bc30a84ed2e571,58,Work
1516,03/04/2020T12:40:00 ,2020-03-04,OW Finance,"(4023314.6408982556, 2946277.926834426)",e8fe4c6fc3ad4f8dbbf38722f91717a1,35,Work,1a5feb838cd84129843acfa0bbc79ddc,42,Work
1517,03/04/2020T12:50:00 ,2020-03-04,Care Home,"(4039528.9994623875, 2952253.717866595)",e3818464f9004e9ab46ec48f71642f08,95,Car,7b019043e8144670a307bd752da79cb9,94,House
1517,03/04/2020T12:50:00 ,2020-03-04,OW Manufacturing,"(4041994.9357273723, 2949416.2223347416)",94229b9696fd45bd9da65bb1a9d6350b,56,Work,db785e4a60424d6bb6d11e398c25bd02,32,Work
1517,03/04/2020T12:50:00 ,2020-03-04,OW Transport,"(4055931.5178130977, 2950463.4801956057)",69bde79eedff4392b7af606e7dbeb722,29,Work,9edb588563ff4144ac855a7d3c0c6f09,49,Work
1517,03/04/2020T12:50:00 ,2020-03-04,OW Finance,"(4023314.6408982556, 2946277.926834426)",242b873ae6a243579b5deecd02a8a8db,50,Work,9c0f8549a6664336940eb8bab027fb5b,42,Work
1518,03/04/2020T13:00:00 ,2020-03-04,Care Home,"(4039528.9994623875, 2952253.717866595)",c172db64d7ec40d6845f73d25b6761b6,24,Work,ed60d449d9524de289c4e4e1e26897a6,95,House
1518,03/04/2020T13:00:00 ,2020-03-04,OW Manufacturing,"(4033152.122280112, 2937616.4047832955)",af195a92eb89400d89501664f963520f,23,Work,4fb304f38a8d471c8885124a38a957e4,56,Work
1519,03/04/2020T13:10:00 ,2020-03-04,OW Transport,"(4055931.5178130977, 2950463.4801956057)",62b3b6c93e43449aaad447397dc31f3f,34,Work,e7748d2ce1a940578702a7de959d047f,28,Work
1519,03/04/2020T13:10:00 ,2020-03-04,OW Transport,"(4055931.5178130977, 2950463.4801956057)",6a9de098c1df428380cda019d3ead99e,44,Work,dff3ea8a633741078d44526a401180e4,35,Work
1519,03/04/2020T13:10:00 ,2020-03-04,OW ICT,"(4038124.8254480036, 2950113.3998562694)",f75b7d8a31ed4ea5981d21988b47b7d7,41,Work,837787604de4490a87e5e86c0fc7f736,43,Work
1519,03/04/2020T13:10:00 ,2020-03-04,Hotel,"(4039845.6103672986, 2941449.460067877)",c8f568ab22684216a20af0734b8b9323,34,Work,5dbd8376b1cf4fae890616d35c20d308,44,Work
1520,03/04/2020T13:20:00 ,2020-03-04,OW Manufacturing,"(4033152.122280112, 2937616.4047832955)",121e93fd62504fd9a97a10bd80435705,24,Work,c152db52fc6846bab5c18ee10cefd45f,61,Work
1520,03/04/2020T13:20:00 ,2020-03-04,Secondary School,"(4028941.945504558, 2972528.6090870015)",6c940b2d63974ec9a4f93b7fd4f81e4a,15,School,ca6b3223d4fb44d7a2a8b5336baf2d16,12,School
1521,03/04/2020T13:30:00 ,2020-03-04,OW Finance,"(4029886.132004339, 2940983.312252022)",01d5f98da56748819a08228d0b2e9eea,53,Work,67c3971c2a854f928125f2c601bda1e0,33,Work
1522,03/04/2020T13:40:00 ,2020-03-04,OW Manufacturing,"(4041994.9357273723, 2949416.2223347416)",172a3f85e2784c949573cbcea2ee48e3,23,Work,b26d31d2c3334eb0890123d0bb6d5ed9,64,Work
1522,03/04/2020T13:40:00 ,2020-03-04,OW Finance,"(4023314.6408982556, 2946277.926834426)",6030769fb4864ef69cd04942690c8798,53,Work,03c06282dd474a8296e4fa1994bb6042,48,Work
1522,03/04/2020T13:40:00 ,2020-03-04,OW Finance,"(4023314.6408982556, 2946277.926834426)",250092e2f00c432591069088395b45c3,37,Work,49d3075c186b453d808032b905e0dc54,60,Work
1522,03/04/2020T13:40:00 ,2020-03-04,Hotel,"(4039845.6103672986, 2941449.460067877)",7ef85b0868834953b26f711ab93f0e42,43,Work,93d0dc1a7e0c43169ff2f945d419a7b5,38,Work
1523,03/04/2020T13:50:00 ,2020-03-04,OW Manufacturing,"(4041994.9357273723, 2949416.2223347416)",a8b96b35478d44cdaa512fa29c5fa78d,35,Work,ae3e5a54cafb4139bc797dd060c0c990,55,Work
1523,03/04/2020T13:50:00 ,2020-03-04,OW Transport,"(4055931.5178130977, 2950463.4801956057)",38ea997fc659493b93ce3a8838ee3b10,44,Work,f9c3d7d98b374a1ca2f92c33d26157cb,21,Work
1523,03/04/2020T13:50:00 ,2020-03-04,OW ICT,"(4038124.8254480036, 2950113.3998562694)",a8591481d0394a4bb4c63ed43f84992a,38,Work,4669d64ce67a4a899e49e73585c0de44,26,Work
1523,03/04/2020T13:50:00 ,2020-03-04,OW ICT,"(4038124.8254480036, 2950113.3998562694)",b581516950a5423d86d2d4eea1c34c1a,39,Work,837787604de4490a87e5e86c0fc7f736,43,Work
1523,03/04/2020T13:50:00 ,2020-03-04,OW Finance,"(4029886.132004339, 2940983.312252022)",71ec7b4c981a4a68bf0a8ab5e5682782,32,Work,6c5c42fee0614e6eb4b7eba162710169,60,Work
1523,03/04/2020T13:50:00 ,2020-03-04,OW Finance,"(4029886.132004339, 2940983.312252022)",b52315c19fe4417aa7bb13f1b4139f33,28,Work,9ff25d8c60d54014bc1ed662efbf1ca7,52,Work
1523,03/04/2020T13:50:00 ,2020-03-04,Shop,"(4030853.6684093513, 2939596.475549419)",7f3f5ec6ed7b4ca2b940d3e533a802c7,38,Work,befdebb5690649da9ce0611577caf84b,50,Work
1524,03/04/2020T14:00:00 ,2020-03-04,OW Manufacturing,"(4041994.9357273723, 2949416.2223347416)",058ae0748d5646e19e010158b2d13e30,51,Work,846e815b6dae4fb6bb2f86af0c6678bc,52,Work
1524,03/04/2020T14:00:00 ,2020-03-04,OW Finance,"(4029886.132004339, 2940983.312252022)",fd526fd8e1e1468f898e77d0a546cdc4,34,Work,5731d496fd374e6eb3a37df970ec0277,39,Work
1525,03/04/2020T14:10:00 ,2020-03-04,Care Home,"(4039528.9994623875, 2952253.717866595)",14ca4bbc73ca4815b1f78c7dd2776015,29,Work,7b019043e8144670a307bd752da79cb9,94,House
1525,03/04/2020T14:10:00 ,2020-03-04,OW Manufacturing,"(4033152.122280112, 2937616.4047832955)",74648daef56040789e68677cf00c8713,54,Work,6d304da1b1b7477794959b2f2a04159c,53,Work
1525,03/04/2020T14:10:00 ,2020-03-04,OW ICT,"(4038124.8254480036, 2950113.3998562694)",1b7179c403cb4dd89237a67676bce550,30,Work,4669d64ce67a4a899e49e73585c0de44,26,Work
1525,03/04/2020T14:10:00 ,2020-03-04,OW Finance,"(4029886.132004339, 2940983.312252022)",781ca0a4c7c44f9cb6fd179790ccb030,40,Work,9ff25d8c60d54014bc1ed662efbf1ca7,52,Work
1526,03/04/2020T14:20:00 ,2020-03-04,OW Manufacturing,"(4041994.9357273723, 2949416.2223347416)",d0a7f359ef0f4bfeb2e9752dd420b8d9,24,Work,e932be3074bf4809b8a57680ac329a03,31,Work
1526,03/04/2020T14:20:00 ,2020-03-04,OW Finance,"(4023314.6408982556, 2946277.926834426)",83283bbdc9d64b578102e4b493f4820d,52,Work,d67ed9bc9a9f4fa4820f5777889ec809,38,Work
1526,03/04/2020T14:20:00 ,2020-03-04,Hotel,"(4039845.6103672986, 2941449.460067877)",acaaac9e8bf14a9e8843123dbc795ca7,42,Work,277ae4369f50485ab2a5779f5d2179b5,32,Work
1526,03/04/2020T14:20:00 ,2020-03-04,Hotel,"(4039845.6103672986, 2941449.460067877)",ec5c12a948af48cb8279a57be8533326,31,Work,e63c1a8321144457b2744fc08e6614eb,46,Work
1527,03/04/2020T14:30:00 ,2020-03-04,OW Finance,"(4029886.132004339, 2940983.312252022)",1183129cb8f245e29f4ad72222c2f16a,59,Work,5731d496fd374e6eb3a37df970ec0277,39,Work
1528,03/04/2020T14:40:00 ,2020-03-04,Care Home,"(4039528.9994623875, 2952253.717866595)",9586a5481aca4fd3bcbd51fee0b3f073,56,Work,ed60d449d9524de289c4e4e1e26897a6,95,Outdoor
1528,03/04/2020T14:40:00 ,2020-03-04,Hotel,"(4039845.6103672986, 2941449.460067877)",9a956cb759294f6a95311ee405d63b58,38,Work,bcadbc7d20fa43cd9bbb3c568c9512bf,44,Work
1529,03/04/2020T14:50:00 ,2020-03-04,OW ICT,"(4038124.8254480036, 2950113.3998562694)",8f42c4da4c434b4c904b4edbdbb8f058,45,Work,738f7fb8b92946cb8c86566687efd015,24,Work
1530,03/04/2020T15:00:00 ,2020-03-04,Care Home,"(4039528.9994623875, 2952253.717866595)",66746c3b20ba4bcbb9c407da74bc1f07,57,Work,c451fe2077cc42a2abe341325721a3c5,95,House
1530,03/04/2020T15:00:00 ,2020-03-04,OW ICT,"(4038124.8254480036, 2950113.3998562694)",cae57b19fe9e4d9f97510f7bd4bf466b,36,Work,64a6b8d9da374ab4be42039ade3b3c65,27,Work
1530,03/04/2020T15:00:00 ,2020-03-04,OW ICT,"(4038124.8254480036, 2950113.3998562694)",7e8e9041ae334753bc58ba203306f597,38,Work,467ea4d82b104d6aa0d18bcb5e0890e4,21,Work
1530,03/04/2020T15:00:00 ,2020-03-04,OW Finance,"(4029886.132004339, 2940983.312252022)",633d465b08aa4b6bb1ce1578f832c186,24,Work,6c5c42fee0614e6eb4b7eba162710169,60,Work
1531,03/04/2020T15:10:00 ,2020-03-04,OW ICT,"(4038124.8254480036, 2950113.3998562694)",aac293b3e4394c5f89bc4b4dbbf3c249,21,Work,467ea4d82b104d6aa0d18bcb5e0890e4,21,Work
1531,03/04/2020T15:10:00 ,2020-03-04,OW Finance,"(4029886.132004339, 2940983.312252022)",33d792868338400aa795a7bdad4e0a42,37,Work,c447aa251e48462baad1a0bacbcd132a,24,Work
1532,03/04/2020T15:20:00 ,2020-03-04,OW Manufacturing,"(4041994.9357273723, 2949416.2223347416)",1c9fa9c9cecd4da58ddf8b261ea7091a,22,Work,ae3e5a54cafb4139bc797dd060c0c990,55,Work
1532,03/04/2020T15:20:00 ,2020-03-04,OW ICT,"(4038124.8254480036, 2950113.3998562694)",23d02621dc5a44babb416553595e712f,20,Work,50f5abc86b144a3889e1ef86eedfae6b,44,Work
1532,03/04/2020T15:20:00 ,2020-03-04,OW Finance,"(4029886.132004339, 2940983.312252022)",a81415cd78df46e39c98891e6988ed14,44,Work,c447aa251e48462baad1a0bacbcd132a,24,Work
1532,03/04/2020T15:20:00 ,2020-03-04,OW Administration,"(4037093.952595035, 2937035.4484564867)",5c174aceff87437bb33e79742849807f,43,Work,839bc4a604ff4ab99ffd06d8824dda0e,45,Work
1532,03/04/2020T15:20:00 ,2020-03-04,OW Other Services,"(4041043.900585172, 2952821.0993778985)",474385f39a4a4f5099ab0930744fd862,54,Work,ded2569dfa164b2a8f3bad3f1f4c9fb6,56,Work
1533,03/04/2020T15:30:00 ,2020-03-04,OW Finance,"(4023314.6408982556, 2946277.926834426)",33080df3c9aa46e9a228b794ca216f53,40,Work,ce604b7db76247aba83bf7c861627f16,38,Work
1534,03/04/2020T15:40:00 ,2020-03-04,Care Home,"(4039528.9994623875, 2952253.717866595)",d3cad4fab0504451933009f92840d3f4,47,Work,dd41c45c6b0e4895bcc91cbe52fb5989,46,Work
1534,03/04/2020T15:40:00 ,2020-03-04,OW Manufacturing,"(4041994.9357273723, 2949416.2223347416)",42cf895dc90f4a2fbb58ff47340f93de,51,Work,a592a868539f4459b35c4a288b78a69b,38,Work
1534,03/04/2020T15:40:00 ,2020-03-04,OW ICT,"(4038124.8254480036, 2950113.3998562694)",a8fd895b8c2d4f3f83d6a30bfece670a,42,Work,738f7fb8b92946cb8c86566687efd015,24,Work
1535,03/04/2020T15:50:00 ,2020-03-04,OW Manufacturing,"(4041994.9357273723, 2949416.2223347416)",1dbee90a68ea42f7b5a4947f0c6f09a0,33,Work,808dfb01d6f546eea2666af982fd731d,40,Work
1535,03/04/2020T15:50:00 ,2020-03-04,OW Transport,"(4055931.5178130977, 2950463.4801956057)",7ce93f6de2394e02b5b8ea0da9c1f6ed,22,Work,4beddb89ebcc4c49a9444590d7f06fd1,64,Work
1535,03/04/2020T15:50:00 ,2020-03-04,OW Finance,"(4023314.6408982556, 2946277.926834426)",c1c63744fb1e4a1facab9e75d8724b03,57,Work,5d1155fb1b9349a584f50a51d9fe760e,43,Work
1535,03/04/2020T15:50:00 ,2020-03-04,OW Finance,"(4023314.6408982556, 2946277.926834426)",cfdb7a551a1343e09523aa8d5467b84f,24,Work,ce604b7db76247aba83bf7c861627f16,38,Work
1535,03/04/2020T15:50:00 ,2020-03-04,OW Finance,"(4023314.6408982556, 2946277.926834426)",9fa3ec7721ad4e408e0cb03a08e83b83,36,Work,45aff487eace49fc81fa4b02496771fe,38,Work
1536,03/04/2020T16:00:00 ,2020-03-04,Care Home,"(4039528.9994623875, 2952253.717866595)",16ba0fcb48f649f8898b92a545ca0a0b,36,Work,ed60d449d9524de289c4e4e1e26897a6,95,Outdoor
1536,03/04/2020T16:00:00 ,2020-03-04,OW Administration,"(4037093.952595035, 2937035.4484564867)",03606139a6b242fd8177b6d83964ead3,54,Work,ec3ba46492aa45b4a3bdb1af3ba5ea54,56,Work
1536,03/04/2020T16:00:00 ,2020-03-04,Hotel,"(4039845.6103672986, 2941449.460067877)",599fccfc78274159a65ffd77837be401,3,Work,d75c241ccd3248d0ac480c8d1ebaf13a,37,Work
1537,03/04/2020T16:10:00 ,2020-03-04,Care Home,"(4039528.9994623875, 2952253.717866595)",93fb4b7f41a149279ad9e72e3482ffc7,95,Outdoor,b8f07722c09a4823a7fc4cad57bd2755,55,Work
1537,03/04/2020T16:10:00 ,2020-03-04,OW Manufacturing,"(4041994.9357273723, 2949416.2223347416)",d05a65a3794c41d9aa6fe29d6a48cf43,34,Work,0d033b3a9e704583989cf4e698506903,18,Work
1537,03/04/2020T16:10:00 ,2020-03-04,OW Manufacturing,"(4033152.122280112, 2937616.4047832955)",a7997cfc8aa142b7856c59c8480acff9,34,Work,4fb304f38a8d471c8885124a38a957e4,56,Work
1537,03/04/2020T16:10:00 ,2020-03-04,OW Transport,"(4055931.5178130977, 2950463.4801956057)",8811cc1d9c9047858e8616a692c54e6b,31,Work,177a7649916f4bd7a5993f42296cca8d,44,Work
1537,03/04/2020T16:10:00 ,2020-03-04,OW Finance,"(4023314.6408982556, 2946277.926834426)",ea3dc91250a64e0787e7c9772f3c99bd,32,Work,303b73a19fbb4450ad5c04497e7beb13,27,Work
1537,03/04/2020T16:10:00 ,2020-03-04,OW Finance,"(4029886.132004339, 2940983.312252022)",ef0321d5a67c4e10a16c5726b0d4c9b8,35,Work,ed95081ed51648d4980e078b35c61852,36,Work
1538,03/04/2020T16:20:00 ,2020-03-04,OW Manufacturing,"(4041994.9357273723, 2949416.2223347416)",f98f177be6dd4122a5eeb7676edf763a,38,Work,b26d31d2c3334eb0890123d0bb6d5ed9,64,Work
1538,03/04/2020T16:20:00 ,2020-03-04,OW ICT,"(4038124.8254480036, 2950113.3998562694)",55d9553c26804766bddabef6c14ec8fa,20,Work,57f104cecc9a4d04a8db0fdca817c0bb,42,Work
1538,03/04/2020T16:20:00 ,2020-03-04,OW Finance,"(4023314.6408982556, 2946277.926834426)",5ecfebe871f044009f76b5ace9cdabb4,1,Work,d67ed9bc9a9f4fa4820f5777889ec809,38,Work
1538,03/04/2020T16:20:00 ,2020-03-04,OW Finance,"(4029886.132004339, 2940983.312252022)",04933c7fc331437f8bbe9307785f7ae8,45,Work,ed95081ed51648d4980e078b35c61852,36,Work
1539,03/04/2020T16:30:00 ,2020-03-04,OW Finance,"(4023314.6408982556, 2946277.926834426)",aec78d490fc448c4abf0d011b4a92605,30,Work,c0e1e0fc146c4959a0fe4653847414f8,36,Work
1540,03/04/2020T16:40:00 ,2020-03-04,OW Manufacturing,"(4041994.9357273723, 2949416.2223347416)",f3e80532c5ae493e871ceb22151dae70,44,Work,db785e4a60424d6bb6d11e398c25bd02,32,Work
1540,03/04/2020T16:40:00 ,2020-03-04,OW Transport,"(4055931.5178130977, 2950463.4801956057)",619fd685a00944f2ac4a2b3ba0f0f4a4,60,Work,4beddb89ebcc4c49a9444590d7f06fd1,64,Work
1540,03/04/2020T16:40:00 ,2020-03-04,OW ICT,"(4038124.8254480036, 2950113.3998562694)",e3e7cf6934a24a2eb426fb295effe591,55,Work,3799258ae01f4a3bb1ba8378d9b38e99,39,Work
1541,03/04/2020T16:50:00 ,2020-03-04,OW Finance,"(4029886.132004339, 2940983.312252022)",929e3e79c89d482389601f1f75238964,28,Work,c447aa251e48462baad1a0bacbcd132a,24,Work
1542,03/04/2020T17:00:00 ,2020-03-04,OW Manufacturing,"(4041994.9357273723, 2949416.2223347416)",ec2b6888591246ad8d007d280005fa87,26,Work,a592a868539f4459b35c4a288b78a69b,38,Work
1542,03/04/2020T17:00:00 ,2020-03-04,OW ICT,"(4038124.8254480036, 2950113.3998562694)",a3f7ee84daa5401e833a7b715e6a7812,31,Work,738f7fb8b92946cb8c86566687efd015,24,Work
1542,03/04/2020T17:00:00 ,2020-03-04,OW Finance,"(4029886.132004339, 2940983.312252022)",1dc588e30949403897a37fe267a6d832,54,Work,bdec4764d7da49c9a6f9a0ac3580f4f0,36,Work
1542,03/04/2020T17:00:00 ,2020-03-04,Hospital,"(4058154.76725065, 2949603.507869995)",7adf087c78014e56a11a8f98c10592a7,31,Work,b45532970144460197b8421744a0ccb5,82,House
1543,03/04/2020T17:10:00 ,2020-03-04,OW Manufacturing,"(4041994.9357273723, 2949416.2223347416)",b1e105034d7d45448d9ba56d91d7a260,53,Work,808dfb01d6f546eea2666af982fd731d,40,Work
1543,03/04/2020T17:10:00 ,2020-03-04,OW ICT,"(4038124.8254480036, 2950113.3998562694)",178ec23208354fbb8acf711294062a8f,48,Work,2a4379fa4f23436f844921324cf9384e,41,Work
1548,03/04/2020T18:00:00 ,2020-03-04,Care Home,"(4039528.9994623875, 2952253.717866595)",cf34639b4e2945418cb6b00ff596d79a,26,Work,1bef945328d84dbdad03e2d0b577eaa7,26,Work
1551,03/04/2020T18:30:00 ,2020-03-04,OW ICT,"(4038124.8254480036, 2950113.3998562694)",e09f515251844794814c0514238afb7b,48,Work,b89e35668498467f8b87202e28faaf19,51,Work
1551,03/04/2020T18:30:00 ,2020-03-04,Indoor Sport,"(4032047.3035891787, 2989609.4363117586)",7005de7c46314e04af174b774333b012,63,Indoor Sport,a2bc6da7ba5a45ed848ce3c6520b27b4,50,Indoor Sport
1552,03/04/2020T18:40:00 ,2020-03-04,Shop,"(4035835.5297417524, 2951371.855012576)",ab5e5ff1ac174694a6fea74b080086cb,21,Work,53f36b26f49b4c76b3e81c8ed12f05b2,40,Work
1555,03/04/2020T19:10:00 ,2020-03-04,House,"(4041737.595430252, 3013942.5201299535)",aee87e020c7e42af9b3087ee8578033d,8,House,2b03d10e9ebe42bca92d14664e8dcc9b,10,House
1595,03/05/2020T01:50:00 ,2020-03-05,House,"(4054897.2413138114, 2976840.2697192165)",72c761e206824330891889a82d2d60b7,51,House,deb7c326e0fb4f498806ea5f69de9b92,26,House
1608,03/05/2020T04:00:00 ,2020-03-05,House,"(4060254.809003809, 2953457.1515349634)",66d48e1c34b44b4c8d9a9c38c97b2161,57,House,3517cfb6ee384592a19f97ded8fa8806,31,House
1631,03/05/2020T07:50:00 ,2020-03-05,OW Manufacturing,"(4041994.9357273723, 2949416.2223347416)",ff433877602b4abca425948f4b218ada,45,Work,d31df8364ffb4b5c973aab51a6bfa7a0,54,Work
1631,03/05/2020T07:50:00 ,2020-03-05,OW ICT,"(4038124.8254480036, 2950113.3998562694)",9493998bebf442a8b74bd78b4051422b,22,Work,738f7fb8b92946cb8c86566687efd015,24,Work
1631,03/05/2020T07:50:00 ,2020-03-05,OW Finance,"(4023314.6408982556, 2946277.926834426)",2e8e3a871c094d878273a80aa6671be7,43,Work,12477f1879aa4e0793b389e00bae317c,33,Work
1632,03/05/2020T08:00:00 ,2020-03-05,OW Manufacturing,"(4041994.9357273723, 2949416.2223347416)",54556a5bb13e4614a9ffd77f392506a8,28,Work,740a6968a4234508b54e7d3b4193268c,33,Work
1632,03/05/2020T08:00:00 ,2020-03-05,OW ICT,"(4038124.8254480036, 2950113.3998562694)",60e7e49c35474d6d92728a95af733f80,64,Work,64a6b8d9da374ab4be42039ade3b3c65,27,Work
1633,03/05/2020T08:10:00 ,2020-03-05,OW Manufacturing,"(4041994.9357273723, 2949416.2223347416)",58cccd204bc649099c4453af12c6d018,22,Work,079470acd5eb4d3cb1ad3e4848734000,57,Work
1633,03/05/2020T08:10:00 ,2020-03-05,OW Finance,"(4029886.132004339, 2940983.312252022)",6a55302e92a94c9fba56dcf90db2d43e,30,Work,6c5c42fee0614e6eb4b7eba162710169,60,Work
1634,03/05/2020T08:20:00 ,2020-03-05,OW Manufacturing,"(4041994.9357273723, 2949416.2223347416)",13c9f275ad4e43689ed3bf7cb5ac454b,29,Work,846e815b6dae4fb6bb2f86af0c6678bc,52,Work
1634,03/05/2020T08:20:00 ,2020-03-05,OW Manufacturing,"(4041994.9357273723, 2949416.2223347416)",e7bb6f61717c43f0bb57f5a2a9f25061,45,Work,b27abbdfd8264e31973cb221ea360197,1,Work
1634,03/05/2020T08:20:00 ,2020-03-05,OW Finance,"(4023314.6408982556, 2946277.926834426)",d9257fe39b2f4e93b30535ec81a61ce6,8,Work,9f4ecfd0a0e940bf8e3b13dbf2d5f94b,24,Work
1634,03/05/2020T08:20:00 ,2020-03-05,Hotel,"(4039845.6103672986, 2941449.460067877)",c4451f515f7e4b65881ffdce9977bcd6,29,Work,fd72c995b4b844fbb67dbe3158b5aa67,56,Work
1635,03/05/2020T08:30:00 ,2020-03-05,OW Transport,"(4055931.5178130977, 2950463.4801956057)",450c0582dbd7446d93afffd2df045263,21,Work,f7b1ff3fc67d4e7e88dab1c131bbc555,38,Work
1635,03/05/2020T08:30:00 ,2020-03-05,OW ICT,"(4038124.8254480036, 2950113.3998562694)",ed15cd159a9648cd868c758bb5f31e8c,28,Work,3799258ae01f4a3bb1ba8378d9b38e99,39,Work
1636,03/05/2020T08:40:00 ,2020-03-05,OW Manufacturing,"(4041994.9357273723, 2949416.2223347416)",8e5aaf8ff581428ca4577226968510da,53,Work,19da17d9f7b046b6809924ba06a22a8b,49,Work
1636,03/05/2020T08:40:00 ,2020-03-05,OW Manufacturing,"(4041994.9357273723, 2949416.2223347416)",8f553871792d4ab5b1895d10ff63e6d7,55,Work,a5b5e290e2e84d83a4de553ca498e75e,34,Work
1636,03/05/2020T08:40:00 ,2020-03-05,OW Manufacturing,"(4041994.9357273723, 2949416.2223347416)",b545d09761794eaea65fd2f59d750bb4,36,Work,740a6968a4234508b54e7d3b4193268c,33,Work
1636,03/05/2020T08:40:00 ,2020-03-05,OW Manufacturing,"(4033152.122280112, 2937616.4047832955)",a74076ab74e94e07a9033a5a5138e56e,55,Work,4fb304f38a8d471c8885124a38a957e4,56,Work
1636,03/05/2020T08:40:00 ,2020-03-05,OW ICT,"(4038124.8254480036, 2950113.3998562694)",525362ce9eb3413ba409dccf08d37810,54,Work,ee4e93e2030e4bfaa70d31a1a59d90ce,36,Work
1636,03/05/2020T08:40:00 ,2020-03-05,OW Finance,"(4023314.6408982556, 2946277.926834426)",58ea1080648a4786a9a6b2b14d984eaf,33,Work,7c241bed1d2e47fb8fd21f1df21f303e,52,Work
1636,03/05/2020T08:40:00 ,2020-03-05,OW Finance,"(4029886.132004339, 2940983.312252022)",f354711d527440b4869a1a6bf5eb2a3b,49,Work,bdec4764d7da49c9a6f9a0ac3580f4f0,36,Work
1636,03/05/2020T08:40:00 ,2020-03-05,OW Finance,"(4029886.132004339, 2940983.312252022)",6802705c28d247cda104f9bd17001296,20,Work,6f083d67427f49d38cc74109325c8556,20,Work
1637,03/05/2020T08:50:00 ,2020-03-05,OW Manufacturing,"(4041994.9357273723, 2949416.2223347416)",cc564d3c0a9247ee9fadf698be792845,27,Work,bd20f3a7110f401fa65563831a1144e6,54,Work
1637,03/05/2020T08:50:00 ,2020-03-05,OW Finance,"(4023314.6408982556, 2946277.926834426)",912c0ee4d212428381f08ff3d0a33d64,58,Work,9c0f8549a6664336940eb8bab027fb5b,42,Work
1637,03/05/2020T08:50:00 ,2020-03-05,Shop,"(4030853.6684093513, 2939596.475549419)",44b75a97c1064630be6b5033656fab89,34,Work,ec782393132f4ed19b1fdf918d7d85a4,26,Work
1637,03/05/2020T08:50:00 ,2020-03-05,Hotel,"(4039845.6103672986, 2941449.460067877)",536c5ab5b21547d1aa951b0a6ef15565,24,Work,cceb87b54bd94fd39f5499c9eb9268be,28,Work
1637,03/05/2020T08:50:00 ,2020-03-05,Hotel,"(4039845.6103672986, 2941449.460067877)",543a8c7ab33a41f684cb05205647e170,24,Work,cceb87b54bd94fd39f5499c9eb9268be,28,Work
1638,03/05/2020T09:00:00 ,2020-03-05,OW Manufacturing,"(4041994.9357273723, 2949416.2223347416)",2bd478202dba4a69a6a69ec6d32597f8,30,Work,353bc4445c1b4ec7b940d4738cf71ca7,42,Work
1638,03/05/2020T09:00:00 ,2020-03-05,OW ICT,"(4038124.8254480036, 2950113.3998562694)",9134022c27a1403bb980170bfe5610cd,30,Work,57f104cecc9a4d04a8db0fdca817c0bb,42,Work
1638,03/05/2020T09:00:00 ,2020-03-05,OW ICT,"(4038124.8254480036, 2950113.3998562694)",71837604b6204d9da50b9425d425df39,64,Work,be05157f097146eea468bec927c7a848,54,Work
1638,03/05/2020T09:00:00 ,2020-03-05,OW Finance,"(4023314.6408982556, 2946277.926834426)",f77bade8424545b19d7a560f57df466b,23,Work,03c06282dd474a8296e4fa1994bb6042,48,Work
1638,03/05/2020T09:00:00 ,2020-03-05,Shop,"(4030853.6684093513, 2939596.475549419)",156e4d529b25430db1dcf3cdcfbd0d5b,62,Work,ec782393132f4ed19b1fdf918d7d85a4,26,Work
1639,03/05/2020T09:10:00 ,2020-03-05,Care Home,"(4039528.9994623875, 2952253.717866595)",52969d2c6b274bfcbbc6d2b91589a10f,95,Car,7b019043e8144670a307bd752da79cb9,94,House
1639,03/05/2020T09:10:00 ,2020-03-05,OW Manufacturing,"(4041994.9357273723, 2949416.2223347416)",c20c822350ea4d1ebe44d9b1903636ef,63,Work,a5b5e290e2e84d83a4de553ca498e75e,34,Work
1639,03/05/2020T09:10:00 ,2020-03-05,OW Manufacturing,"(4041994.9357273723, 2949416.2223347416)",d4199e3fe3244c08a17ce3f5f1e76746,24,Work,d050b802914246529de740affcbd0adb,34,Work
1639,03/05/2020T09:10:00 ,2020-03-05,OW Manufacturing,"(4033152.122280112, 2937616.4047832955)",abae606d961a4a3d8b1df653be9c3621,31,Work,c152db52fc6846bab5c18ee10cefd45f,61,Work
1639,03/05/2020T09:10:00 ,2020-03-05,Shop,"(4035835.5297417524, 2951371.855012576)",1f1eb8c51427425a987a389a48b345ca,21,Work,53f36b26f49b4c76b3e81c8ed12f05b2,40,Work
1639,03/05/2020T09:10:00 ,2020-03-05,Indoor Sport,"(4050206.9476461597, 2951923.276650936)",a38f5430f50e4e7b900e534ceec57d52,61,Work,514601b400164b12aae97e05abde1f0b,22,Work
1640,03/05/2020T09:20:00 ,2020-03-05,Care Home,"(4039528.9994623875, 2952253.717866595)",2f89c9fded294a848d0de7e9e5b26654,59,Work,d5cd217f1b8742229e781dab24e518ef,95,House
1640,03/05/2020T09:20:00 ,2020-03-05,OW Manufacturing,"(4041994.9357273723, 2949416.2223347416)",ec85a751853a41b98987a7a5c434edfb,30,Work,079470acd5eb4d3cb1ad3e4848734000,57,Work
1640,03/05/2020T09:20:00 ,2020-03-05,OW Manufacturing,"(4041994.9357273723, 2949416.2223347416)",2e9a2fa18d324e9c831b616321b1a60c,19,Work,b13ef1f4b5d24f78b640663539f24247,37,Work
1640,03/05/2020T09:20:00 ,2020-03-05,OW Manufacturing,"(4033152.122280112, 2937616.4047832955)",112da1b4ceb94310acfaf76491c5295b,23,Work,6d304da1b1b7477794959b2f2a04159c,53,Work
1640,03/05/2020T09:20:00 ,2020-03-05,OW Transport,"(4055931.5178130977, 2950463.4801956057)",8bd308767cae4599970aadd32493bee8,37,Work,b240209672774d88b24ef72ded56d075,31,Work
1640,03/05/2020T09:20:00 ,2020-03-05,OW ICT,"(4038124.8254480036, 2950113.3998562694)",0fa92209f6eb4b5ca6d250f809e68396,64,Work,65016d27fa5547878752904194f26712,56,Work
1641,03/05/2020T09:30:00 ,2020-03-05,OW Manufacturing,"(4041994.9357273723, 2949416.2223347416)",9555581792464e40abf16c4d93686467,28,Work,14421c6864984d04b78d5f72ae7e9b87,39,Work
1641,03/05/2020T09:30:00 ,2020-03-05,OW Manufacturing,"(4041994.9357273723, 2949416.2223347416)",9e4ed10ea55a4efc8887db7e554081e3,38,Work,0e44d86410234dd1bce8fad27bc8855c,42,Work
1641,03/05/2020T09:30:00 ,2020-03-05,OW Transport,"(4055931.5178130977, 2950463.4801956057)",45d9e40640ac414fb66ce819a58ec3cf,50,Work,4cc1e426a3274d5fb8c86662fc90deb7,51,Work
1641,03/05/2020T09:30:00 ,2020-03-05,OW Transport,"(4055931.5178130977, 2950463.4801956057)",26bdc4b3e7884dd78e306ce9496eca52,39,Work,5e61ddd340d24ade9f3588be9e662f16,47,Work
1641,03/05/2020T09:30:00 ,2020-03-05,OW Transport,"(4055931.5178130977, 2950463.4801956057)",45db15455efe4dd6bbcae0599a8e8911,44,Work,4cc1e426a3274d5fb8c86662fc90deb7,51,Work
1641,03/05/2020T09:30:00 ,2020-03-05,OW Finance,"(4029886.132004339, 2940983.312252022)",4f70e0ee0ce24d899aac778bb78564d0,28,Work,9ff25d8c60d54014bc1ed662efbf1ca7,52,Work
1641,03/05/2020T09:30:00 ,2020-03-05,OW Finance,"(4029886.132004339, 2940983.312252022)",74d15a3f5c974a498c313325505bceed,55,Work,6f083d67427f49d38cc74109325c8556,20,Work
1641,03/05/2020T09:30:00 ,2020-03-05,Hotel,"(4039845.6103672986, 2941449.460067877)",be465664aa774b48b88bc73956074f83,33,Work,fd72c995b4b844fbb67dbe3158b5aa67,56,Work
1641,03/05/2020T09:30:00 ,2020-03-05,Hotel,"(4039845.6103672986, 2941449.460067877)",7cafd43230754845aa92c6d666808b1b,32,Work,bcadbc7d20fa43cd9bbb3c568c9512bf,44,Work
1642,03/05/2020T09:40:00 ,2020-03-05,Care Home,"(4039528.9994623875, 2952253.717866595)",d07af5ef8ae4414c91ba5079063b4b3b,95,House,1bef945328d84dbdad03e2d0b577eaa7,26,Work
1642,03/05/2020T09:40:00 ,2020-03-05,OW Finance,"(4023314.6408982556, 2946277.926834426)",9ec2cf51c266492e98baa2cd66e96685,35,Work,d79a763086724d9e88f4b0997a837817,25,Work
1642,03/05/2020T09:40:00 ,2020-03-05,OW Finance,"(4029886.132004339, 2940983.312252022)",2465086df6c04815aa98a09ca003c071,48,Work,bdec4764d7da49c9a6f9a0ac3580f4f0,36,Work
1643,03/05/2020T09:50:00 ,2020-03-05,OW Manufacturing,"(4041994.9357273723, 2949416.2223347416)",49135dc1ae6947ff932bf89befdfb64e,55,Work,353bc4445c1b4ec7b940d4738cf71ca7,42,Work
1643,03/05/2020T09:50:00 ,2020-03-05,OW Manufacturing,"(4041994.9357273723, 2949416.2223347416)",f0e2be80ad4942be87d6d80cabd4872f,29,Work,353bc4445c1b4ec7b940d4738cf71ca7,42,Work
1643,03/05/2020T09:50:00 ,2020-03-05,OW Manufacturing,"(4033152.122280112, 2937616.4047832955)",fa8a99fcac774d24916fcb36f50df543,32,Work,4fb304f38a8d471c8885124a38a957e4,56,Work
1644,03/05/2020T10:00:00 ,2020-03-05,OW Manufacturing,"(4041994.9357273723, 2949416.2223347416)",82e99c376c5940feb6cd32412273941e,19,Work,b26d31d2c3334eb0890123d0bb6d5ed9,64,Work
1644,03/05/2020T10:00:00 ,2020-03-05,OW Manufacturing,"(4041994.9357273723, 2949416.2223347416)",b664560fe91b494ab426fd03d73b5df0,60,Work,82b220130e3245c9bc77acddf6b407b0,49,Work
1644,03/05/2020T10:00:00 ,2020-03-05,OW Manufacturing,"(4033152.122280112, 2937616.4047832955)",94487663a7dc46dfaaacc75d6c6a2213,26,Work,4fb304f38a8d471c8885124a38a957e4,56,Work
1644,03/05/2020T10:00:00 ,2020-03-05,OW Transport,"(4055931.5178130977, 2950463.4801956057)",e7b1fab58cc24bf397dfa05775797e11,37,Work,b240209672774d88b24ef72ded56d075,31,Work
1644,03/05/2020T10:00:00 ,2020-03-05,OW ICT,"(4038124.8254480036, 2950113.3998562694)",0fd428238a60457c8505ecb72ee3b2f9,40,Work,ac8c2b28e9e64512b79d7bcdca3de893,63,Work
1644,03/05/2020T10:00:00 ,2020-03-05,OW ICT,"(4038124.8254480036, 2950113.3998562694)",f02c889bc77b413aa1e11f6f11e5e9e2,30,Work,2a4379fa4f23436f844921324cf9384e,41,Work
1644,03/05/2020T10:00:00 ,2020-03-05,OW Finance,"(4023314.6408982556, 2946277.926834426)",0dac837f845848ddac1e794ae76adecb,34,Work,d67ed9bc9a9f4fa4820f5777889ec809,38,Work
1644,03/05/2020T10:00:00 ,2020-03-05,OW Finance,"(4023314.6408982556, 2946277.926834426)",ad080642f5d744a9b826e6bd31c49e53,63,Work,9f4ecfd0a0e940bf8e3b13dbf2d5f94b,24,Work
1644,03/05/2020T10:00:00 ,2020-03-05,OW Finance,"(4029886.132004339, 2940983.312252022)",b8b27f62847547bca9f694403178b652,30,Work,6c5c42fee0614e6eb4b7eba162710169,60,Work
1645,03/05/2020T10:10:00 ,2020-03-05,Care Home,"(4039528.9994623875, 2952253.717866595)",4e46db5c886e4a8ebe0e7d5a3f91440b,40,Work,7c8789ba8f3e4b5888fe50651f391b83,24,Work
1645,03/05/2020T10:10:00 ,2020-03-05,OW Manufacturing,"(4041994.9357273723, 2949416.2223347416)",e5f6c94f656b4955a5dfdfcecae548c0,38,Work,0e44d86410234dd1bce8fad27bc8855c,42,Work
1645,03/05/2020T10:10:00 ,2020-03-05,OW Transport,"(4055931.5178130977, 2950463.4801956057)",0cb74b0c8b1c47a98cec55eb04317cdd,24,Work,f7b1ff3fc67d4e7e88dab1c131bbc555,38,Work
1645,03/05/2020T10:10:00 ,2020-03-05,OW Finance,"(4029886.132004339, 2940983.312252022)",5a2f8de53329422eafd0e89c50c73ffc,36,Work,3bc76bcb366249f3a791b46441ce45ab,28,Work
1645,03/05/2020T10:10:00 ,2020-03-05,OW Finance,"(4029886.132004339, 2940983.312252022)",649533f758ee4204bbf87a3d66086093,45,Work,6f083d67427f49d38cc74109325c8556,20,Work
1645,03/05/2020T10:10:00 ,2020-03-05,OW Finance,"(4029886.132004339, 2940983.312252022)",23f054e5795c4ea2bf1c43b5892b2914,47,Work,adc68a560dea48bdb32dfc3c6d8f3234,36,Work
1645,03/05/2020T10:10:00 ,2020-03-05,OW Finance,"(4029886.132004339, 2940983.312252022)",26cfb5fdaaa044828b0d36a78a3acc4e,61,Work,bdec4764d7da49c9a6f9a0ac3580f4f0,36,Work
1646,03/05/2020T10:20:00 ,2020-03-05,Care Home,"(4039528.9994623875, 2952253.717866595)",d3ddcce71c584b35b407266dae80b41f,60,Work,c451fe2077cc42a2abe341325721a3c5,95,Outdoor
1646,03/05/2020T10:20:00 ,2020-03-05,OW Manufacturing,"(4033152.122280112, 2937616.4047832955)",9d1ced335fb8496d989121e3ba062428,59,Work,4fb304f38a8d471c8885124a38a957e4,56,Work
1646,03/05/2020T10:20:00 ,2020-03-05,OW ICT,"(4038124.8254480036, 2950113.3998562694)",67eb6aab370e4b93bb3ba2e90619f746,48,Work,64a6b8d9da374ab4be42039ade3b3c65,27,Work
1646,03/05/2020T10:20:00 ,2020-03-05,OW Finance,"(4023314.6408982556, 2946277.926834426)",ba19b295897844c6b5d9e33be81b3731,54,Work,7f9c3cc28fa4414e979252b5c461a8da,27,Work
1646,03/05/2020T10:20:00 ,2020-03-05,Hotel,"(4039845.6103672986, 2941449.460067877)",a176b0fa816d4da5b23cfcbc238b4529,42,Work,93d0dc1a7e0c43169ff2f945d419a7b5,38,Work
1647,03/05/2020T10:30:00 ,2020-03-05,OW Manufacturing,"(4041994.9357273723, 2949416.2223347416)",8dabb5469771404a9977bb943daf3a36,24,Work,a5b5e290e2e84d83a4de553ca498e75e,34,Work
1647,03/05/2020T10:30:00 ,2020-03-05,OW Manufacturing,"(4033152.122280112, 2937616.4047832955)",cdbd21895c9f484299e3b3031da4e3f6,16,Work,8dbb56f101704d9cab475a01cb632e3d,37,Work
1647,03/05/2020T10:30:00 ,2020-03-05,OW Finance,"(4029886.132004339, 2940983.312252022)",42a4bccef0724ca0a2d1d44d1689a41a,26,Work,1c9c6843992d49dea2baba8b278ecee1,58,Work
1647,03/05/2020T10:30:00 ,2020-03-05,Indoor Sport,"(4050206.9476461597, 2951923.276650936)",49508a04bed641a6879dcf2fbaf027be,60,Work,6ad15cecec91476eae0c59167f44e982,26,Work
1648,03/05/2020T10:40:00 ,2020-03-05,OW Manufacturing,"(4041994.9357273723, 2949416.2223347416)",faf9162e4a7c44e2bea75fde0b741163,61,Work,19da17d9f7b046b6809924ba06a22a8b,49,Work
1648,03/05/2020T10:40:00 ,2020-03-05,OW Transport,"(4055931.5178130977, 2950463.4801956057)",a9b57b7b6d414b1594220e652ee0b24b,52,Work,f7b1ff3fc67d4e7e88dab1c131bbc555,38,Work
1648,03/05/2020T10:40:00 ,2020-03-05,OW Finance,"(4029886.132004339, 2940983.312252022)",2befed8d052a4c41a9f6124529705faf,54,Work,c447aa251e48462baad1a0bacbcd132a,24,Work
1648,03/05/2020T10:40:00 ,2020-03-05,OW Finance,"(4029886.132004339, 2940983.312252022)",857b54616e6442f5bd3a0966f24b04f5,59,Work,ab65fffdf7cd486790f5b031ffb3bad5,28,Work
1648,03/05/2020T10:40:00 ,2020-03-05,OW Administration,"(4037093.952595035, 2937035.4484564867)",541163352fc54ceb885b8b316cbb948f,23,Work,d838384c44c547538817ad6fc4b6b475,42,Work
1649,03/05/2020T10:50:00 ,2020-03-05,OW Manufacturing,"(4033152.122280112, 2937616.4047832955)",c224dd3ef627481c95f7cb3459c1f112,32,Work,af3c808bf12345a7a9d2cbf5d28c5990,35,Work
1649,03/05/2020T10:50:00 ,2020-03-05,OW Manufacturing,"(4033152.122280112, 2937616.4047832955)",dd22f6b6b99b4382b17b3f23a9628545,34,Work,35ceff4383bb41439819b9cc6f298f8a,55,Work
1649,03/05/2020T10:50:00 ,2020-03-05,OW Transport,"(4055931.5178130977, 2950463.4801956057)",64dae889e01c46aa86f877ef7ad6a2e7,41,Work,dff3ea8a633741078d44526a401180e4,35,Work
1649,03/05/2020T10:50:00 ,2020-03-05,OW Finance,"(4029886.132004339, 2940983.312252022)",93daa0ca16174d398702796707c254c9,39,Work,9ff25d8c60d54014bc1ed662efbf1ca7,52,Work
1649,03/05/2020T10:50:00 ,2020-03-05,OW Finance,"(4029886.132004339, 2940983.312252022)",ab740bb8128c41039c45c0c266c5cb17,50,Work,3bc76bcb366249f3a791b46441ce45ab,28,Work
1649,03/05/2020T10:50:00 ,2020-03-05,OW Finance,"(4029886.132004339, 2940983.312252022)",13ef08e6279e45e6bfccac78742a9cf0,42,Work,1c9c6843992d49dea2baba8b278ecee1,58,Work
1650,03/05/2020T11:00:00 ,2020-03-05,Care Home,"(4039528.9994623875, 2952253.717866595)",806e7c79e6334cf08cdb81b71b2050da,30,Work,14ca4bbc73ca4815b1f78c7dd2776015,29,Work
1650,03/05/2020T11:00:00 ,2020-03-05,OW Manufacturing,"(4041994.9357273723, 2949416.2223347416)",bf70afee31794c7d87e4d5894a183bad,40,Work,19da17d9f7b046b6809924ba06a22a8b,49,Work
1650,03/05/2020T11:00:00 ,2020-03-05,OW ICT,"(4038124.8254480036, 2950113.3998562694)",2083830684f3487daf72d084af1a9d05,54,Work,b89e35668498467f8b87202e28faaf19,51,Work
1650,03/05/2020T11:00:00 ,2020-03-05,OW Finance,"(4029886.132004339, 2940983.312252022)",eae5fd37d7634d80bd635f8a767a153d,64,Work,c0d42b2b0ce64e9bae1ef8e582000fb9,20,Work
1651,03/05/2020T11:10:00 ,2020-03-05,OW Manufacturing,"(4041994.9357273723, 2949416.2223347416)",c667e8d01a8e4e5da2d483e8c365f624,39,Work,b26d31d2c3334eb0890123d0bb6d5ed9,64,Work
1651,03/05/2020T11:10:00 ,2020-03-05,OW Manufacturing,"(4041994.9357273723, 2949416.2223347416)",0e2ec32979c44200b35bf8ed937d773d,58,Work,a5b5e290e2e84d83a4de553ca498e75e,34,Work
1651,03/05/2020T11:10:00 ,2020-03-05,OW Manufacturing,"(4041994.9357273723, 2949416.2223347416)",76b178db352c45c2a6b35744c342aaad,42,Work,0e44d86410234dd1bce8fad27bc8855c,42,Work
1651,03/05/2020T11:10:00 ,2020-03-05,OW Manufacturing,"(4041994.9357273723, 2949416.2223347416)",b90b8497c6764288a6cf780e8896312d,51,Work,a5b5e290e2e84d83a4de553ca498e75e,34,Work
1651,03/05/2020T11:10:00 ,2020-03-05,OW Transport,"(4055931.5178130977, 2950463.4801956057)",773f396ea0bc4536ac6c655224873cb9,51,Work,516dc8e76f354d3f8500a45283196a2a,43,Work
1651,03/05/2020T11:10:00 ,2020-03-05,OW Transport,"(4055931.5178130977, 2950463.4801956057)",a65f260452b942499448632c5832d97b,28,Work,dff3ea8a633741078d44526a401180e4,35,Work
1652,03/05/2020T11:20:00 ,2020-03-05,OW Finance,"(4029886.132004339, 2940983.312252022)",427870d60252456cbf74d0f4de3f58b3,37,Work,1da17b546e054f99a534267c9b26a8b3,55,Work
1653,03/05/2020T11:30:00 ,2020-03-05,OW Manufacturing,"(4041994.9357273723, 2949416.2223347416)",79e1186ae37d4b4190f3f1be47b35823,62,Work,740a6968a4234508b54e7d3b4193268c,33,Work
1653,03/05/2020T11:30:00 ,2020-03-05,OW Manufacturing,"(4041994.9357273723, 2949416.2223347416)",d133724c5db8481fbad1b49d6d00e1c3,32,Work,846e815b6dae4fb6bb2f86af0c6678bc,52,Work
1653,03/05/2020T11:30:00 ,2020-03-05,OW Manufacturing,"(4041994.9357273723, 2949416.2223347416)",dc9e29c6a21f421cb6df3daab7673730,20,Work,ae3e5a54cafb4139bc797dd060c0c990,55,Work
1653,03/05/2020T11:30:00 ,2020-03-05,OW Finance,"(4029886.132004339, 2940983.312252022)",cf0d4b49325b46708365290cf9a56269,30,Work,6f083d67427f49d38cc74109325c8556,20,Work
1653,03/05/2020T11:30:00 ,2020-03-05,OW Finance,"(4029886.132004339, 2940983.312252022)",e2818d7e536f4e7baf35c42e20f03d18,26,Work,01680265b09048618c03e6a6529fc5f1,36,Work
1653,03/05/2020T11:30:00 ,2020-03-05,OW Administration,"(4037093.952595035, 2937035.4484564867)",b5a43b8e20ee4a95a1754bb8c73b5809,19,Work,7da845b534564f1f929af166720f3fe5,43,Work
1653,03/05/2020T11:30:00 ,2020-03-05,Indoor Sport,"(4050206.9476461597, 2951923.276650936)",0d815580ff0c42f28dfb69a131b87149,30,Indoor Sport,6ad15cecec91476eae0c59167f44e982,26,Work
1654,03/05/2020T11:40:00 ,2020-03-05,OW Manufacturing,"(4041994.9357273723, 2949416.2223347416)",4b6cf16ade4f40d5ae5c5b54e4b8ae30,53,Work,24c6ab8614184bb2a38fbcfd5b9925aa,47,Work
1654,03/05/2020T11:40:00 ,2020-03-05,OW Manufacturing,"(4041994.9357273723, 2949416.2223347416)",592b86b9171a4350a4e5077d0cdb2aa2,24,Work,bd20f3a7110f401fa65563831a1144e6,54,Work
1654,03/05/2020T11:40:00 ,2020-03-05,OW Manufacturing,"(4041994.9357273723, 2949416.2223347416)",14bcbe94d71a42db8c52de0cba82b864,39,Work,353bc4445c1b4ec7b940d4738cf71ca7,42,Work
1654,03/05/2020T11:40:00 ,2020-03-05,OW Transport,"(4055931.5178130977, 2950463.4801956057)",735731637e75442fbe39229e5f543fec,56,Work,b76214f961564cd98a2975d92f920066,39,Work
1654,03/05/2020T11:40:00 ,2020-03-05,OW ICT,"(4038124.8254480036, 2950113.3998562694)",7b325f30d49141729cc0bd3c26a55fba,48,Work,7e8e9041ae334753bc58ba203306f597,38,Work
1654,03/05/2020T11:40:00 ,2020-03-05,OW Finance,"(4023314.6408982556, 2946277.926834426)",4ff4b6c1afaa4f11b64c2e38c5a80f7e,46,Work,5d1155fb1b9349a584f50a51d9fe760e,43,Work
1654,03/05/2020T11:40:00 ,2020-03-05,OW Finance,"(4029886.132004339, 2940983.312252022)",030f39fe1f164ec2bcbe54cfb2a6abf1,34,Work,ab65fffdf7cd486790f5b031ffb3bad5,28,Work
1654,03/05/2020T11:40:00 ,2020-03-05,Hotel,"(4039845.6103672986, 2941449.460067877)",f71021d928b14d1dbbb51b2463f00957,37,Work,277ae4369f50485ab2a5779f5d2179b5,32,Work
1655,03/05/2020T11:50:00 ,2020-03-05,Care Home,"(4039528.9994623875, 2952253.717866595)",56f445ee6d714aa3945017eb2d5ae686,53,Work,c27b60f0ec3544b0b9ef75060aea255c,92,House
1656,03/05/2020T12:00:00 ,2020-03-05,Care Home,"(4039528.9994623875, 2952253.717866595)",a3d70785a22542b991bd3ec0e7d2c8b0,24,Work,7b019043e8144670a307bd752da79cb9,94,House
1656,03/05/2020T12:00:00 ,2020-03-05,OW Manufacturing,"(4041994.9357273723, 2949416.2223347416)",11e2466a7362481fb4d3886c1cb25bd2,23,Work,14421c6864984d04b78d5f72ae7e9b87,39,Work
1656,03/05/2020T12:00:00 ,2020-03-05,OW Transport,"(4055931.5178130977, 2950463.4801956057)",26d589290d89412f902b90a737f744d1,33,Work,f7b1ff3fc67d4e7e88dab1c131bbc555,38,Work
1656,03/05/2020T12:00:00 ,2020-03-05,OW ICT,"(4038124.8254480036, 2950113.3998562694)",d7f6d12e3437458c85fac93977896288,38,Work,4669d64ce67a4a899e49e73585c0de44,26,Work
1656,03/05/2020T12:00:00 ,2020-03-05,Hotel,"(4039845.6103672986, 2941449.460067877)",02f88e8229b341089306caf43ffd6629,47,Work,d75c241ccd3248d0ac480c8d1ebaf13a,37,Work
1657,03/05/2020T12:10:00 ,2020-03-05,Care Home,"(4039528.9994623875, 2952253.717866595)",8bdced947d0146cb931b13aa3286382e,34,Work,4f1aad0d45ef44979698e95a463e5604,43,Work
1657,03/05/2020T12:10:00 ,2020-03-05,OW Manufacturing,"(4041994.9357273723, 2949416.2223347416)",83a36f9d55b94d48af05b8e9f07563ba,20,Work,19da17d9f7b046b6809924ba06a22a8b,49,Work
1657,03/05/2020T12:10:00 ,2020-03-05,OW Manufacturing,"(4033152.122280112, 2937616.4047832955)",a38694007a66456cb96e6443a0473589,51,Work,51bdd3a59ff745d69d35f85a5e13b38d,19,Work
1657,03/05/2020T12:10:00 ,2020-03-05,Shop,"(4035835.5297417524, 2951371.855012576)",6da37e038b5b4d9aa3698bdd46afa0a1,56,Work,53f36b26f49b4c76b3e81c8ed12f05b2,40,Work
1658,03/05/2020T12:20:00 ,2020-03-05,OW Manufacturing,"(4041994.9357273723, 2949416.2223347416)",f3b64040d02845d7909d4a406fc65feb,36,Work,ae3e5a54cafb4139bc797dd060c0c990,55,Work
1658,03/05/2020T12:20:00 ,2020-03-05,OW Manufacturing,"(4041994.9357273723, 2949416.2223347416)",f7bb48173992405395a2cf9ddc370c23,29,Work,846e815b6dae4fb6bb2f86af0c6678bc,52,Work
1658,03/05/2020T12:20:00 ,2020-03-05,OW ICT,"(4038124.8254480036, 2950113.3998562694)",7548fbbf26b84a33bfa30a22f95de022,35,Work,2a4379fa4f23436f844921324cf9384e,41,Work
1658,03/05/2020T12:20:00 ,2020-03-05,Hotel,"(4039845.6103672986, 2941449.460067877)",c7908eeced324b92991808f68b369ca7,60,Work,cceb87b54bd94fd39f5499c9eb9268be,28,Work
1659,03/05/2020T12:30:00 ,2020-03-05,Care Home,"(4039528.9994623875, 2952253.717866595)",7cd7aec0165f4e9e97de48c99633c33d,93,House,b8f07722c09a4823a7fc4cad57bd2755,55,Work
1659,03/05/2020T12:30:00 ,2020-03-05,OW Manufacturing,"(4033152.122280112, 2937616.4047832955)",8cbf3690f56f47058adf5c19d0c25d32,41,Work,af3c808bf12345a7a9d2cbf5d28c5990,35,Work
1659,03/05/2020T12:30:00 ,2020-03-05,OW Transport,"(4055931.5178130977, 2950463.4801956057)",c7bbd9ccd67a427dbcb4201586060f44,51,Work,8811cc1d9c9047858e8616a692c54e6b,31,Work
1659,03/05/2020T12:30:00 ,2020-03-05,OW Transport,"(4055931.5178130977, 2950463.4801956057)",745f46ff718e45e08d2f0454b12fd957,64,Work,177a7649916f4bd7a5993f42296cca8d,44,Work
1662,03/05/2020T13:00:00 ,2020-03-05,OW Manufacturing,"(4041994.9357273723, 2949416.2223347416)",2e5a55b9a5a748f8bab6e3efe8f918fd,38,Work,740a6968a4234508b54e7d3b4193268c,33,Work
1662,03/05/2020T13:00:00 ,2020-03-05,OW Manufacturing,"(4033152.122280112, 2937616.4047832955)",ca878fc0c4b64f399f1ab186e9fe4634,30,Work,c152db52fc6846bab5c18ee10cefd45f,61,Work
1662,03/05/2020T13:00:00 ,2020-03-05,OW ICT,"(4038124.8254480036, 2950113.3998562694)",461d06ba692e484ca815d28c6af5385f,47,Work,58d855d3aae44bc0adaf1e6f12815786,39,Work
1662,03/05/2020T13:00:00 ,2020-03-05,OW Finance,"(4023314.6408982556, 2946277.926834426)",d6db76c093e948398b192adfa9d99483,46,Work,9c0f8549a6664336940eb8bab027fb5b,42,Work
1662,03/05/2020T13:00:00 ,2020-03-05,OW Finance,"(4023314.6408982556, 2946277.926834426)",fbd20e15c5f74a1b950a407a72e7b5a4,21,Work,9c0f8549a6664336940eb8bab027fb5b,42,Work
1663,03/05/2020T13:10:00 ,2020-03-05,OW Manufacturing,"(4041994.9357273723, 2949416.2223347416)",4c2992aa35cb4d50b4e6ecc525e1556f,29,Work,ae3e5a54cafb4139bc797dd060c0c990,55,Work
1663,03/05/2020T13:10:00 ,2020-03-05,OW ICT,"(4038124.8254480036, 2950113.3998562694)",514b45a0c60c481c9af87a15d06a1fa2,54,Work,ee4e93e2030e4bfaa70d31a1a59d90ce,36,Work
1664,03/05/2020T13:20:00 ,2020-03-05,OW Finance,"(4029886.132004339, 2940983.312252022)",33547a507a9545c1a39efe9a202bfb7a,29,Work,6c5c42fee0614e6eb4b7eba162710169,60,Work
1664,03/05/2020T13:20:00 ,2020-03-05,OW Administration,"(4037093.952595035, 2937035.4484564867)",44797d2625e94e77930abaf2bc45c9f1,68,Work,ec3ba46492aa45b4a3bdb1af3ba5ea54,56,Work
1665,03/05/2020T13:30:00 ,2020-03-05,OW Manufacturing,"(4041994.9357273723, 2949416.2223347416)",cedd2642c4b24f7daff97d8cebbda1f6,52,Work,079470acd5eb4d3cb1ad3e4848734000,57,Work
1665,03/05/2020T13:30:00 ,2020-03-05,OW Manufacturing,"(4041994.9357273723, 2949416.2223347416)",9b91456847dd4cc6813491366c318f83,51,Work,a5b5e290e2e84d83a4de553ca498e75e,34,Work
1665,03/05/2020T13:30:00 ,2020-03-05,OW Manufacturing,"(4033152.122280112, 2937616.4047832955)",23a3e649941640adab12ee6cb848d153,47,Work,7c4e817995b14cb0a5836ccc93008a48,58,Work
1665,03/05/2020T13:30:00 ,2020-03-05,OW ICT,"(4038124.8254480036, 2950113.3998562694)",5ba1660cdb144a57bd09d82d1ddd560e,59,Work,58d855d3aae44bc0adaf1e6f12815786,39,Work
1665,03/05/2020T13:30:00 ,2020-03-05,OW Finance,"(4029886.132004339, 2940983.312252022)",d75c4ede885049cab69a2b8ed6ba241b,60,Work,c447aa251e48462baad1a0bacbcd132a,24,Work
1666,03/05/2020T13:40:00 ,2020-03-05,Care Home,"(4039528.9994623875, 2952253.717866595)",c98d36f56f5c4e249a5aee6ffb158944,18,Work,4f1aad0d45ef44979698e95a463e5604,43,Work
1666,03/05/2020T13:40:00 ,2020-03-05,OW Manufacturing,"(4041994.9357273723, 2949416.2223347416)",5db528fdb12f4e719b11519ab8aafe20,35,Work,b13ef1f4b5d24f78b640663539f24247,37,Work
1666,03/05/2020T13:40:00 ,2020-03-05,OW Manufacturing,"(4041994.9357273723, 2949416.2223347416)",cd35fa1adccc43b2ae6d28b28e435771,41,Work,d31df8364ffb4b5c973aab51a6bfa7a0,54,Work
1666,03/05/2020T13:40:00 ,2020-03-05,OW Transport,"(4055931.5178130977, 2950463.4801956057)",643ed4e06c3c45d4a7a3c1468a316c27,34,Work,dff3ea8a633741078d44526a401180e4,35,Work
1666,03/05/2020T13:40:00 ,2020-03-05,OW Finance,"(4023314.6408982556, 2946277.926834426)",204a4d938f5447aeb267cfe5996b6f53,39,Work,de27eedaf04946d0bf47c6bfba1e580e,27,Work
1667,03/05/2020T13:50:00 ,2020-03-05,OW Manufacturing,"(4041994.9357273723, 2949416.2223347416)",76da7e65f08c460e81a3bc4c759f1b6b,40,Work,846e815b6dae4fb6bb2f86af0c6678bc,52,Work
1667,03/05/2020T13:50:00 ,2020-03-05,OW Manufacturing,"(4041994.9357273723, 2949416.2223347416)",0beee43092e84812b37a37530e0aebaa,22,Work,0e44d86410234dd1bce8fad27bc8855c,42,Work
1667,03/05/2020T13:50:00 ,2020-03-05,OW Finance,"(4029886.132004339, 2940983.312252022)",9e419a66625747019fd5b46e0cd31174,30,Work,3bc76bcb366249f3a791b46441ce45ab,28,Work
1668,03/05/2020T14:00:00 ,2020-03-05,Care Home,"(4039528.9994623875, 2952253.717866595)",b4e328f0d31b42ed84cddfd5234ebc76,48,Work,7b019043e8144670a307bd752da79cb9,94,House
1668,03/05/2020T14:00:00 ,2020-03-05,OW Manufacturing,"(4041994.9357273723, 2949416.2223347416)",14d11ee89560445db9732fe3d06d571f,62,Work,0e02f4f3f4934f0594dbb14a2854b0f1,26,Work
1668,03/05/2020T14:00:00 ,2020-03-05,OW ICT,"(4038124.8254480036, 2950113.3998562694)",21c3a1bb8fdb46c1b043147edcb36abe,55,Work,2a4379fa4f23436f844921324cf9384e,41,Work
1668,03/05/2020T14:00:00 ,2020-03-05,OW Finance,"(4023314.6408982556, 2946277.926834426)",c24258861bb448b89de523f62379a00b,42,Work,c0e1e0fc146c4959a0fe4653847414f8,36,Work
1668,03/05/2020T14:00:00 ,2020-03-05,Indoor Sport,"(4050206.9476461597, 2951923.276650936)",fc22085f0d4b482d8c866c548b53ad84,23,Work,514601b400164b12aae97e05abde1f0b,22,Work
1669,03/05/2020T14:10:00 ,2020-03-05,OW ICT,"(4038124.8254480036, 2950113.3998562694)",8532739e689d41bab97470191eed542f,22,Work,7f0ecbf7649e4000ac326b9a843e60f4,54,Work
1669,03/05/2020T14:10:00 ,2020-03-05,OW Administration,"(4037093.952595035, 2937035.4484564867)",b40b51c1091647259158311d7f3c8787,24,Work,7da845b534564f1f929af166720f3fe5,43,Work
1669,03/05/2020T14:10:00 ,2020-03-05,Hotel,"(4039845.6103672986, 2941449.460067877)",8017571a0109408dbc2aebcbebe7475a,53,Work,d36de71af6f447e89d60207d040b3774,20,Work
1670,03/05/2020T14:20:00 ,2020-03-05,OW Manufacturing,"(4033152.122280112, 2937616.4047832955)",a5f7d4d79e4d467dacaa72bd057f7cac,44,Work,4fb304f38a8d471c8885124a38a957e4,56,Work
1670,03/05/2020T14:20:00 ,2020-03-05,OW Transport,"(4055931.5178130977, 2950463.4801956057)",9ee52eda66c848fd8d801882047131b9,62,Work,177a7649916f4bd7a5993f42296cca8d,44,Work
1670,03/05/2020T14:20:00 ,2020-03-05,OW ICT,"(4038124.8254480036, 2950113.3998562694)",9afe15849e0d4c0f93a9c150ca51f1c6,44,Work,465eba76052644d391ebab46e37df5e2,25,Work
1670,03/05/2020T14:20:00 ,2020-03-05,Secondary School,"(4038231.4573233607, 2941585.605677152)",fb2e605ffb2b4bb2b2f345db41dc8b82,26,School,5f8bd1d55c1148a4a4cbfd9bec3676b2,26,School
1671,03/05/2020T14:30:00 ,2020-03-05,OW Manufacturing,"(4041994.9357273723, 2949416.2223347416)",f239e2af7f1141adbeec067242a6d0b8,28,Work,24c6ab8614184bb2a38fbcfd5b9925aa,47,Work
1671,03/05/2020T14:30:00 ,2020-03-05,OW Manufacturing,"(4041994.9357273723, 2949416.2223347416)",a4d7194e66d74298915069052106aaa7,24,Work,b13ef1f4b5d24f78b640663539f24247,37,Work
1671,03/05/2020T14:30:00 ,2020-03-05,OW Manufacturing,"(4041994.9357273723, 2949416.2223347416)",0384aae236184e3b949afe337e7ca7f8,35,Work,0d033b3a9e704583989cf4e698506903,18,Work
1671,03/05/2020T14:30:00 ,2020-03-05,Hotel,"(4039845.6103672986, 2941449.460067877)",9a0c1ad4aa82411f970e2eaf8f112ffa,32,Work,cceb87b54bd94fd39f5499c9eb9268be,28,Work
1671,03/05/2020T14:30:00 ,2020-03-05,Indoor Sport,"(4050206.9476461597, 2951923.276650936)",3c970e29d6d84cc7ad12a95f9624989c,49,Work,9b3a02da8b62419ebf1bbc61c57fea53,30,Work
1672,03/05/2020T14:40:00 ,2020-03-05,OW ICT,"(4038124.8254480036, 2950113.3998562694)",63f09afe0e624ea8904a9ba78f542263,35,Work,e855a348047644ad982aa6d79560c65f,37,Work
1672,03/05/2020T14:40:00 ,2020-03-05,OW Finance,"(4023314.6408982556, 2946277.926834426)",47f89d0df9974e82b76e4e64e0a3b4d2,46,Work,34e36cbdbe384c8da62a39572b14dbec,38,Work
1673,03/05/2020T14:50:00 ,2020-03-05,OW Manufacturing,"(4041994.9357273723, 2949416.2223347416)",ae6fe6848fdc42cba4adffb52709bc89,54,Work,db785e4a60424d6bb6d11e398c25bd02,32,Work
1673,03/05/2020T14:50:00 ,2020-03-05,OW Manufacturing,"(4041994.9357273723, 2949416.2223347416)",1fbe565591144e42b4e109baf0e286e2,47,Work,f5154cb3847f497d89edf40b38012718,39,Work
1673,03/05/2020T14:50:00 ,2020-03-05,OW Finance,"(4023314.6408982556, 2946277.926834426)",4146bdc77dc14559a8203ace3ebbcf0d,31,Work,9f4ecfd0a0e940bf8e3b13dbf2d5f94b,24,Work
1674,03/05/2020T15:00:00 ,2020-03-05,OW Finance,"(4023314.6408982556, 2946277.926834426)",e72fb05511334b6980165fb568ba9511,8,Work,34e36cbdbe384c8da62a39572b14dbec,38,Work
1674,03/05/2020T15:00:00 ,2020-03-05,OW Finance,"(4029886.132004339, 2940983.312252022)",de1f51956ce946e9a4c94a1908cda23a,61,Work,ab65fffdf7cd486790f5b031ffb3bad5,28,Work
1674,03/05/2020T15:00:00 ,2020-03-05,Hotel,"(4039845.6103672986, 2941449.460067877)",90d15304ce1f4c9b9d48b4380261f401,55,Work,551e7e5e35fa4ae4b8033fc19c515391,47,Work
1675,03/05/2020T15:10:00 ,2020-03-05,OW Manufacturing,"(4041994.9357273723, 2949416.2223347416)",8854abdacf98440fb14204d4388b893b,24,Work,14421c6864984d04b78d5f72ae7e9b87,39,Work
1675,03/05/2020T15:10:00 ,2020-03-05,OW Manufacturing,"(4041994.9357273723, 2949416.2223347416)",598f68de95314e79b980a08ae065b3cb,57,Work,b26d31d2c3334eb0890123d0bb6d5ed9,64,Work
1675,03/05/2020T15:10:00 ,2020-03-05,OW Manufacturing,"(4041994.9357273723, 2949416.2223347416)",9319c6fd2dfc4d7b98e2a009daa03174,30,Work,db785e4a60424d6bb6d11e398c25bd02,32,Work
1675,03/05/2020T15:10:00 ,2020-03-05,OW Manufacturing,"(4041994.9357273723, 2949416.2223347416)",6d0106cd30a54b86b269830f8b4f7948,40,Work,ea80728194044b51a9c727a806b52805,26,Work
1675,03/05/2020T15:10:00 ,2020-03-05,OW Manufacturing,"(4041994.9357273723, 2949416.2223347416)",5f681495a17149588fe1bccdf989e4d0,47,Work,23b53bce620749598aad707b6ad982b1,52,Work
1675,03/05/2020T15:10:00 ,2020-03-05,OW Manufacturing,"(4041994.9357273723, 2949416.2223347416)",7432504c736d4541acea0c2c9ba28420,35,Work,d050b802914246529de740affcbd0adb,34,Work
1675,03/05/2020T15:10:00 ,2020-03-05,OW Transport,"(4055931.5178130977, 2950463.4801956057)",061efe1a678d46319039db73206a4239,44,Work,5b6d60e308b34ed597259874ec76cec7,22,Work
1675,03/05/2020T15:10:00 ,2020-03-05,OW Finance,"(4023314.6408982556, 2946277.926834426)",a93aaa8696e249a3b529c638e1b1498a,32,Work,7f9c3cc28fa4414e979252b5c461a8da,27,Work
1675,03/05/2020T15:10:00 ,2020-03-05,Shop,"(4035835.5297417524, 2951371.855012576)",d7fad502c58b4dd6a81e9e5c0d43fb5d,31,Work,53f36b26f49b4c76b3e81c8ed12f05b2,40,Work
1675,03/05/2020T15:10:00 ,2020-03-05,Hotel,"(4039845.6103672986, 2941449.460067877)",2cf5e89620b94159836c6e47d5929ebc,38,Work,cceb87b54bd94fd39f5499c9eb9268be,28,Work
1676,03/05/2020T15:20:00 ,2020-03-05,OW Manufacturing,"(4041994.9357273723, 2949416.2223347416)",88519c5e03b8414eaa115529fe172bdb,29,Work,079470acd5eb4d3cb1ad3e4848734000,57,Work
1676,03/05/2020T15:20:00 ,2020-03-05,OW Manufacturing,"(4041994.9357273723, 2949416.2223347416)",38bd5cdb00a34ffb9e45e2d91c02accc,46,Work,e8c0a2e4dc7d466eb7c2b492889ebab9,24,Work
1676,03/05/2020T15:20:00 ,2020-03-05,OW Transport,"(4055931.5178130977, 2950463.4801956057)",931b83c200134de38e6e6ebb956e5542,62,Work,dff3ea8a633741078d44526a401180e4,35,Work
1676,03/05/2020T15:20:00 ,2020-03-05,OW ICT,"(4038124.8254480036, 2950113.3998562694)",e878c30a1f7e4fb5a5c5b950a752d5fd,43,Work,2a4379fa4f23436f844921324cf9384e,41,Work
1676,03/05/2020T15:20:00 ,2020-03-05,Public Transport,"(4050071.6622989913, 2962288.97606574)",52325cb1b05048c5a88c8c7d21a4e7a1,15,Public Transport,53f36b26f49b4c76b3e81c8ed12f05b2,40,Public Transport
1676,03/05/2020T15:20:00 ,2020-03-05,Indoor Sport,"(4050206.9476461597, 2951923.276650936)",2b18827d972140b892f397d667830b37,19,Work,514601b400164b12aae97e05abde1f0b,22,Work
1677,03/05/2020T15:30:00 ,2020-03-05,Care Home,"(4039528.9994623875, 2952253.717866595)",d49b848d73c146409328b4fd63aa2bd4,38,Work,1a29cb999b044b70844ebd4afc30e6a8,92,House
1677,03/05/2020T15:30:00 ,2020-03-05,OW Manufacturing,"(4041994.9357273723, 2949416.2223347416)",cde8ee6be01740afbb4e30086828f690,52,Work,0e02f4f3f4934f0594dbb14a2854b0f1,26,Work
1677,03/05/2020T15:30:00 ,2020-03-05,OW Manufacturing,"(4041994.9357273723, 2949416.2223347416)",34b56f38d22249ab877e9af0d6503f8c,53,Work,58674bde8fbc467faf600ccc5a12501a,46,Work
1677,03/05/2020T15:30:00 ,2020-03-05,OW Finance,"(4029886.132004339, 2940983.312252022)",8fd8647f9a9447a8b786228b004fd104,45,Work,1c9c6843992d49dea2baba8b278ecee1,58,Work
1677,03/05/2020T15:30:00 ,2020-03-05,Shop,"(4030853.6684093513, 2939596.475549419)",e571cdab112e4506a885cf2665f358b8,23,Shop,ec782393132f4ed19b1fdf918d7d85a4,26,Work
1677,03/05/2020T15:30:00 ,2020-03-05,Indoor Sport,"(4050206.9476461597, 2951923.276650936)",cdad46860ad24ff9988740e39e23fe90,51,Work,9b3a02da8b62419ebf1bbc61c57fea53,30,Work
1678,03/05/2020T15:40:00 ,2020-03-05,OW Manufacturing,"(4041994.9357273723, 2949416.2223347416)",eb5dc22a8f384cc6af8e3d5b43aa5308,43,Work,0e44d86410234dd1bce8fad27bc8855c,42,Work
1678,03/05/2020T15:40:00 ,2020-03-05,OW Manufacturing,"(4041994.9357273723, 2949416.2223347416)",c2fc729788c14790a7a486459cadfbc0,56,Work,db785e4a60424d6bb6d11e398c25bd02,32,Work
1678,03/05/2020T15:40:00 ,2020-03-05,OW Transport,"(4055931.5178130977, 2950463.4801956057)",177d8b7a59c043389693a7a64b21faed,42,Work,b76214f961564cd98a2975d92f920066,39,Work
1678,03/05/2020T15:40:00 ,2020-03-05,OW Administration,"(4037093.952595035, 2937035.4484564867)",e9ab8da8860c48d4bbfeb7f692957d7c,28,Work,d838384c44c547538817ad6fc4b6b475,42,Work
1678,03/05/2020T15:40:00 ,2020-03-05,OW Administration,"(4037093.952595035, 2937035.4484564867)",deacd762349b480485124a9bd95d362f,38,Work,839bc4a604ff4ab99ffd06d8824dda0e,45,Work
1679,03/05/2020T15:50:00 ,2020-03-05,OW Manufacturing,"(4041994.9357273723, 2949416.2223347416)",f87822abb55640eb81f73996116aa9f5,22,Work,0e02f4f3f4934f0594dbb14a2854b0f1,26,Work
1679,03/05/2020T15:50:00 ,2020-03-05,OW Manufacturing,"(4041994.9357273723, 2949416.2223347416)",ad2e3d4e471d4a5b948e979f98f459e6,33,Work,e8c0a2e4dc7d466eb7c2b492889ebab9,24,Work
1679,03/05/2020T15:50:00 ,2020-03-05,OW Finance,"(4023314.6408982556, 2946277.926834426)",1874ada15927496da8c574930ccf9208,56,Work,49d3075c186b453d808032b905e0dc54,60,Work
1680,03/05/2020T16:00:00 ,2020-03-05,OW Manufacturing,"(4041994.9357273723, 2949416.2223347416)",9f0ce7ad1817473da7ec6a0d70e79033,61,Work,e8c0a2e4dc7d466eb7c2b492889ebab9,24,Work
1680,03/05/2020T16:00:00 ,2020-03-05,OW ICT,"(4038124.8254480036, 2950113.3998562694)",d4ff6df82e1949108de9275ad68422a6,38,Work,e855a348047644ad982aa6d79560c65f,37,Work
1680,03/05/2020T16:00:00 ,2020-03-05,OW Finance,"(4029886.132004339, 2940983.312252022)",93fdb38af89d4c0fb284480a0eb27522,23,Work,6c5c42fee0614e6eb4b7eba162710169,60,Work
1681,03/05/2020T16:10:00 ,2020-03-05,Care Home,"(4039528.9994623875, 2952253.717866595)",98dfc7f8ab064457a902571610f5a753,55,Work,d5cd217f1b8742229e781dab24e518ef,95,House
1681,03/05/2020T16:10:00 ,2020-03-05,OW Manufacturing,"(4041994.9357273723, 2949416.2223347416)",2a16d4be78f643a99ad8a6478ca9babf,20,Work,94229b9696fd45bd9da65bb1a9d6350b,56,Work
1681,03/05/2020T16:10:00 ,2020-03-05,OW Manufacturing,"(4041994.9357273723, 2949416.2223347416)",455c76590d56461c9496298943d7a047,26,Work,6e3ca4c3d50048e2a4c8ccec89891b18,34,Work
1681,03/05/2020T16:10:00 ,2020-03-05,OW Manufacturing,"(4041994.9357273723, 2949416.2223347416)",57242d1f02c64ce9884fd769fa5ca144,51,Work,b26d31d2c3334eb0890123d0bb6d5ed9,64,Work
1681,03/05/2020T16:10:00 ,2020-03-05,OW Finance,"(4023314.6408982556, 2946277.926834426)",0f50b9b2538a42eab4c0888b87f2cfb8,43,Work,303b73a19fbb4450ad5c04497e7beb13,27,Work
1682,03/05/2020T16:20:00 ,2020-03-05,OW Finance,"(4029886.132004339, 2940983.312252022)",01bd638e567b4ce49858933fe456ed3e,24,Work,01680265b09048618c03e6a6529fc5f1,36,Work
1683,03/05/2020T16:30:00 ,2020-03-05,OW Manufacturing,"(4041994.9357273723, 2949416.2223347416)",a695127e61c4425d8abe064ae0e6d3a0,23,Work,db785e4a60424d6bb6d11e398c25bd02,32,Work
1683,03/05/2020T16:30:00 ,2020-03-05,OW Transport,"(4055931.5178130977, 2950463.4801956057)",d10b6d1ba21d436ab0326cf9670b76bd,25,Work,b240209672774d88b24ef72ded56d075,31,Work
1684,03/05/2020T16:40:00 ,2020-03-05,OW Transport,"(4055931.5178130977, 2950463.4801956057)",48537940a1be461e9d4befc51548eaf3,46,Work,177a7649916f4bd7a5993f42296cca8d,44,Work
1684,03/05/2020T16:40:00 ,2020-03-05,OW ICT,"(4038124.8254480036, 2950113.3998562694)",bcbb53544ba74a0b8cea8c5a5f60e9b8,32,Work,64a6b8d9da374ab4be42039ade3b3c65,27,Work
1684,03/05/2020T16:40:00 ,2020-03-05,OW Finance,"(4029886.132004339, 2940983.312252022)",6442e5272eee4a1d94a38b1f73957fa8,44,Work,6f083d67427f49d38cc74109325c8556,20,Work
1684,03/05/2020T16:40:00 ,2020-03-05,OW Finance,"(4029886.132004339, 2940983.312252022)",6cc5fea267d046e3a10d2d6bfac0f7fb,27,Work,01680265b09048618c03e6a6529fc5f1,36,Work
1685,03/05/2020T16:50:00 ,2020-03-05,OW Manufacturing,"(4041994.9357273723, 2949416.2223347416)",012ca6224cc74118bd4243c68a535f9a,44,Work,5992cc4eb91448788f5ec6f61dbbdaaa,23,Work
1685,03/05/2020T16:50:00 ,2020-03-05,OW ICT,"(4038124.8254480036, 2950113.3998562694)",2d0e4f3560354d91ad9f5962dca1d0e4,24,Work,ac8c2b28e9e64512b79d7bcdca3de893,63,Work
1685,03/05/2020T16:50:00 ,2020-03-05,OW Finance,"(4029886.132004339, 2940983.312252022)",b4456dc9207e4242816710c770e27641,24,Work,34cb9a6b5bf1413ebad6ff0d7174ca0a,45,Work
1686,03/05/2020T17:00:00 ,2020-03-05,Care Home,"(4039528.9994623875, 2952253.717866595)",a5013f01d7fa43538c8fdbdc96be8971,39,Work,ed60d449d9524de289c4e4e1e26897a6,95,Outdoor
1686,03/05/2020T17:00:00 ,2020-03-05,OW Manufacturing,"(4041994.9357273723, 2949416.2223347416)",8feb088cb6fb45cfac7600e9ff32ff38,39,Work,ae3e5a54cafb4139bc797dd060c0c990,55,Work
1686,03/05/2020T17:00:00 ,2020-03-05,OW Manufacturing,"(4041994.9357273723, 2949416.2223347416)",288c51bdd0464486acaa3537d4a46031,46,Work,5992cc4eb91448788f5ec6f61dbbdaaa,23,Work
1686,03/05/2020T17:00:00 ,2020-03-05,OW Manufacturing,"(4041994.9357273723, 2949416.2223347416)",4de97d161a3d4074af1ae83c2554da01,32,Work,ea80728194044b51a9c727a806b52805,26,Work
1686,03/05/2020T17:00:00 ,2020-03-05,OW Manufacturing,"(4033152.122280112, 2937616.4047832955)",2886e2d5f9714a4ea013656418ee19ce,23,Work,af3c808bf12345a7a9d2cbf5d28c5990,35,Work
1686,03/05/2020T17:00:00 ,2020-03-05,OW Manufacturing,"(4033152.122280112, 2937616.4047832955)",fe17e89921d247a4afeb8a79d0ba85b6,23,Work,51bdd3a59ff745d69d35f85a5e13b38d,19,Work
1686,03/05/2020T17:00:00 ,2020-03-05,OW Finance,"(4029886.132004339, 2940983.312252022)",afb89b777cf246f08cca33604c283b03,28,Work,9ff25d8c60d54014bc1ed662efbf1ca7,52,Work
1686,03/05/2020T17:00:00 ,2020-03-05,OW Finance,"(4029886.132004339, 2940983.312252022)",b6649e116a084662bf5fc9af4600f25b,38,Work,bdec4764d7da49c9a6f9a0ac3580f4f0,36,Work
1686,03/05/2020T17:00:00 ,2020-03-05,OW Administration,"(4037093.952595035, 2937035.4484564867)",59bbbb8705384e97af41df2e9a1d0129,25,Work,61d50d214d1a40b78cf55e70b27e58d4,50,Work
1686,03/05/2020T17:00:00 ,2020-03-05,Indoor Sport,"(4050206.9476461597, 2951923.276650936)",51574f9c7a0d452d97010985056c55b9,46,Work,ecb059339efc4d088a10166cfa7ad1ff,41,Work
1687,03/05/2020T17:10:00 ,2020-03-05,OW Manufacturing,"(4041994.9357273723, 2949416.2223347416)",c3e2134f2a354ffc906711e3604a66e6,36,Work,e6444726595941bda51881ced0c646c8,38,Work
1687,03/05/2020T17:10:00 ,2020-03-05,OW Finance,"(4023314.6408982556, 2946277.926834426)",375f95796eb447da944ef786e5da28dd,52,Work,9f4ecfd0a0e940bf8e3b13dbf2d5f94b,24,Work
1687,03/05/2020T17:10:00 ,2020-03-05,OW Finance,"(4023314.6408982556, 2946277.926834426)",75b61fbb1a054deb9fbae53a640e1448,32,Work,45aff487eace49fc81fa4b02496771fe,38,Work
1687,03/05/2020T17:10:00 ,2020-03-05,Hotel,"(4039845.6103672986, 2941449.460067877)",a904a79c38464e03bc34dd357936ea27,31,Work,e63c1a8321144457b2744fc08e6614eb,46,Work
1688,03/05/2020T17:20:00 ,2020-03-05,OW Manufacturing,"(4041994.9357273723, 2949416.2223347416)",abfe6a95179c4c6daefb8356415dddde,54,Work,b27abbdfd8264e31973cb221ea360197,1,Work
1691,03/05/2020T17:50:00 ,2020-03-05,Care Home,"(4039528.9994623875, 2952253.717866595)",5bf780de7f1147388e5bc4179590d1a9,93,House,c27b60f0ec3544b0b9ef75060aea255c,92,House
1699,03/05/2020T19:10:00 ,2020-03-05,Care Home,"(4039528.9994623875, 2952253.717866595)",56c27fd9092846aabaab141a95261ae9,93,Visit,c451fe2077cc42a2abe341325721a3c5,95,House
1718,03/05/2020T22:20:00 ,2020-03-05,Cinema or Theatre,"(4029879.4130879384, 2939274.739410847)",76e7ef7f1279425f9c80d5903f9de5ce,76,Cinema or Theatre,6bb65c7e93134fab8ed052bd35a06489,61,Cinema or Theatre
1729,03/06/2020T00:10:00 ,2020-03-06,House,"(4054897.2413138114, 2976840.2697192165)",9a3e3e92a4ec470598601ddd651827c8,22,House,deb7c326e0fb4f498806ea5f69de9b92,26,House
1733,03/06/2020T00:50:00 ,2020-03-06,House,"(4042641.089018669, 2946867.516223615)",73591fa8b07f489ebd20eca445ecad8f,15,House,e23b5b12c104462cb0f59a919e51747b,30,House
1743,03/06/2020T02:30:00 ,2020-03-06,Care Home,"(4039528.9994623875, 2952253.717866595)",51c67e097f134b0189d403334ad1e3eb,95,House,1a29cb999b044b70844ebd4afc30e6a8,92,House
1746,03/06/2020T03:00:00 ,2020-03-06,House,"(4026744.4512212574, 2958132.2436643266)",34385eff26c9497ba921f0389ca12b9a,46,House,53f36b26f49b4c76b3e81c8ed12f05b2,40,House
1749,03/06/2020T03:30:00 ,2020-03-06,House,"(4030043.1039681425, 2943602.610914849)",e3a72fa01cd2487e97c569052460f6aa,59,House,45aff487eace49fc81fa4b02496771fe,38,House
1758,03/06/2020T05:00:00 ,2020-03-06,Care Home,"(4039528.9994623875, 2952253.717866595)",e0275dc35e0d4aef84fe57db4bebe9b3,95,House,7b019043e8144670a307bd752da79cb9,94,House
1759,03/06/2020T05:10:00 ,2020-03-06,House,"(4036531.4725032602, 2937039.885535193)",ac9bcef3d05e4e9baef02811664d1ae2,53,House,b8f07722c09a4823a7fc4cad57bd2755,55,House
1768,03/06/2020T06:40:00 ,2020-03-06,OW Manufacturing,"(4041994.9357273723, 2949416.2223347416)",ef271c2064e84dd7a15ad9459ec77b07,24,Work,f5154cb3847f497d89edf40b38012718,39,Work
1771,03/06/2020T07:10:00 ,2020-03-06,Care Home,"(4039528.9994623875, 2952253.717866595)",5dad49b537ac4c439c9a2cc5336c861c,95,House,7b019043e8144670a307bd752da79cb9,94,House
1775,03/06/2020T07:50:00 ,2020-03-06,OW Transport,"(4055931.5178130977, 2950463.4801956057)",6de2e114d6b9460bb189930f8f4c7f15,60,Work,5e61ddd340d24ade9f3588be9e662f16,47,Work
1776,03/06/2020T08:00:00 ,2020-03-06,OW Manufacturing,"(4041994.9357273723, 2949416.2223347416)",90f1ce637c5b48d3b74cace217bbcc9a,11,Work,10da93b4adc34b128cb48f198dd78b59,28,Work
1776,03/06/2020T08:00:00 ,2020-03-06,OW Manufacturing,"(4041994.9357273723, 2949416.2223347416)",4783b7e6e7ab4d6ba3cc3e448a8365aa,20,Work,4acdce6292ab4a729fe4001dab0c9e8d,23,Work
1776,03/06/2020T08:00:00 ,2020-03-06,OW Manufacturing,"(4033152.122280112, 2937616.4047832955)",f2a9f80124124b69be1654e941fefae4,37,Work,4fb304f38a8d471c8885124a38a957e4,56,Work
1776,03/06/2020T08:00:00 ,2020-03-06,OW ICT,"(4038124.8254480036, 2950113.3998562694)",c3eb47d518af4febab7adf79388d15bf,38,Work,465eba76052644d391ebab46e37df5e2,25,Work
1776,03/06/2020T08:00:00 ,2020-03-06,OW Finance,"(4023314.6408982556, 2946277.926834426)",a8283fd002c64f37a73ae5cfdabfac87,52,Work,49d3075c186b453d808032b905e0dc54,60,Work
1777,03/06/2020T08:10:00 ,2020-03-06,Care Home,"(4039528.9994623875, 2952253.717866595)",632c5622cabd4f7284d74b9352119e1f,42,Work,14ca4bbc73ca4815b1f78c7dd2776015,29,Work
1777,03/06/2020T08:10:00 ,2020-03-06,OW Transport,"(4055931.5178130977, 2950463.4801956057)",e8ff6b13b55245e182a5098a7afcb14d,54,Work,2a334730aed346f3bf87bb038253d199,4,Work
1777,03/06/2020T08:10:00 ,2020-03-06,OW Finance,"(4029886.132004339, 2940983.312252022)",96d6fc1e2e0d4aa2930765dcb2932ebf,29,Work,1c9c6843992d49dea2baba8b278ecee1,58,Work
1778,03/06/2020T08:20:00 ,2020-03-06,OW Manufacturing,"(4041994.9357273723, 2949416.2223347416)",acb9b7c411604822bfbd2ca7806e4bf4,26,Work,ed0d9a4cecf94399bd387fcefe04b3e1,61,Work
1778,03/06/2020T08:20:00 ,2020-03-06,OW ICT,"(4038124.8254480036, 2950113.3998562694)",18a0b3b9b95d4c35a0ea97d6017c7844,58,Work,50f5abc86b144a3889e1ef86eedfae6b,44,Work
1778,03/06/2020T08:20:00 ,2020-03-06,Hotel,"(4039845.6103672986, 2941449.460067877)",77817ffd7f564ea6a2d7df734eb30ae6,32,Work,d36de71af6f447e89d60207d040b3774,20,Work
1779,03/06/2020T08:30:00 ,2020-03-06,OW Manufacturing,"(4041994.9357273723, 2949416.2223347416)",dc37268b74414c089854b58e60b9f895,28,Work,b27abbdfd8264e31973cb221ea360197,1,Work
1779,03/06/2020T08:30:00 ,2020-03-06,OW Manufacturing,"(4041994.9357273723, 2949416.2223347416)",8f77e67cd23749d0a7eefbabac8fddd4,55,Work,353bc4445c1b4ec7b940d4738cf71ca7,42,Work
1779,03/06/2020T08:30:00 ,2020-03-06,OW Manufacturing,"(4041994.9357273723, 2949416.2223347416)",4066f81c5827449d83f5b51e83717728,51,Work,650846505119434da6c1c24702c974d9,53,Work
1779,03/06/2020T08:30:00 ,2020-03-06,OW Transport,"(4039385.8012878024, 2979458.8174780845)",8ef1b028b31a4d77a6c3927edbfc3af6,32,Work,a2bc6da7ba5a45ed848ce3c6520b27b4,50,Work
1779,03/06/2020T08:30:00 ,2020-03-06,OW Transport,"(4055931.5178130977, 2950463.4801956057)",3889832370f14e6a96cbb0ae399321b3,57,Work,177a7649916f4bd7a5993f42296cca8d,44,Work
1780,03/06/2020T08:40:00 ,2020-03-06,OW Manufacturing,"(4041994.9357273723, 2949416.2223347416)",bb612bbee2d14663a18c4497d5130edf,53,Work,ae3e5a54cafb4139bc797dd060c0c990,55,Work
1780,03/06/2020T08:40:00 ,2020-03-06,OW Manufacturing,"(4033152.122280112, 2937616.4047832955)",a712d36e770a4d28aeafcf8a6c6e4aac,60,Work,dffac714f8f842588f26d6d45ee3853e,58,Work
1780,03/06/2020T08:40:00 ,2020-03-06,OW Transport,"(4055931.5178130977, 2950463.4801956057)",ac090bb47b4b401d936f352a3095af3f,50,Work,0657d395967b41f69a239bfb3c6804da,34,Work
1780,03/06/2020T08:40:00 ,2020-03-06,OW Finance,"(4023314.6408982556, 2946277.926834426)",1651867d83664e13aae607b153d153c5,54,Work,12477f1879aa4e0793b389e00bae317c,33,Work
1780,03/06/2020T08:40:00 ,2020-03-06,Hotel,"(4039845.6103672986, 2941449.460067877)",78297e9343b041c49f9898e43eb8e6a7,21,Work,bcadbc7d20fa43cd9bbb3c568c9512bf,44,Work
1780,03/06/2020T08:40:00 ,2020-03-06,Hotel,"(4039845.6103672986, 2941449.460067877)",5f6fff5b462e4aa7a7da424325e8b19d,59,Work,4d39941c85f047aead4490f8697e0aa7,30,Work
1781,03/06/2020T08:50:00 ,2020-03-06,OW Manufacturing,"(4041994.9357273723, 2949416.2223347416)",674d390cb6f64eed80767af67bb93609,33,Work,24c6ab8614184bb2a38fbcfd5b9925aa,47,Work
1781,03/06/2020T08:50:00 ,2020-03-06,OW Manufacturing,"(4033152.122280112, 2937616.4047832955)",9736ab2145834c8b8c4bc2821e4e1ad9,57,Work,7c4e817995b14cb0a5836ccc93008a48,58,Work
1781,03/06/2020T08:50:00 ,2020-03-06,OW ICT,"(4038124.8254480036, 2950113.3998562694)",9a7f767658974c5ea9fee91399719aeb,25,Work,ee4e93e2030e4bfaa70d31a1a59d90ce,36,Work
1781,03/06/2020T08:50:00 ,2020-03-06,Hospital,"(4058154.76725065, 2949603.507869995)",f0a9c1f2974640e9a38c8825e9492930,64,Work,b45532970144460197b8421744a0ccb5,82,House
1781,03/06/2020T08:50:00 ,2020-03-06,Hotel,"(4052338.7495028917, 2953361.7474639043)",6efc2faafb784eb2a0b83ba03351e160,46,Work,2cc7180b03034ca4a790f8c79d5898ee,50,Work
1782,03/06/2020T09:00:00 ,2020-03-06,OW Administration,"(4037093.952595035, 2937035.4484564867)",e41009826032420891a9e838ba31a5c1,37,Work,7da845b534564f1f929af166720f3fe5,43,Work
1782,03/06/2020T09:00:00 ,2020-03-06,Hotel,"(4039845.6103672986, 2941449.460067877)",c77f5d7d74904af4a9049324b160f9bc,30,Work,d36de71af6f447e89d60207d040b3774,20,Work
1783,03/06/2020T09:10:00 ,2020-03-06,OW ICT,"(4038124.8254480036, 2950113.3998562694)",a1e89d5cae6a4600afc3ba5a6f5977b4,33,Work,7f3fbad50f2b4d4295646fe5213867b0,33,Work
1783,03/06/2020T09:10:00 ,2020-03-06,Indoor Sport,"(4050206.9476461597, 2951923.276650936)",ee9593ec4b3b443588ed5323181db4ef,45,Work,5617bb349c68448fbaad9ee0332faa6e,35,Work
1784,03/06/2020T09:20:00 ,2020-03-06,OW Manufacturing,"(4033152.122280112, 2937616.4047832955)",05cf0d4a803d4ae4bbdda500be9f123d,39,Work,ee87411a64a4490fa394792d6c479014,48,Work
1784,03/06/2020T09:20:00 ,2020-03-06,OW Finance,"(4023314.6408982556, 2946277.926834426)",245e7bd62976491692f80f4538e42b88,22,Work,ce604b7db76247aba83bf7c861627f16,38,Work
1784,03/06/2020T09:20:00 ,2020-03-06,OW Finance,"(4023314.6408982556, 2946277.926834426)",81c6a5472978444e880510e7e717544f,55,Work,ce604b7db76247aba83bf7c861627f16,38,Work
1784,03/06/2020T09:20:00 ,2020-03-06,OW Finance,"(4029886.132004339, 2940983.312252022)",27f04bba406d47eba962361312f3b391,45,Work,adc68a560dea48bdb32dfc3c6d8f3234,36,Work
1784,03/06/2020T09:20:00 ,2020-03-06,Indoor Sport,"(4050206.9476461597, 2951923.276650936)",0072034f823648378d251ab38d67e8fb,23,Work,5617bb349c68448fbaad9ee0332faa6e,35,Work
1785,03/06/2020T09:30:00 ,2020-03-06,OW Manufacturing,"(4041994.9357273723, 2949416.2223347416)",a79b767a671f43508ad0dbdbc788239d,49,Work,eda410f46823409dabf925ec92a39e46,43,Work
1785,03/06/2020T09:30:00 ,2020-03-06,OW Manufacturing,"(4041994.9357273723, 2949416.2223347416)",8a2cd30567644f4fa20ec6008a096d79,46,Work,58674bde8fbc467faf600ccc5a12501a,46,Work
1785,03/06/2020T09:30:00 ,2020-03-06,OW Manufacturing,"(4041994.9357273723, 2949416.2223347416)",4877f096d53342b0b3eabcded86ebc88,37,Work,e8c0a2e4dc7d466eb7c2b492889ebab9,24,Work
1785,03/06/2020T09:30:00 ,2020-03-06,OW Manufacturing,"(4041994.9357273723, 2949416.2223347416)",944e16f0577a49fdadc60874fb5839c7,26,Work,149b11ff1e0546d1b8eb3d18e2c9c0e9,30,Work
1785,03/06/2020T09:30:00 ,2020-03-06,OW Transport,"(4055931.5178130977, 2950463.4801956057)",b5e1afefd143411ba053a9916665d5fc,44,Work,177a7649916f4bd7a5993f42296cca8d,44,Work
1785,03/06/2020T09:30:00 ,2020-03-06,OW ICT,"(4038124.8254480036, 2950113.3998562694)",9d80fb1093bc470cbbbb0ce82361f931,56,Work,be05157f097146eea468bec927c7a848,54,Work
1785,03/06/2020T09:30:00 ,2020-03-06,OW ICT,"(4038124.8254480036, 2950113.3998562694)",f7bbbd3af2ad4a18b951dad3e720192a,48,Work,43a2619f2ce24c9a98e0872b201055db,30,Work
1785,03/06/2020T09:30:00 ,2020-03-06,OW Finance,"(4023314.6408982556, 2946277.926834426)",eb793c6ee93e45fb98b3493469fd476c,48,Work,c0e1e0fc146c4959a0fe4653847414f8,36,Work
1785,03/06/2020T09:30:00 ,2020-03-06,OW Finance,"(4029886.132004339, 2940983.312252022)",c3482e6b18be4f1bb6a2849280159daa,18,Work,bdec4764d7da49c9a6f9a0ac3580f4f0,36,Work
1785,03/06/2020T09:30:00 ,2020-03-06,OW Finance,"(4029886.132004339, 2940983.312252022)",136bf7ea1c4d46deabdd580a0f9ca0b3,57,Work,1dc588e30949403897a37fe267a6d832,54,Work
1785,03/06/2020T09:30:00 ,2020-03-06,Shop,"(4035835.5297417524, 2951371.855012576)",2537368bc1ef4d0ea200d4d06669a37e,45,Work,ab5e5ff1ac174694a6fea74b080086cb,21,Work
1786,03/06/2020T09:40:00 ,2020-03-06,OW Manufacturing,"(4041994.9357273723, 2949416.2223347416)",663db41e682b42b58a6d9649611d6c3a,34,Work,24c6ab8614184bb2a38fbcfd5b9925aa,47,Work
1786,03/06/2020T09:40:00 ,2020-03-06,OW Manufacturing,"(4041994.9357273723, 2949416.2223347416)",870f647135494fcbaa0d6ab5d37d6398,53,Work,d31df8364ffb4b5c973aab51a6bfa7a0,54,Work
1786,03/06/2020T09:40:00 ,2020-03-06,OW Manufacturing,"(4041994.9357273723, 2949416.2223347416)",6dbe1c21481f4b5c9b77b9ce6448980f,56,Work,d31df8364ffb4b5c973aab51a6bfa7a0,54,Work
1786,03/06/2020T09:40:00 ,2020-03-06,OW Finance,"(4023314.6408982556, 2946277.926834426)",dd5b582c18f2459d9b85fbf6c7f88293,33,Work,9df45b91da83401397c8763aa3d969fb,23,Work
1786,03/06/2020T09:40:00 ,2020-03-06,OW Finance,"(4023314.6408982556, 2946277.926834426)",c59410a268924771970f315287a757c7,40,Work,7f9c3cc28fa4414e979252b5c461a8da,27,Work
1787,03/06/2020T09:50:00 ,2020-03-06,OW Manufacturing,"(4041994.9357273723, 2949416.2223347416)",68dc6b5eb4da41ee93c2631ff88c04a6,31,Work,eda410f46823409dabf925ec92a39e46,43,Work
1787,03/06/2020T09:50:00 ,2020-03-06,OW Manufacturing,"(4041994.9357273723, 2949416.2223347416)",6956d4bdf7204014a72f7a4c5d3fd467,57,Work,db785e4a60424d6bb6d11e398c25bd02,32,Work
1787,03/06/2020T09:50:00 ,2020-03-06,OW Manufacturing,"(4041994.9357273723, 2949416.2223347416)",33e905a1eb594f189a6c033c1627d137,38,Work,58674bde8fbc467faf600ccc5a12501a,46,Work
1787,03/06/2020T09:50:00 ,2020-03-06,Indoor Sport,"(4050206.9476461597, 2951923.276650936)",44163b4c7b574e26bb7873075c969574,40,Work,5617bb349c68448fbaad9ee0332faa6e,35,Work
1788,03/06/2020T10:00:00 ,2020-03-06,OW Manufacturing,"(4041994.9357273723, 2949416.2223347416)",05f7c184d02e49d799e36c74556aaa67,39,Work,4acdce6292ab4a729fe4001dab0c9e8d,23,Work
1788,03/06/2020T10:00:00 ,2020-03-06,OW Manufacturing,"(4033152.122280112, 2937616.4047832955)",e98bd9abccaa45bba96ff23419d2414b,35,Work,121e93fd62504fd9a97a10bd80435705,24,Work
1788,03/06/2020T10:00:00 ,2020-03-06,OW Transport,"(4055931.5178130977, 2950463.4801956057)",6160b1f039514d1d960d2636d5dcf394,42,Work,4cc1e426a3274d5fb8c86662fc90deb7,51,Work
1788,03/06/2020T10:00:00 ,2020-03-06,OW Transport,"(4055931.5178130977, 2950463.4801956057)",618bdb628de04ba1ad63e573d3db352d,42,Work,268de597c0a34fd8b95dad45b3a5486d,49,Work
1788,03/06/2020T10:00:00 ,2020-03-06,OW Transport,"(4055931.5178130977, 2950463.4801956057)",4ed0e4dbc3bd4b90bd1f135e138abb54,50,Work,55b3c4bd21eb4a3dbe7c876791ff4b7f,47,Work
1788,03/06/2020T10:00:00 ,2020-03-06,OW Finance,"(4023314.6408982556, 2946277.926834426)",9296801025e54dddb2ab0affe5f45381,41,Work,34e36cbdbe384c8da62a39572b14dbec,38,Work
1788,03/06/2020T10:00:00 ,2020-03-06,OW Finance,"(4029886.132004339, 2940983.312252022)",2793455d05c049c091d12d7bf70d8088,18,Work,c447aa251e48462baad1a0bacbcd132a,24,Work
1788,03/06/2020T10:00:00 ,2020-03-06,Hotel,"(4039845.6103672986, 2941449.460067877)",9c0c073cfecf4ec8a042db6ffa6e465b,26,Work,e63c1a8321144457b2744fc08e6614eb,46,Work
1788,03/06/2020T10:00:00 ,2020-03-06,Indoor Sport,"(4050206.9476461597, 2951923.276650936)",39ef181d6024433681b58d41ec7667e7,48,Work,6ad15cecec91476eae0c59167f44e982,26,Work
1789,03/06/2020T10:10:00 ,2020-03-06,OW Manufacturing,"(4041994.9357273723, 2949416.2223347416)",bf7fd92ae40340bda26a483a6ac04196,38,Work,ca20ef88991a4f49b35a1f4df0bdbde8,25,Work
1789,03/06/2020T10:10:00 ,2020-03-06,OW Transport,"(4055931.5178130977, 2950463.4801956057)",f896d2392ee044a28d267912a4cc06ae,33,Work,eba1da629be644b882da7b4545c45842,34,Work
1789,03/06/2020T10:10:00 ,2020-03-06,OW Transport,"(4055931.5178130977, 2950463.4801956057)",7ef0619a0b6247f59979fae6091fc3da,37,Work,eba1da629be644b882da7b4545c45842,34,Work
1789,03/06/2020T10:10:00 ,2020-03-06,OW ICT,"(4038124.8254480036, 2950113.3998562694)",b6fa7249374b4fb7a5f9fcfc723ef41a,30,Work,465eba76052644d391ebab46e37df5e2,25,Work
1789,03/06/2020T10:10:00 ,2020-03-06,OW ICT,"(4038124.8254480036, 2950113.3998562694)",3c5c0a2ce19745f78cedf0449da63afc,29,Work,d300366b233e487d95a2ee616ab74040,43,Work
1789,03/06/2020T10:10:00 ,2020-03-06,OW ICT,"(4038124.8254480036, 2950113.3998562694)",41815d58e4f54dc3844d45c0fcd1d883,25,Work,12491e894a8243df9bc9575c58342164,35,Work
1789,03/06/2020T10:10:00 ,2020-03-06,OW ICT,"(4038124.8254480036, 2950113.3998562694)",1fc877db03254fc1b1a2aed9e73bc4d4,38,Work,be05157f097146eea468bec927c7a848,54,Work
1789,03/06/2020T10:10:00 ,2020-03-06,OW Finance,"(4029886.132004339, 2940983.312252022)",0bae8db0abb747918094aa003eb9a9dc,33,Work,c0d42b2b0ce64e9bae1ef8e582000fb9,20,Work
1790,03/06/2020T10:20:00 ,2020-03-06,Care Home,"(4039528.9994623875, 2952253.717866595)",9e1d2ae0961a4e40b94e52458f82bfae,36,Work,1bef945328d84dbdad03e2d0b577eaa7,26,Work
1790,03/06/2020T10:20:00 ,2020-03-06,OW Manufacturing,"(4041994.9357273723, 2949416.2223347416)",be6607886ae8413c9a84462a6d75907b,24,Work,24c6ab8614184bb2a38fbcfd5b9925aa,47,Work
1790,03/06/2020T10:20:00 ,2020-03-06,OW Transport,"(4055931.5178130977, 2950463.4801956057)",be075d9888634728aea6c3534ad4a07c,39,Work,268de597c0a34fd8b95dad45b3a5486d,49,Work
1790,03/06/2020T10:20:00 ,2020-03-06,OW ICT,"(4038124.8254480036, 2950113.3998562694)",88d3adf116024e93ac5ca5d2d11c32a9,61,Work,7e8e9041ae334753bc58ba203306f597,38,Work
1790,03/06/2020T10:20:00 ,2020-03-06,OW ICT,"(4038124.8254480036, 2950113.3998562694)",793639161d3245fbbfd534a30a017ccc,41,Work,eb1b63761e99407d8499a6e855d07904,23,Work
1791,03/06/2020T10:30:00 ,2020-03-06,OW Manufacturing,"(4041994.9357273723, 2949416.2223347416)",2be807d98e4b407f982739ca419a1739,38,Work,ae3e5a54cafb4139bc797dd060c0c990,55,Work
1791,03/06/2020T10:30:00 ,2020-03-06,OW Manufacturing,"(4041994.9357273723, 2949416.2223347416)",4fae35fa04fa49ca882ecf001e45d60a,24,Work,0e05ff9f970d4f1bbe4442b08ed369d8,34,Work
1791,03/06/2020T10:30:00 ,2020-03-06,OW Manufacturing,"(4033152.122280112, 2937616.4047832955)",301fb70fab7b4b16b5a05ace1c9c480f,44,Work,dffac714f8f842588f26d6d45ee3853e,58,Work
1791,03/06/2020T10:30:00 ,2020-03-06,OW Finance,"(4029886.132004339, 2940983.312252022)",d7f99c7fe9914d268f6d5b23bba229c7,57,Work,f354711d527440b4869a1a6bf5eb2a3b,49,Work
1791,03/06/2020T10:30:00 ,2020-03-06,OW Finance,"(4029886.132004339, 2940983.312252022)",8f773e4ff79c432b829b2b748106f0e9,47,Work,6802705c28d247cda104f9bd17001296,20,Work
1792,03/06/2020T10:40:00 ,2020-03-06,Care Home,"(4039528.9994623875, 2952253.717866595)",04124bf7dcc94f5da76935c76c9b61e2,95,Outdoor,c27b60f0ec3544b0b9ef75060aea255c,92,House
1792,03/06/2020T10:40:00 ,2020-03-06,OW Manufacturing,"(4041994.9357273723, 2949416.2223347416)",5f5d4a4cf8644fdab091c197225b036b,35,Work,5992cc4eb91448788f5ec6f61dbbdaaa,23,Work
1792,03/06/2020T10:40:00 ,2020-03-06,OW Manufacturing,"(4041994.9357273723, 2949416.2223347416)",baaf923adb4f46b193bd2a1677cf9a08,40,Work,26805e857abd45d2b71e0613e98c0751,53,Work
1792,03/06/2020T10:40:00 ,2020-03-06,OW Transport,"(4055931.5178130977, 2950463.4801956057)",f3e3649b58af4fc3af6ccb0875360ff0,27,Work,55b3c4bd21eb4a3dbe7c876791ff4b7f,47,Work
1792,03/06/2020T10:40:00 ,2020-03-06,OW ICT,"(4038124.8254480036, 2950113.3998562694)",33cb9418ae464dbeaaecd3627b6dc552,63,Work,d300366b233e487d95a2ee616ab74040,43,Work
1792,03/06/2020T10:40:00 ,2020-03-06,OW Finance,"(4029886.132004339, 2940983.312252022)",a526372e86214c249d5ab456e29afc24,25,Work,c447aa251e48462baad1a0bacbcd132a,24,Work
1792,03/06/2020T10:40:00 ,2020-03-06,OW Administration,"(4037093.952595035, 2937035.4484564867)",d9bfcb42223d45b5ab5c2539f7720886,54,Work,7da845b534564f1f929af166720f3fe5,43,Work
1792,03/06/2020T10:40:00 ,2020-03-06,Hotel,"(4039845.6103672986, 2941449.460067877)",3185c64f341742489a49bebd24bdefd1,23,Work,acaaac9e8bf14a9e8843123dbc795ca7,42,Work
1792,03/06/2020T10:40:00 ,2020-03-06,Secondary School,"(4023572.0606558337, 2941851.910132927)",c35a3699989047259f393e083998e646,21,School,092cde43b97f48de96f37e1d726609f7,21,School
1793,03/06/2020T10:50:00 ,2020-03-06,OW Manufacturing,"(4041994.9357273723, 2949416.2223347416)",9520948e48d14562a260123054b60b4a,59,Work,f5154cb3847f497d89edf40b38012718,39,Work
1793,03/06/2020T10:50:00 ,2020-03-06,OW Manufacturing,"(4041994.9357273723, 2949416.2223347416)",474e9f9b3d33471c882bbcf6cef82faf,62,Work,26013076c86a4f539ed6d12c3b2e576c,41,Work
1793,03/06/2020T10:50:00 ,2020-03-06,OW ICT,"(4038124.8254480036, 2950113.3998562694)",6ef82cce6de5452e9b68128fb66dfaee,25,Work,0a8e77e4ff374d6bae3faa4b76b9b9dd,54,Work
1793,03/06/2020T10:50:00 ,2020-03-06,OW Finance,"(4023314.6408982556, 2946277.926834426)",79c895dd6d0a4abfa33a83ef1d97edeb,29,Work,1a5feb838cd84129843acfa0bbc79ddc,42,Work
1794,03/06/2020T11:00:00 ,2020-03-06,OW Manufacturing,"(4041994.9357273723, 2949416.2223347416)",7bb2bb3730ef40ad9b929b9b1bfad1ab,20,Work,740a6968a4234508b54e7d3b4193268c,33,Work
1794,03/06/2020T11:00:00 ,2020-03-06,OW Manufacturing,"(4041994.9357273723, 2949416.2223347416)",f7fac0773c1f45f4a705764d2776133c,58,Work,e8c0a2e4dc7d466eb7c2b492889ebab9,24,Work
1794,03/06/2020T11:00:00 ,2020-03-06,OW Manufacturing,"(4041994.9357273723, 2949416.2223347416)",6572e6222f7b4e9f9b1473c980fc0474,22,Work,ed0d9a4cecf94399bd387fcefe04b3e1,61,Work
1794,03/06/2020T11:00:00 ,2020-03-06,OW Manufacturing,"(4033152.122280112, 2937616.4047832955)",bfe8eed54b0a478cae875b32eed987fe,42,Work,4fb304f38a8d471c8885124a38a957e4,56,Work
1794,03/06/2020T11:00:00 ,2020-03-06,OW ICT,"(4038124.8254480036, 2950113.3998562694)",3da4ce5c85bd473fb24929d0ef89be56,43,Work,837787604de4490a87e5e86c0fc7f736,43,Work
1794,03/06/2020T11:00:00 ,2020-03-06,OW Finance,"(4023314.6408982556, 2946277.926834426)",9b22bee84620464da3ddcae0dab68e5b,49,Work,de27eedaf04946d0bf47c6bfba1e580e,27,Work
1794,03/06/2020T11:00:00 ,2020-03-06,Indoor Sport,"(4050206.9476461597, 2951923.276650936)",7df1f17d883f43c192504f96439803a6,64,Work,5617bb349c68448fbaad9ee0332faa6e,35,Work
1795,03/06/2020T11:10:00 ,2020-03-06,OW Manufacturing,"(4041994.9357273723, 2949416.2223347416)",1aa661c895154dcc88f610c7bb811d12,20,Work,08217e2b01c744549d78c4a5c9eee925,41,Work
1795,03/06/2020T11:10:00 ,2020-03-06,OW Manufacturing,"(4041994.9357273723, 2949416.2223347416)",4f8d6149a57142c08818e98f26ea1c27,26,Work,0e02f4f3f4934f0594dbb14a2854b0f1,26,Work
1795,03/06/2020T11:10:00 ,2020-03-06,OW Transport,"(4055931.5178130977, 2950463.4801956057)",14baebe1ca4640aebf360de2588977bd,58,Work,b240209672774d88b24ef72ded56d075,31,Work
1795,03/06/2020T11:10:00 ,2020-03-06,OW Finance,"(4023314.6408982556, 2946277.926834426)",49b41350b9ff438888b264b2cd6695a2,20,Work,4b884bebaf9847548e2e6f66c61ebee5,41,Work
1795,03/06/2020T11:10:00 ,2020-03-06,OW Finance,"(4029886.132004339, 2940983.312252022)",fe125d8257a34ead8e1687230f5450b6,48,Work,6f083d67427f49d38cc74109325c8556,20,Work
1795,03/06/2020T11:10:00 ,2020-03-06,OW Finance,"(4029886.132004339, 2940983.312252022)",8ed19edfefdf418c910a86cf0d79a17d,36,Work,3b5ca6d7780a490b8e9d05a6b2600f3b,23,Work
1795,03/06/2020T11:10:00 ,2020-03-06,Shop,"(4035835.5297417524, 2951371.855012576)",a6519e77c7c647029664cf6cc8935e79,34,Work,ab5e5ff1ac174694a6fea74b080086cb,21,Work
1796,03/06/2020T11:20:00 ,2020-03-06,Care Home,"(4039528.9994623875, 2952253.717866595)",125319fa9a9b401da2bf1f4b4fcd2890,21,Work,b8f07722c09a4823a7fc4cad57bd2755,55,Work
1796,03/06/2020T11:20:00 ,2020-03-06,OW Manufacturing,"(4041994.9357273723, 2949416.2223347416)",94ae364a76ff435b9a43228bcc0bf79d,63,Work,19da17d9f7b046b6809924ba06a22a8b,49,Work
1796,03/06/2020T11:20:00 ,2020-03-06,OW ICT,"(4038124.8254480036, 2950113.3998562694)",7f4781314b79493f86f407a03c196184,41,Work,ee4e93e2030e4bfaa70d31a1a59d90ce,36,Work
1796,03/06/2020T11:20:00 ,2020-03-06,OW ICT,"(4038124.8254480036, 2950113.3998562694)",830fb10a8aa84419ae3be4e24b68a5bf,51,Work,e855a348047644ad982aa6d79560c65f,37,Work
1796,03/06/2020T11:20:00 ,2020-03-06,Indoor Sport,"(4050206.9476461597, 2951923.276650936)",54fd4079903c448b9d1b8c301fb5f47f,21,Work,6ad15cecec91476eae0c59167f44e982,26,Work
1797,03/06/2020T11:30:00 ,2020-03-06,OW Manufacturing,"(4041994.9357273723, 2949416.2223347416)",2604a5bc2387463c930aa190d921fe0c,57,Work,740a6968a4234508b54e7d3b4193268c,33,Work
1797,03/06/2020T11:30:00 ,2020-03-06,OW Manufacturing,"(4041994.9357273723, 2949416.2223347416)",03a2548bb74642039286ca22c3e42dc8,33,Work,4acdce6292ab4a729fe4001dab0c9e8d,23,Work
1797,03/06/2020T11:30:00 ,2020-03-06,OW Manufacturing,"(4041994.9357273723, 2949416.2223347416)",dacdfd497fdc41c1854603d577b16ce1,37,Work,4acdce6292ab4a729fe4001dab0c9e8d,23,Work
1797,03/06/2020T11:30:00 ,2020-03-06,OW Finance,"(4029886.132004339, 2940983.312252022)",2549728a9a0b4224bcf76e33574f6987,30,Work,71ec7b4c981a4a68bf0a8ab5e5682782,32,Work
1797,03/06/2020T11:30:00 ,2020-03-06,OW Finance,"(4029886.132004339, 2940983.312252022)",6b449505302e483680b4a5abd9480be6,51,Work,f354711d527440b4869a1a6bf5eb2a3b,49,Work
1797,03/06/2020T11:30:00 ,2020-03-06,Hotel,"(4039845.6103672986, 2941449.460067877)",efb83e5f17934776aeaff5d34bd776ca,35,Work,bcadbc7d20fa43cd9bbb3c568c9512bf,44,Work
1797,03/06/2020T11:30:00 ,2020-03-06,Indoor Sport,"(4050206.9476461597, 2951923.276650936)",3f78b03fc3a845cbbd19cdf5bd349f93,29,Work,6ad15cecec91476eae0c59167f44e982,26,Work
1798,03/06/2020T11:40:00 ,2020-03-06,Care Home,"(4039528.9994623875, 2952253.717866595)",89c1fd592f8c4fa48743622b235f6e02,46,Work,1a29cb999b044b70844ebd4afc30e6a8,92,House
1798,03/06/2020T11:40:00 ,2020-03-06,OW Manufacturing,"(4041994.9357273723, 2949416.2223347416)",56f4fe5734cf46578fe33f9b03fc5b19,44,Work,5988e213d28f4b6788d47b0fce574c45,34,Work
1798,03/06/2020T11:40:00 ,2020-03-06,OW Manufacturing,"(4041994.9357273723, 2949416.2223347416)",694fc22b25c74ca49d90c4d0c0981415,24,Work,6e3ca4c3d50048e2a4c8ccec89891b18,34,Work
1798,03/06/2020T11:40:00 ,2020-03-06,OW ICT,"(4038124.8254480036, 2950113.3998562694)",bf1098abe57b434596ea46682f2aa1e7,37,Work,eb1b63761e99407d8499a6e855d07904,23,Work
1798,03/06/2020T11:40:00 ,2020-03-06,OW Finance,"(4029886.132004339, 2940983.312252022)",a22c7526a4d44bc384f6e97cba707e30,57,Work,34cb9a6b5bf1413ebad6ff0d7174ca0a,45,Work
1798,03/06/2020T11:40:00 ,2020-03-06,Indoor Sport,"(4050206.9476461597, 2951923.276650936)",c06c636d94c54d7fa006e88728ce7f3d,25,Work,9b3a02da8b62419ebf1bbc61c57fea53,30,Work
1799,03/06/2020T11:50:00 ,2020-03-06,OW Manufacturing,"(4041994.9357273723, 2949416.2223347416)",16033ce131b74e60888fb51a872dbc09,69,Work,26805e857abd45d2b71e0613e98c0751,53,Work
1799,03/06/2020T11:50:00 ,2020-03-06,OW Finance,"(4023314.6408982556, 2946277.926834426)",216d1a8e965a4e1cb321198bc71c671d,36,Work,5353f997703f4705883ba93ef7523c10,52,Work
1799,03/06/2020T11:50:00 ,2020-03-06,OW Finance,"(4029886.132004339, 2940983.312252022)",508f95c3d8c44d6fb9583e6fcd2ee6b9,37,Work,f354711d527440b4869a1a6bf5eb2a3b,49,Work
1800,03/06/2020T12:00:00 ,2020-03-06,Care Home,"(4039528.9994623875, 2952253.717866595)",dcbe713b3d8642e08a64dc5fc05496f8,93,House,dd41c45c6b0e4895bcc91cbe52fb5989,46,Work
1800,03/06/2020T12:00:00 ,2020-03-06,OW Manufacturing,"(4041994.9357273723, 2949416.2223347416)",139e2f81e9d04c82962d4b8fb8303a1b,47,Work,b27abbdfd8264e31973cb221ea360197,1,Work
1800,03/06/2020T12:00:00 ,2020-03-06,OW Manufacturing,"(4033152.122280112, 2937616.4047832955)",8be191d758a04de8a6b61342d6a57eac,44,Work,c152db52fc6846bab5c18ee10cefd45f,61,Work
1800,03/06/2020T12:00:00 ,2020-03-06,OW Transport,"(4055931.5178130977, 2950463.4801956057)",12e90353335c485b919b44b1b61559d3,46,Work,eba1da629be644b882da7b4545c45842,34,Work
1800,03/06/2020T12:00:00 ,2020-03-06,OW ICT,"(4038124.8254480036, 2950113.3998562694)",3259140c795f4a31b61e0a7afb49899c,25,Work,ee4e93e2030e4bfaa70d31a1a59d90ce,36,Work
1800,03/06/2020T12:00:00 ,2020-03-06,OW Finance,"(4023314.6408982556, 2946277.926834426)",520c2f75fd774768826be89e0ecdc873,45,Work,4b884bebaf9847548e2e6f66c61ebee5,41,Work
1800,03/06/2020T12:00:00 ,2020-03-06,OW Finance,"(4023314.6408982556, 2946277.926834426)",6490a349f82549788c12e14bc85e54a9,59,Work,9fa3ec7721ad4e408e0cb03a08e83b83,36,Work
1800,03/06/2020T12:00:00 ,2020-03-06,OW Finance,"(4029886.132004339, 2940983.312252022)",7f6dc7a3c2d64e5296ee446325710f5e,34,Work,ab65fffdf7cd486790f5b031ffb3bad5,28,Work
1800,03/06/2020T12:00:00 ,2020-03-06,Hotel,"(4039845.6103672986, 2941449.460067877)",dc457dbad63846ffadccf8e79cf1525d,38,Work,3517cfb6ee384592a19f97ded8fa8806,31,Work
1801,03/06/2020T12:10:00 ,2020-03-06,OW Manufacturing,"(4041994.9357273723, 2949416.2223347416)",01d2dd1bf5d24b6da98feb950a9efd5f,59,Work,ea80728194044b51a9c727a806b52805,26,Work
1801,03/06/2020T12:10:00 ,2020-03-06,OW Manufacturing,"(4041994.9357273723, 2949416.2223347416)",dedd94b6468242a1942b02382476b1dd,27,Work,079470acd5eb4d3cb1ad3e4848734000,57,Work
1801,03/06/2020T12:10:00 ,2020-03-06,OW Transport,"(4055931.5178130977, 2950463.4801956057)",fc5449e17f744cf58e98f2e19bd2739e,44,Work,b2d351e052fa42ceabc028ef7c723f76,47,Work
1801,03/06/2020T12:10:00 ,2020-03-06,OW ICT,"(4038124.8254480036, 2950113.3998562694)",1451b29279a74774968ba087a9f96b3b,46,Work,321d9b3700f84aecb2e1ec934a02bd00,48,Work
1801,03/06/2020T12:10:00 ,2020-03-06,OW ICT,"(4038124.8254480036, 2950113.3998562694)",3a3df7d10aa04b34acba00ef503b3f93,27,Work,0a8e77e4ff374d6bae3faa4b76b9b9dd,54,Work
1801,03/06/2020T12:10:00 ,2020-03-06,OW Finance,"(4023314.6408982556, 2946277.926834426)",0733ec4506c548c19fbc3fa25b68d598,26,Work,303b73a19fbb4450ad5c04497e7beb13,27,Work
1802,03/06/2020T12:20:00 ,2020-03-06,OW Manufacturing,"(4041994.9357273723, 2949416.2223347416)",dd5aabe33b374c49b68beb257b398572,47,Work,808dfb01d6f546eea2666af982fd731d,40,Work
1802,03/06/2020T12:20:00 ,2020-03-06,OW Transport,"(4055931.5178130977, 2950463.4801956057)",863fa608e6d34d1dbadbde6e3e807d7d,52,Work,450c0582dbd7446d93afffd2df045263,21,Work
1802,03/06/2020T12:20:00 ,2020-03-06,OW Finance,"(4029886.132004339, 2940983.312252022)",55e9cd029ba94dc49bbc932538999ef0,59,Work,adc68a560dea48bdb32dfc3c6d8f3234,36,Work
1803,03/06/2020T12:30:00 ,2020-03-06,Care Home,"(4039528.9994623875, 2952253.717866595)",4cede246146b4e5e9e1d23c4c46287e3,36,Work,c27b60f0ec3544b0b9ef75060aea255c,92,House
1803,03/06/2020T12:30:00 ,2020-03-06,OW Manufacturing,"(4041994.9357273723, 2949416.2223347416)",148d30b8fc2a4a679ad47e6e6835b388,60,Work,336538ee2f39496f8fc741bbfd72c14b,58,Work
1803,03/06/2020T12:30:00 ,2020-03-06,OW Manufacturing,"(4041994.9357273723, 2949416.2223347416)",1a6be788d31c4d28a9d213f56afa6506,52,Work,1e54c44663b54847afc092209a5f4b6a,40,Work
1803,03/06/2020T12:30:00 ,2020-03-06,OW Manufacturing,"(4041994.9357273723, 2949416.2223347416)",154a82107b164ad7a3397d568167b4f7,56,Work,ca20ef88991a4f49b35a1f4df0bdbde8,25,Work
1803,03/06/2020T12:30:00 ,2020-03-06,OW Transport,"(4055931.5178130977, 2950463.4801956057)",172392319f764ce6a726ffa7c1fe806a,53,Work,ac4c228bf63f4e249b2c6a665be33239,23,Work
1804,03/06/2020T12:40:00 ,2020-03-06,OW Finance,"(4023314.6408982556, 2946277.926834426)",b1a30a9d8af244e9ba56979ee4c95928,49,Work,49d3075c186b453d808032b905e0dc54,60,Work
1804,03/06/2020T12:40:00 ,2020-03-06,OW Finance,"(4029886.132004339, 2940983.312252022)",8808aa179949403c8b8d647611caedcc,24,Work,f354711d527440b4869a1a6bf5eb2a3b,49,Work
1804,03/06/2020T12:40:00 ,2020-03-06,OW Finance,"(4029886.132004339, 2940983.312252022)",7f3eeffe3a3b4f49b56dfcd90860d35e,42,Work,1da17b546e054f99a534267c9b26a8b3,55,Work
1804,03/06/2020T12:40:00 ,2020-03-06,OW Administration,"(4037093.952595035, 2937035.4484564867)",b8dd727c91324c3ab55a9c2983d2d4f2,47,Work,ec3ba46492aa45b4a3bdb1af3ba5ea54,56,Work
1805,03/06/2020T12:50:00 ,2020-03-06,OW Manufacturing,"(4033152.122280112, 2937616.4047832955)",1e4082af2b2645a09e26195f95659c36,51,Work,4fb304f38a8d471c8885124a38a957e4,56,Work
1805,03/06/2020T12:50:00 ,2020-03-06,OW Manufacturing,"(4033152.122280112, 2937616.4047832955)",3cd210436b1345e3b036587dd17adfa7,56,Work,121e93fd62504fd9a97a10bd80435705,24,Work
1805,03/06/2020T12:50:00 ,2020-03-06,OW Transport,"(4055931.5178130977, 2950463.4801956057)",937179f2c02748c99405c120a63f8f30,54,Work,489fdfb228f24bf4aeabaa8aa63e404b,40,Work
1805,03/06/2020T12:50:00 ,2020-03-06,OW ICT,"(4038124.8254480036, 2950113.3998562694)",9fff9d9e477a4acd9aa9a8fa21a441cb,27,Work,81190d5ba89d4925bbdcaf852247e184,55,Work
1805,03/06/2020T12:50:00 ,2020-03-06,OW Finance,"(4023314.6408982556, 2946277.926834426)",1cfc671d28f84c9793f890e4ea426e39,39,Work,9c0f8549a6664336940eb8bab027fb5b,42,Work
1806,03/06/2020T13:00:00 ,2020-03-06,Care Home,"(4039528.9994623875, 2952253.717866595)",38773b47053b4687b9ff1b3a8bf53bd9,40,Work,e7d75e3b2c4c498aa0bfeb01d7a8e68e,20,Work
1806,03/06/2020T13:00:00 ,2020-03-06,OW Manufacturing,"(4041994.9357273723, 2949416.2223347416)",a4496f7654c343a3a35ca6c4a681e0fd,34,Work,bd20f3a7110f401fa65563831a1144e6,54,Work
1806,03/06/2020T13:00:00 ,2020-03-06,OW Transport,"(4055931.5178130977, 2950463.4801956057)",769443d15a1246e2b46629ccc9fd5af8,46,Work,eba1da629be644b882da7b4545c45842,34,Work
1806,03/06/2020T13:00:00 ,2020-03-06,OW Transport,"(4055931.5178130977, 2950463.4801956057)",7d90299e00414f67b11ea8a39a6b4cb5,52,Work,38ea997fc659493b93ce3a8838ee3b10,44,Work
1807,03/06/2020T13:10:00 ,2020-03-06,OW Finance,"(4029886.132004339, 2940983.312252022)",578753d001c74f979172a5b85867322e,54,Work,6802705c28d247cda104f9bd17001296,20,Work
1808,03/06/2020T13:20:00 ,2020-03-06,OW Manufacturing,"(4041994.9357273723, 2949416.2223347416)",a8df987c90e34dfdb44a9efbfb6df753,38,Work,b13ef1f4b5d24f78b640663539f24247,37,Work
1808,03/06/2020T13:20:00 ,2020-03-06,OW Manufacturing,"(4041994.9357273723, 2949416.2223347416)",9067d96366d948b6ba65c58fb6f32247,13,Work,b27abbdfd8264e31973cb221ea360197,1,Work
1808,03/06/2020T13:20:00 ,2020-03-06,OW Transport,"(4055931.5178130977, 2950463.4801956057)",4453194967b74777988313132f448028,28,Work,4beddb89ebcc4c49a9444590d7f06fd1,64,Work
1809,03/06/2020T13:30:00 ,2020-03-06,Care Home,"(4039528.9994623875, 2952253.717866595)",133e2467ac9c4691bd3e84fc1838a768,25,Work,4f1aad0d45ef44979698e95a463e5604,43,Work
1809,03/06/2020T13:30:00 ,2020-03-06,OW Manufacturing,"(4041994.9357273723, 2949416.2223347416)",8c0c7688759345a092d029c39c2a257a,40,Work,079470acd5eb4d3cb1ad3e4848734000,57,Work
1809,03/06/2020T13:30:00 ,2020-03-06,OW Manufacturing,"(4041994.9357273723, 2949416.2223347416)",c6da3e41f4ed4ea9b34ae64f3839ebac,37,Work,42cf895dc90f4a2fbb58ff47340f93de,51,Work
1809,03/06/2020T13:30:00 ,2020-03-06,OW Manufacturing,"(4033152.122280112, 2937616.4047832955)",bb68600281cc453599fd6d30940d5e46,41,Work,121e93fd62504fd9a97a10bd80435705,24,Work
1809,03/06/2020T13:30:00 ,2020-03-06,OW ICT,"(4038124.8254480036, 2950113.3998562694)",0ebd299cd7474f35a86671f6297f7fb1,45,Work,ee4e93e2030e4bfaa70d31a1a59d90ce,36,Work
1810,03/06/2020T13:40:00 ,2020-03-06,OW Manufacturing,"(4041994.9357273723, 2949416.2223347416)",94648589c77b4f59b2794f2d3f944314,43,Work,740a6968a4234508b54e7d3b4193268c,33,Work
1810,03/06/2020T13:40:00 ,2020-03-06,OW Manufacturing,"(4041994.9357273723, 2949416.2223347416)",336a7636cbcc49639d0fa7f2b635003a,45,Work,0e05ff9f970d4f1bbe4442b08ed369d8,34,Work
1810,03/06/2020T13:40:00 ,2020-03-06,OW Finance,"(4023314.6408982556, 2946277.926834426)",0dc9ebbc047b40069103da3a2eb83e90,29,Work,45aff487eace49fc81fa4b02496771fe,38,Work
1810,03/06/2020T13:40:00 ,2020-03-06,OW Finance,"(4023314.6408982556, 2946277.926834426)",b16f0a7b4f3844fd992d60392b30aab4,26,Work,f70674ccdfdc4997abc913c93c88dca8,32,Work
1811,03/06/2020T13:50:00 ,2020-03-06,OW Manufacturing,"(4041994.9357273723, 2949416.2223347416)",426eb2bd551a4cff85f9c6989049c3ac,21,Work,db785e4a60424d6bb6d11e398c25bd02,32,Work
1811,03/06/2020T13:50:00 ,2020-03-06,OW Manufacturing,"(4041994.9357273723, 2949416.2223347416)",9f85d99f6f224251abd54ac433d6cc52,37,Work,6e3ca4c3d50048e2a4c8ccec89891b18,34,Work
1811,03/06/2020T13:50:00 ,2020-03-06,OW Manufacturing,"(4041994.9357273723, 2949416.2223347416)",d8131fa1a7374275b1dd71c5b5b3fd06,42,Work,e6444726595941bda51881ced0c646c8,38,Work
1811,03/06/2020T13:50:00 ,2020-03-06,OW Manufacturing,"(4033152.122280112, 2937616.4047832955)",8c3b27ac3ee04f52b13f451db2b284f6,55,Work,7c4e817995b14cb0a5836ccc93008a48,58,Work
1811,03/06/2020T13:50:00 ,2020-03-06,OW ICT,"(4038124.8254480036, 2950113.3998562694)",5bb1a3fc7e4b4bfaad73668c6a2e97b2,40,Work,4669d64ce67a4a899e49e73585c0de44,26,Work
1811,03/06/2020T13:50:00 ,2020-03-06,OW ICT,"(4038124.8254480036, 2950113.3998562694)",10f95aafb93945d1a878d904f3ecc7fe,38,Work,aac293b3e4394c5f89bc4b4dbbf3c249,21,Work
1811,03/06/2020T13:50:00 ,2020-03-06,OW Finance,"(4029886.132004339, 2940983.312252022)",9d2ed56fca96423091534741545cebfa,20,Work,71ec7b4c981a4a68bf0a8ab5e5682782,32,Work
1811,03/06/2020T13:50:00 ,2020-03-06,Hotel,"(4039845.6103672986, 2941449.460067877)",667c4f613b7741c99a44737f9c0d76cd,23,Work,d36de71af6f447e89d60207d040b3774,20,Work
1811,03/06/2020T13:50:00 ,2020-03-06,Hotel,"(4039845.6103672986, 2941449.460067877)",e3fd046f221b4c1186a48a0805ea40c0,46,Work,309fd12ee55a46db9f5940d18a0c5bac,54,Work
1812,03/06/2020T14:00:00 ,2020-03-06,OW Manufacturing,"(4041994.9357273723, 2949416.2223347416)",cf4836f222b34bce8e99a567bdc88454,33,Work,b27abbdfd8264e31973cb221ea360197,1,Work
1812,03/06/2020T14:00:00 ,2020-03-06,OW Manufacturing,"(4041994.9357273723, 2949416.2223347416)",3e599d1a736f4123a93a395f611c2b95,48,Work,ca20ef88991a4f49b35a1f4df0bdbde8,25,Work
1812,03/06/2020T14:00:00 ,2020-03-06,OW Transport,"(4055931.5178130977, 2950463.4801956057)",effeaaf884ed46e885e13d9e66a9e4ec,28,Work,4beddb89ebcc4c49a9444590d7f06fd1,64,Work
1812,03/06/2020T14:00:00 ,2020-03-06,OW ICT,"(4038124.8254480036, 2950113.3998562694)",573695cb2caa4b75bf23c36d904878ee,54,Work,6b8f6f98d3ea41d7b3607cf91e4506b7,41,Work
1813,03/06/2020T14:10:00 ,2020-03-06,OW Manufacturing,"(4041994.9357273723, 2949416.2223347416)",4c2ffad0638441d4b47713a18da2f5ca,25,Work,42cf895dc90f4a2fbb58ff47340f93de,51,Work
1813,03/06/2020T14:10:00 ,2020-03-06,OW Manufacturing,"(4041994.9357273723, 2949416.2223347416)",e6d1b24f4e04426ea073066364070caa,51,Work,079470acd5eb4d3cb1ad3e4848734000,57,Work
1813,03/06/2020T14:10:00 ,2020-03-06,OW Manufacturing,"(4041994.9357273723, 2949416.2223347416)",bc1e6af935dc4cd4be6f6f1b758ae210,32,Work,94229b9696fd45bd9da65bb1a9d6350b,56,Work
1813,03/06/2020T14:10:00 ,2020-03-06,OW Manufacturing,"(4033152.122280112, 2937616.4047832955)",098cc26d42f840aa87df6d7a9728f67d,34,Work,af3c808bf12345a7a9d2cbf5d28c5990,35,Work
1813,03/06/2020T14:10:00 ,2020-03-06,OW Finance,"(4023314.6408982556, 2946277.926834426)",0ff446cd6d93478cbc2a9714037fc33b,34,Work,303b73a19fbb4450ad5c04497e7beb13,27,Work
1813,03/06/2020T14:10:00 ,2020-03-06,OW Finance,"(4023314.6408982556, 2946277.926834426)",0781aaa553664e4b85d158694868d73c,2,Work,d7ef348aa5024e9f8e8648b39bd75092,27,Work
1813,03/06/2020T14:10:00 ,2020-03-06,Indoor Sport,"(4050206.9476461597, 2951923.276650936)",28c4536ed78e4130846a490e563ab6ee,25,Work,514601b400164b12aae97e05abde1f0b,22,Work
1814,03/06/2020T14:20:00 ,2020-03-06,OW Manufacturing,"(4041994.9357273723, 2949416.2223347416)",68ba31f6aa7945b5845dfcae1d60df16,24,Work,650846505119434da6c1c24702c974d9,53,Work
1814,03/06/2020T14:20:00 ,2020-03-06,OW Manufacturing,"(4041994.9357273723, 2949416.2223347416)",af652ab3a6114781a744bf8a69f8a39d,32,Work,336538ee2f39496f8fc741bbfd72c14b,58,Work
1814,03/06/2020T14:20:00 ,2020-03-06,OW ICT,"(4038124.8254480036, 2950113.3998562694)",c5efc56182ad4eac956981b87f0a2095,45,Work,a1888014e4ad40b89a0e6471911fd3bc,40,Work
1815,03/06/2020T14:30:00 ,2020-03-06,Care Home,"(4039528.9994623875, 2952253.717866595)",30c4db6e30ff448a804833436c4c8d76,45,Work,dd41c45c6b0e4895bcc91cbe52fb5989,46,Work
1815,03/06/2020T14:30:00 ,2020-03-06,OW Manufacturing,"(4041994.9357273723, 2949416.2223347416)",806cc56b206a4c8bbf9017f77907e9b7,59,Work,9b91456847dd4cc6813491366c318f83,51,Work
1815,03/06/2020T14:30:00 ,2020-03-06,OW Manufacturing,"(4033152.122280112, 2937616.4047832955)",964196e7cb944ddb858597eaadb88ff3,26,Work,35ceff4383bb41439819b9cc6f298f8a,55,Work
1815,03/06/2020T14:30:00 ,2020-03-06,OW ICT,"(4038124.8254480036, 2950113.3998562694)",b70d61ff01b948cdbc5ecf870fb80320,47,Work,57f104cecc9a4d04a8db0fdca817c0bb,42,Work
1815,03/06/2020T14:30:00 ,2020-03-06,OW ICT,"(4038124.8254480036, 2950113.3998562694)",d2ac12f24e044cba90722706e712b975,54,Work,c7c518a0e4d94c0c8555034b77b9f0e4,23,Work
1815,03/06/2020T14:30:00 ,2020-03-06,OW Administration,"(4037093.952595035, 2937035.4484564867)",bd89021d757443118a77d2a93e01d46d,20,Work,7da845b534564f1f929af166720f3fe5,43,Work
1815,03/06/2020T14:30:00 ,2020-03-06,Indoor Sport,"(4050206.9476461597, 2951923.276650936)",a7a7f1bbcb5a427f8d0a9179303649f3,48,Work,ecb059339efc4d088a10166cfa7ad1ff,41,Work
1816,03/06/2020T14:40:00 ,2020-03-06,OW Manufacturing,"(4041994.9357273723, 2949416.2223347416)",837fb125e4d34851b11a522b58389d18,52,Work,a1a99aa684364e4589359337a5897c90,22,Work
1816,03/06/2020T14:40:00 ,2020-03-06,OW Manufacturing,"(4041994.9357273723, 2949416.2223347416)",a8126e6ceac4493e9dd9a74ac47b3050,52,Work,740a6968a4234508b54e7d3b4193268c,33,Work
1816,03/06/2020T14:40:00 ,2020-03-06,OW Transport,"(4055931.5178130977, 2950463.4801956057)",082323ae7fa34378b4e84e3cce52063e,41,Work,e7748d2ce1a940578702a7de959d047f,28,Work
1816,03/06/2020T14:40:00 ,2020-03-06,OW ICT,"(4038124.8254480036, 2950113.3998562694)",0bc8d6d5d25945c093123c10b44af73d,41,Work,533d07153be44f12a311d746e7730bdc,27,Work
1816,03/06/2020T14:40:00 ,2020-03-06,OW Finance,"(4029886.132004339, 2940983.312252022)",aded25e35b064c22964a51ce23be20fd,26,Work,3b5ca6d7780a490b8e9d05a6b2600f3b,23,Work
1816,03/06/2020T14:40:00 ,2020-03-06,OW Administration,"(4037093.952595035, 2937035.4484564867)",4387e720653b4fd9a5cbe75c968b4bec,0,Work,7da845b534564f1f929af166720f3fe5,43,Work
1817,03/06/2020T14:50:00 ,2020-03-06,Care Home,"(4039528.9994623875, 2952253.717866595)",59a4f571e24c439fb67dff0389b23502,56,Work,e7d75e3b2c4c498aa0bfeb01d7a8e68e,20,Work
1817,03/06/2020T14:50:00 ,2020-03-06,Care Home,"(4039528.9994623875, 2952253.717866595)",ad680c51ed8445b69f2e4015c88880f4,94,House,e7d75e3b2c4c498aa0bfeb01d7a8e68e,20,Work
1817,03/06/2020T14:50:00 ,2020-03-06,OW Manufacturing,"(4041994.9357273723, 2949416.2223347416)",66bba1a1d1fd41e787bc702de2be3ff0,45,Work,1e54c44663b54847afc092209a5f4b6a,40,Work
1817,03/06/2020T14:50:00 ,2020-03-06,OW Manufacturing,"(4033152.122280112, 2937616.4047832955)",2e2e27ebaaae4b63a445a20c35c139c7,28,Work,8dbb56f101704d9cab475a01cb632e3d,37,Work
1817,03/06/2020T14:50:00 ,2020-03-06,OW Transport,"(4055931.5178130977, 2950463.4801956057)",550981dd12d8464ab6f1bb8e7ae6e246,29,Work,e7748d2ce1a940578702a7de959d047f,28,Work
1817,03/06/2020T14:50:00 ,2020-03-06,OW Transport,"(4055931.5178130977, 2950463.4801956057)",b8cb9267d6334fcaa23784493b75e091,37,Work,b76214f961564cd98a2975d92f920066,39,Work
1817,03/06/2020T14:50:00 ,2020-03-06,OW Finance,"(4023314.6408982556, 2946277.926834426)",eb74260b62ee4f649e89057979810b14,41,Work,03c06282dd474a8296e4fa1994bb6042,48,Work
1817,03/06/2020T14:50:00 ,2020-03-06,OW Finance,"(4029886.132004339, 2940983.312252022)",8dbe7df5f0fa4754ba965114abf0d933,31,Work,01680265b09048618c03e6a6529fc5f1,36,Work
1817,03/06/2020T14:50:00 ,2020-03-06,OW Finance,"(4029886.132004339, 2940983.312252022)",340378e183044f1bb9627cd58a57190a,36,Work,01680265b09048618c03e6a6529fc5f1,36,Work
1817,03/06/2020T14:50:00 ,2020-03-06,OW Administration,"(4037093.952595035, 2937035.4484564867)",1472a4edfc6a438fbaa94b3a45d0847a,59,Work,ec3ba46492aa45b4a3bdb1af3ba5ea54,56,Work
1817,03/06/2020T14:50:00 ,2020-03-06,OW Administration,"(4037093.952595035, 2937035.4484564867)",dc0db586aeca4922b71f661ba3b44659,25,Work,7da845b534564f1f929af166720f3fe5,43,Work
1818,03/06/2020T15:00:00 ,2020-03-06,OW Manufacturing,"(4041994.9357273723, 2949416.2223347416)",e4519730590c4268824d43d21b912621,34,Work,846e815b6dae4fb6bb2f86af0c6678bc,52,Work
1818,03/06/2020T15:00:00 ,2020-03-06,OW Finance,"(4029886.132004339, 2940983.312252022)",9ea75e650a144af2a3b2fd385635ef49,39,Work,ab65fffdf7cd486790f5b031ffb3bad5,28,Work
1818,03/06/2020T15:00:00 ,2020-03-06,OW Administration,"(4041669.5070570996, 2950658.0369805577)",7c773a8cd7dc4bd8b507010eb3a818b9,44,Work,2ba5daf35eeb4cc09637e26bfbf332c0,11,Work
1818,03/06/2020T15:00:00 ,2020-03-06,Shop,"(4030853.6684093513, 2939596.475549419)",6befa690b3434bce872e16f1980d50e0,22,Shop,befdebb5690649da9ce0611577caf84b,50,Work
1819,03/06/2020T15:10:00 ,2020-03-06,OW ICT,"(4038124.8254480036, 2950113.3998562694)",3162e865c1434e5db6ba14419bc70279,28,Work,64a6b8d9da374ab4be42039ade3b3c65,27,Work
1819,03/06/2020T15:10:00 ,2020-03-06,OW Finance,"(4023314.6408982556, 2946277.926834426)",b08f27627cad433181a2c302b122a3e7,48,Work,242b873ae6a243579b5deecd02a8a8db,50,Work
1819,03/06/2020T15:10:00 ,2020-03-06,OW Finance,"(4023314.6408982556, 2946277.926834426)",6e8445af5479434f999a61b820f2e04d,50,Work,300b89980356407ea9079b394610d382,28,Work
1820,03/06/2020T15:20:00 ,2020-03-06,Care Home,"(4039528.9994623875, 2952253.717866595)",7f12e8e7ff0a490092b13828c6f702ee,28,Work,de88887a13454932b227d87a8a4bb5ca,25,Work
1820,03/06/2020T15:20:00 ,2020-03-06,OW ICT,"(4038124.8254480036, 2950113.3998562694)",2b8f052ad5fa4d0cb781eb66e16f2962,51,Work,dcb5060b0f2d42da9bd9c33d9679e85b,33,Work
1820,03/06/2020T15:20:00 ,2020-03-06,OW ICT,"(4038124.8254480036, 2950113.3998562694)",3f2d32fd1c344a25a1ecd4a01e319a79,56,Work,43a2619f2ce24c9a98e0872b201055db,30,Work
1820,03/06/2020T15:20:00 ,2020-03-06,OW ICT,"(4038124.8254480036, 2950113.3998562694)",d9e70badf1a24e3ea20c587aed58c045,47,Work,7f3fbad50f2b4d4295646fe5213867b0,33,Work
1820,03/06/2020T15:20:00 ,2020-03-06,Indoor Sport,"(4050206.9476461597, 2951923.276650936)",4301fad4c98c4417b64e6dd6c24b36b0,22,Work,5617bb349c68448fbaad9ee0332faa6e,35,Work
1821,03/06/2020T15:30:00 ,2020-03-06,OW Manufacturing,"(4041994.9357273723, 2949416.2223347416)",5acfc2fe644249949a206d1bb3b482ac,49,Work,1e78e45bdef645dd80ce74b7fd881f5d,38,Work
1821,03/06/2020T15:30:00 ,2020-03-06,OW Manufacturing,"(4033152.122280112, 2937616.4047832955)",c4f2db6ca21c47d4821b060375839835,49,Work,7c4e817995b14cb0a5836ccc93008a48,58,Work
1821,03/06/2020T15:30:00 ,2020-03-06,OW Administration,"(4037093.952595035, 2937035.4484564867)",11d1e38dc74144c4a24067c0c8069ce6,47,Work,b57155cd24834e8a84b391d9c08d6b6d,59,Work
1822,03/06/2020T15:40:00 ,2020-03-06,Care Home,"(4039528.9994623875, 2952253.717866595)",17c0511597bb4e0aa4d457264d82d0ee,92,House,7c8789ba8f3e4b5888fe50651f391b83,24,Work
1822,03/06/2020T15:40:00 ,2020-03-06,OW ICT,"(4038124.8254480036, 2950113.3998562694)",6eb78ef08ce64c34a19d2ccf63dba8f2,40,Work,488097e474344bbba6c5dead79f09143,40,Work
1822,03/06/2020T15:40:00 ,2020-03-06,OW ICT,"(4038124.8254480036, 2950113.3998562694)",11957933ad344eac9351e9661c8e8c7d,56,Work,fe530acd14374ca18f4cb70e1ec911a1,45,Work
1823,03/06/2020T15:50:00 ,2020-03-06,OW Manufacturing,"(4033152.122280112, 2937616.4047832955)",c200aa257fac4897a71d323bd6026ab1,52,Work,7c4e817995b14cb0a5836ccc93008a48,58,Work
1823,03/06/2020T15:50:00 ,2020-03-06,OW Transport,"(4055931.5178130977, 2950463.4801956057)",f6bfb45efd9145cd92fbbbd90756e5bc,49,Work,177a7649916f4bd7a5993f42296cca8d,44,Work
1823,03/06/2020T15:50:00 ,2020-03-06,OW ICT,"(4038124.8254480036, 2950113.3998562694)",3e8e0966edce4458947a9759c85c94ba,24,Work,321d9b3700f84aecb2e1ec934a02bd00,48,Work
1824,03/06/2020T16:00:00 ,2020-03-06,Care Home,"(4039528.9994623875, 2952253.717866595)",884435cf0d514d5590b53701175e11e7,23,Work,5d7c2b237b354939b6fb62859861bb00,29,Work
1824,03/06/2020T16:00:00 ,2020-03-06,OW Manufacturing,"(4041994.9357273723, 2949416.2223347416)",cdea512b6d334e649ea57b55e2e2527c,25,Work,58674bde8fbc467faf600ccc5a12501a,46,Work
1824,03/06/2020T16:00:00 ,2020-03-06,OW Manufacturing,"(4041994.9357273723, 2949416.2223347416)",ecde2de4fab84778aa93e67e85fa9ef8,44,Work,42cf895dc90f4a2fbb58ff47340f93de,51,Work
1824,03/06/2020T16:00:00 ,2020-03-06,OW Manufacturing,"(4033152.122280112, 2937616.4047832955)",cbb70386be1840dc958d565884de524a,22,Work,7c4e817995b14cb0a5836ccc93008a48,58,Work
1824,03/06/2020T16:00:00 ,2020-03-06,OW Transport,"(4055931.5178130977, 2950463.4801956057)",98c011d9ef8647cd8c9f67090f4e47d0,35,Work,eba1da629be644b882da7b4545c45842,34,Work
1824,03/06/2020T16:00:00 ,2020-03-06,OW Finance,"(4029886.132004339, 2940983.312252022)",f8868e3964da4de2a1bd6c09a3cf8f33,57,Work,ab65fffdf7cd486790f5b031ffb3bad5,28,Work
1825,03/06/2020T16:10:00 ,2020-03-06,OW Manufacturing,"(4033152.122280112, 2937616.4047832955)",5f5e4d9ace1e4de38f897c59a9e89bbf,32,Work,51bdd3a59ff745d69d35f85a5e13b38d,19,Work
1825,03/06/2020T16:10:00 ,2020-03-06,OW ICT,"(4038124.8254480036, 2950113.3998562694)",99897b04c8824f1c975d8ee541eac024,64,Work,dcb5060b0f2d42da9bd9c33d9679e85b,33,Work
1825,03/06/2020T16:10:00 ,2020-03-06,OW Finance,"(4029886.132004339, 2940983.312252022)",3dccc885abd1405fbecb17ee608ec0b0,19,Work,6f083d67427f49d38cc74109325c8556,20,Work
1825,03/06/2020T16:10:00 ,2020-03-06,OW Administration,"(4037093.952595035, 2937035.4484564867)",bd08648f7c394cbdb83b3a0652478568,37,Work,ec3ba46492aa45b4a3bdb1af3ba5ea54,56,Work
1826,03/06/2020T16:20:00 ,2020-03-06,Care Home,"(4039528.9994623875, 2952253.717866595)",8716ccdae1bf4cd4b1a8d9e806a5c889,60,Work,93fb4b7f41a149279ad9e72e3482ffc7,95,Outdoor
1826,03/06/2020T16:20:00 ,2020-03-06,OW Manufacturing,"(4041994.9357273723, 2949416.2223347416)",54a95dd4b8f74cc09d8a4fa7dcc567cf,47,Work,aa2f34f54fb44b49a65dece66865951b,32,Work
1826,03/06/2020T16:20:00 ,2020-03-06,OW Manufacturing,"(4033152.122280112, 2937616.4047832955)",a40af36a72934ac38bca2e743c9d1362,18,Work,35ceff4383bb41439819b9cc6f298f8a,55,Work
1826,03/06/2020T16:20:00 ,2020-03-06,OW ICT,"(4038124.8254480036, 2950113.3998562694)",6e2a95c9ea9b4caca4810b95d6f53318,22,Work,4669d64ce67a4a899e49e73585c0de44,26,Work
1826,03/06/2020T16:20:00 ,2020-03-06,OW Finance,"(4023314.6408982556, 2946277.926834426)",3e361cf8e64e4aba82248518b2541cb4,30,Work,d7ef348aa5024e9f8e8648b39bd75092,27,Work
1826,03/06/2020T16:20:00 ,2020-03-06,Indoor Sport,"(4050206.9476461597, 2951923.276650936)",1c1b2e318d174cc7aa844bf62cf9e75a,41,Work,ecb059339efc4d088a10166cfa7ad1ff,41,Work
1827,03/06/2020T16:30:00 ,2020-03-06,Care Home,"(4039528.9994623875, 2952253.717866595)",f0de076cdec54af8981b8330c8216372,94,Outdoor,de88887a13454932b227d87a8a4bb5ca,25,Work
1827,03/06/2020T16:30:00 ,2020-03-06,OW Manufacturing,"(4041994.9357273723, 2949416.2223347416)",79cebd75892b42ec873578f5a7e6ecd3,35,Work,f239e2af7f1141adbeec067242a6d0b8,28,Work
1827,03/06/2020T16:30:00 ,2020-03-06,OW ICT,"(4038124.8254480036, 2950113.3998562694)",9bdde6acd3b340e5bd47ccd1c49ed137,37,Work,82634ae35e42460c9b219c52a0199bef,29,Work
1827,03/06/2020T16:30:00 ,2020-03-06,OW Finance,"(4023314.6408982556, 2946277.926834426)",f1253a4daefd4681927ffac918cedcf0,61,Work,04bef2427b864c92a47f393b53ea2cde,23,Work
1827,03/06/2020T16:30:00 ,2020-03-06,OW Finance,"(4029886.132004339, 2940983.312252022)",3db9432a4c39448583ca91372cf464ee,47,Work,adc68a560dea48bdb32dfc3c6d8f3234,36,Work
1828,03/06/2020T16:40:00 ,2020-03-06,Care Home,"(4039528.9994623875, 2952253.717866595)",61b8d0ac12c544979206041f485f70a7,50,Work,2481fd3f8bc94000bb3accdafa2172ca,33,Work
1828,03/06/2020T16:40:00 ,2020-03-06,OW Manufacturing,"(4041994.9357273723, 2949416.2223347416)",478be899b9d04fcd888e274ca568da02,42,Work,49135dc1ae6947ff932bf89befdfb64e,55,Work
1828,03/06/2020T16:40:00 ,2020-03-06,OW ICT,"(4038124.8254480036, 2950113.3998562694)",1ccaefd1a22c4553b7fcb6cbc8f54fff,21,Work,4669d64ce67a4a899e49e73585c0de44,26,Work
1828,03/06/2020T16:40:00 ,2020-03-06,OW Finance,"(4023314.6408982556, 2946277.926834426)",93b14af8c1024f7291576450f7aa639e,45,Work,138c63ab101e400b995765796501bd5f,46,Work
1828,03/06/2020T16:40:00 ,2020-03-06,OW Finance,"(4029886.132004339, 2940983.312252022)",b24616aa486a42b0afac0bcb5700d8f0,47,Work,ed95081ed51648d4980e078b35c61852,36,Work
1828,03/06/2020T16:40:00 ,2020-03-06,OW Administration,"(4037093.952595035, 2937035.4484564867)",3b0bfc7a166a4686886cbbc1767fb109,23,Work,b5a43b8e20ee4a95a1754bb8c73b5809,19,Work
1828,03/06/2020T16:40:00 ,2020-03-06,Hotel,"(4039845.6103672986, 2941449.460067877)",30d1464e30c14f2c8cc5feaa469932a9,54,Work,89688a732b854debadaf93420d536b9e,36,Work
1829,03/06/2020T16:50:00 ,2020-03-06,Care Home,"(4039528.9994623875, 2952253.717866595)",a916d8f891a6435ab5be5f15f975646d,95,House,1bef945328d84dbdad03e2d0b577eaa7,26,Work
1829,03/06/2020T16:50:00 ,2020-03-06,OW Manufacturing,"(4033152.122280112, 2937616.4047832955)",f6015183cd454ec4b6c92823ac901f81,42,Work,ee87411a64a4490fa394792d6c479014,48,Work
1829,03/06/2020T16:50:00 ,2020-03-06,OW Finance,"(4029886.132004339, 2940983.312252022)",f7cd5280b49b4dfcb69aac12a24b56e3,45,Work,6f083d67427f49d38cc74109325c8556,20,Work
1829,03/06/2020T16:50:00 ,2020-03-06,Hotel,"(4039845.6103672986, 2941449.460067877)",7e5c5e78fb79420eaa36f2ecaa3217c2,35,Work,277ae4369f50485ab2a5779f5d2179b5,32,Work
1829,03/06/2020T16:50:00 ,2020-03-06,Indoor Sport,"(4050206.9476461597, 2951923.276650936)",4159e22d1ef34dfab685449fb253968f,56,Work,514601b400164b12aae97e05abde1f0b,22,Work
1829,03/06/2020T16:50:00 ,2020-03-06,Indoor Sport,"(4050206.9476461597, 2951923.276650936)",58afff4f570c4e828c4183369256e2e2,31,Work,514601b400164b12aae97e05abde1f0b,22,Work
1830,03/06/2020T17:00:00 ,2020-03-06,OW Finance,"(4023314.6408982556, 2946277.926834426)",df62689384aa468aa4243966dd480551,19,Work,317e289ed9bc43e49143b09529a01a0c,41,Work
1830,03/06/2020T17:00:00 ,2020-03-06,OW Finance,"(4029886.132004339, 2940983.312252022)",b54e07657bbe4c8a926737056c3b6401,40,Work,ed95081ed51648d4980e078b35c61852,36,Work
1831,03/06/2020T17:10:00 ,2020-03-06,OW Manufacturing,"(4041994.9357273723, 2949416.2223347416)",5b0cf9500e774eb8bc603e028624fcf7,58,Work,b27abbdfd8264e31973cb221ea360197,1,Work
1831,03/06/2020T17:10:00 ,2020-03-06,OW Finance,"(4029886.132004339, 2940983.312252022)",0dace1741e0d4a0ab652c46aa9d3f839,34,Work,ab65fffdf7cd486790f5b031ffb3bad5,28,Work
1833,03/06/2020T17:30:00 ,2020-03-06,OW ICT,"(4038124.8254480036, 2950113.3998562694)",b3ebe719ff80414a89acf0dfafe702d5,21,Work,a1888014e4ad40b89a0e6471911fd3bc,40,Work
1833,03/06/2020T17:30:00 ,2020-03-06,Hotel,"(4039845.6103672986, 2941449.460067877)",c8a2d58cdfeb40cea8bfa3bd57ae0cda,23,Work,543a8c7ab33a41f684cb05205647e170,24,Work
1835,03/06/2020T17:50:00 ,2020-03-06,Care Home,"(4039528.9994623875, 2952253.717866595)",ddd395df9fc442968082bcd5fcbb8675,34,Work,c451fe2077cc42a2abe341325721a3c5,95,Visit
1836,03/06/2020T18:00:00 ,2020-03-06,OW Finance,"(4023314.6408982556, 2946277.926834426)",fb5f50b6ffc546bc8a1f2e36e9d849ef,39,Work,04bef2427b864c92a47f393b53ea2cde,23,Work
1836,03/06/2020T18:00:00 ,2020-03-06,Shop,"(4035835.5297417524, 2951371.855012576)",abd254e773bb4395a97f4157c1b245fe,53,Work,53f36b26f49b4c76b3e81c8ed12f05b2,40,Work
1841,03/06/2020T18:50:00 ,2020-03-06,Shop,"(4035835.5297417524, 2951371.855012576)",4f77685a88214bb2848b3e67d21bdeef,23,Shop,ab5e5ff1ac174694a6fea74b080086cb,21,Work
1852,03/06/2020T20:40:00 ,2020-03-06,Cinema or Theatre,"(4040808.900999939, 2950979.486017691)",0f3f423d13ce421a8db629471f82361b,69,Cinema or Theatre,6bb65c7e93134fab8ed052bd35a06489,61,Cinema or Theatre
1865,03/06/2020T22:50:00 ,2020-03-06,House,"(4057844.2691398305, 2948302.649714194)",fa736872189349fb8eea4fd7d42bc700,38,House,38ea997fc659493b93ce3a8838ee3b10,44,House
1882,03/07/2020T01:40:00 ,2020-03-07,House,"(4036141.8137067044, 2938422.0531969415)",30fef8bb9b5249a78ca7cdc497989a04,38,House,69bd9e9a1cb34a0d90c3c3ecc3534012,34,House
1882,03/07/2020T01:40:00 ,2020-03-07,House,"(4025741.7805986516, 2941040.2648177)",8190d10f76744a0992475e4a86848d5f,30,House,34e36cbdbe384c8da62a39572b14dbec,38,House
1892,03/07/2020T03:20:00 ,2020-03-07,Care Home,"(4039528.9994623875, 2952253.717866595)",f33af33c31564e40a249ebd657c7c5d0,95,House,ed60d449d9524de289c4e4e1e26897a6,95,House
1899,03/07/2020T04:30:00 ,2020-03-07,House,"(4056753.9218239724, 2941707.4007623903)",4d97d200119f444db752f254cf077ad6,14,House,0657d395967b41f69a239bfb3c6804da,34,House
1909,03/07/2020T06:10:00 ,2020-03-07,Care Home,"(4039528.9994623875, 2952253.717866595)",610a426eb8804138b15ac718ce53327f,94,House,ed60d449d9524de289c4e4e1e26897a6,95,House
1910,03/07/2020T06:20:00 ,2020-03-07,Care Home,"(4039528.9994623875, 2952253.717866595)",e6fd49a182fc43969169a5676243de82,93,House,d5cd217f1b8742229e781dab24e518ef,95,House
1916,03/07/2020T07:20:00 ,2020-03-07,Public Transport,"(4063240.6890105573, 2972076.801288257)",c9eef40d7a544342a37939d7e8e85bdf,4,Public Transport,94229b9696fd45bd9da65bb1a9d6350b,56,Public Transport
1918,03/07/2020T07:40:00 ,2020-03-07,House,"(4042947.398506547, 2950980.9488930763)",6afae0a9ea0141228da98bd02fd5f529,62,House,89688a732b854debadaf93420d536b9e,36,House
1919,03/07/2020T07:50:00 ,2020-03-07,OW Manufacturing,"(4041994.9357273723, 2949416.2223347416)",6faf04393d3548e5a55e7b44abaa0c47,37,Work,24c6ab8614184bb2a38fbcfd5b9925aa,47,Work
1919,03/07/2020T07:50:00 ,2020-03-07,OW Transport,"(4055931.5178130977, 2950463.4801956057)",9b64e09141d147c3ba3fc2d5adcb70bc,57,Work,9c61743ef42c439ba449fe987ffc2f52,58,Work
1919,03/07/2020T07:50:00 ,2020-03-07,OW Finance,"(4023314.6408982556, 2946277.926834426)",980830e0f9f94e78b5e231293009efaf,59,Work,9fa3ec7721ad4e408e0cb03a08e83b83,36,Work
1920,03/07/2020T08:00:00 ,2020-03-07,OW Manufacturing,"(4041994.9357273723, 2949416.2223347416)",63dd2b13553e4d3bb35551538111267b,53,Work,29428e18635a41f7b121ac0ee882e2ac,36,Work
1920,03/07/2020T08:00:00 ,2020-03-07,OW Manufacturing,"(4041994.9357273723, 2949416.2223347416)",5665695d1b4a4fb68d3c4710d57712ae,54,Work,f0e2be80ad4942be87d6d80cabd4872f,29,Work
1920,03/07/2020T08:00:00 ,2020-03-07,OW Manufacturing,"(4041994.9357273723, 2949416.2223347416)",a5e6e09a3d604dc8bceb2fd7d5c760c4,52,Work,dc9e29c6a21f421cb6df3daab7673730,20,Work
1920,03/07/2020T08:00:00 ,2020-03-07,OW Manufacturing,"(4041994.9357273723, 2949416.2223347416)",779f80ba0ca4448b87299d0139f8136d,55,Work,149b11ff1e0546d1b8eb3d18e2c9c0e9,30,Work
1920,03/07/2020T08:00:00 ,2020-03-07,OW Manufacturing,"(4041994.9357273723, 2949416.2223347416)",80612c465578492fab516987f112a258,43,Work,6e3ca4c3d50048e2a4c8ccec89891b18,34,Work
1920,03/07/2020T08:00:00 ,2020-03-07,OW Finance,"(4029886.132004339, 2940983.312252022)",60273b5f974e45b88466cbdf7b05d341,26,Work,34cb9a6b5bf1413ebad6ff0d7174ca0a,45,Work
1921,03/07/2020T08:10:00 ,2020-03-07,OW Manufacturing,"(4041994.9357273723, 2949416.2223347416)",95ca330d4cb94dd6aed9f0493b7cddc2,41,Work,9319c6fd2dfc4d7b98e2a009daa03174,30,Work
1921,03/07/2020T08:10:00 ,2020-03-07,OW ICT,"(4038124.8254480036, 2950113.3998562694)",caa0842eeb784cdc899cafc19b0def5c,43,Work,d711632dffde44c6be933681774eba31,40,Work
1921,03/07/2020T08:10:00 ,2020-03-07,OW Finance,"(4029886.132004339, 2940983.312252022)",91c9340fbf0943af817bc8f213c5f65f,25,Work,6e0f979bf66b48b1b2fba5074ce8b1e6,30,Work
1922,03/07/2020T08:20:00 ,2020-03-07,Care Home,"(4039528.9994623875, 2952253.717866595)",591c45c1c15b43699353e243530acbdf,95,House,e7d75e3b2c4c498aa0bfeb01d7a8e68e,20,Work
1922,03/07/2020T08:20:00 ,2020-03-07,OW Manufacturing,"(4041994.9357273723, 2949416.2223347416)",994bf2221f704ff2be10a020bd306a6f,46,Work,24c6ab8614184bb2a38fbcfd5b9925aa,47,Work
1922,03/07/2020T08:20:00 ,2020-03-07,OW Transport,"(4055931.5178130977, 2950463.4801956057)",ff1506207ee14319a0cad221546a14a3,29,Work,8811cc1d9c9047858e8616a692c54e6b,31,Work
1922,03/07/2020T08:20:00 ,2020-03-07,OW ICT,"(4038124.8254480036, 2950113.3998562694)",82104b8528864d82ad7d6cc8ffcaa079,51,Work,8532739e689d41bab97470191eed542f,22,Work
1922,03/07/2020T08:20:00 ,2020-03-07,OW Finance,"(4029886.132004339, 2940983.312252022)",17a118507bf14fe79f9c424e52516c8a,24,Work,6802705c28d247cda104f9bd17001296,20,Work
1923,03/07/2020T08:30:00 ,2020-03-07,OW Manufacturing,"(4041994.9357273723, 2949416.2223347416)",7cf9a1c4d0d54ea1bb85897206e5a1c1,48,Work,faf9162e4a7c44e2bea75fde0b741163,61,Work
1923,03/07/2020T08:30:00 ,2020-03-07,OW Manufacturing,"(4041994.9357273723, 2949416.2223347416)",833d6c8f0b604a9ca8a30ab255e8c7b7,29,Work,0e02f4f3f4934f0594dbb14a2854b0f1,26,Work
1923,03/07/2020T08:30:00 ,2020-03-07,OW Manufacturing,"(4033152.122280112, 2937616.4047832955)",12b068eaaad64323bd3befaa443aa817,33,Work,af3c808bf12345a7a9d2cbf5d28c5990,35,Work
1923,03/07/2020T08:30:00 ,2020-03-07,OW ICT,"(4038124.8254480036, 2950113.3998562694)",94d2c027a8194fb7bba37afcedfa3504,49,Work,533d07153be44f12a311d746e7730bdc,27,Work
1923,03/07/2020T08:30:00 ,2020-03-07,OW Finance,"(4023314.6408982556, 2946277.926834426)",7b4a20c74b174e39ac37d4b81cf24a9a,36,Work,5353f997703f4705883ba93ef7523c10,52,Work
1923,03/07/2020T08:30:00 ,2020-03-07,OW Finance,"(4029886.132004339, 2940983.312252022)",24e908d0dd1347cd9a117ac25dc0a3ba,28,Work,6e0f979bf66b48b1b2fba5074ce8b1e6,30,Work
1923,03/07/2020T08:30:00 ,2020-03-07,OW Administration,"(4037093.952595035, 2937035.4484564867)",17d93ac102a14dad8f752b4cb46a2644,32,Work,b57155cd24834e8a84b391d9c08d6b6d,59,Work
1923,03/07/2020T08:30:00 ,2020-03-07,OW Administration,"(4037093.952595035, 2937035.4484564867)",cb016b43f4c24e2f9ba29bd1ef97e36d,40,Work,61d50d214d1a40b78cf55e70b27e58d4,50,Work
1923,03/07/2020T08:30:00 ,2020-03-07,Indoor Sport,"(4050206.9476461597, 2951923.276650936)",de85e2b5dfb44b1c9dbeadf390360d39,49,Work,6ad15cecec91476eae0c59167f44e982,26,Work
1923,03/07/2020T08:30:00 ,2020-03-07,Indoor Sport,"(4050206.9476461597, 2951923.276650936)",9f546dbe16374224b75518e1acaa6ad3,55,Work,5617bb349c68448fbaad9ee0332faa6e,35,Work
1924,03/07/2020T08:40:00 ,2020-03-07,OW ICT,"(4038124.8254480036, 2950113.3998562694)",ded1efc0a95c4e4c8941cbc641e88507,48,Work,533d07153be44f12a311d746e7730bdc,27,Work
1924,03/07/2020T08:40:00 ,2020-03-07,OW Finance,"(4029886.132004339, 2940983.312252022)",7c152f4287ba4513a1baba4751a41150,28,Work,34cb9a6b5bf1413ebad6ff0d7174ca0a,45,Work
1925,03/07/2020T08:50:00 ,2020-03-07,OW Manufacturing,"(4041994.9357273723, 2949416.2223347416)",db91812533574fd48efa74d3ce768100,25,Work,336538ee2f39496f8fc741bbfd72c14b,58,Work
1925,03/07/2020T08:50:00 ,2020-03-07,OW Manufacturing,"(4041994.9357273723, 2949416.2223347416)",11fd4a14e209411a80757d916c98fddf,32,Work,4acdce6292ab4a729fe4001dab0c9e8d,23,Work
1925,03/07/2020T08:50:00 ,2020-03-07,OW Transport,"(4055931.5178130977, 2950463.4801956057)",745e0731e167450eacfeb8c25bb1a48c,50,Work,9c61743ef42c439ba449fe987ffc2f52,58,Work
1925,03/07/2020T08:50:00 ,2020-03-07,OW Transport,"(4055931.5178130977, 2950463.4801956057)",6383a9d16acd4c7386d4274686071d7b,61,Work,69bde79eedff4392b7af606e7dbeb722,29,Work
1925,03/07/2020T08:50:00 ,2020-03-07,OW ICT,"(4038124.8254480036, 2950113.3998562694)",b2b6ae3aa81c46119cfb7a0adedce245,24,Work,ee4e93e2030e4bfaa70d31a1a59d90ce,36,Work
1925,03/07/2020T08:50:00 ,2020-03-07,OW ICT,"(4038124.8254480036, 2950113.3998562694)",69297d97918045c0a2fcb57cd322a96b,42,Work,0a8e77e4ff374d6bae3faa4b76b9b9dd,54,Work
1925,03/07/2020T08:50:00 ,2020-03-07,OW Finance,"(4023314.6408982556, 2946277.926834426)",a806b27ebc1041a99c11ef507d337e1b,53,Work,12477f1879aa4e0793b389e00bae317c,33,Work
1925,03/07/2020T08:50:00 ,2020-03-07,Indoor Sport,"(4050206.9476461597, 2951923.276650936)",05d53a720d0f455688ddc04b2ed1bf8a,22,Work,3f78b03fc3a845cbbd19cdf5bd349f93,29,Work
1926,03/07/2020T09:00:00 ,2020-03-07,OW Finance,"(4023314.6408982556, 2946277.926834426)",403698a09d0a4d13bd42ce998be5b698,23,Work,ba19b295897844c6b5d9e33be81b3731,54,Work
1926,03/07/2020T09:00:00 ,2020-03-07,OW Finance,"(4029886.132004339, 2940983.312252022)",8fab541c396a41e3b6093e75f8fbd8e8,40,Work,7795c99fa7e3493a8925e2cebfaa5321,18,Work
1927,03/07/2020T09:10:00 ,2020-03-07,Care Home,"(4039528.9994623875, 2952253.717866595)",6ec9ca72bee14afba6d02dd770e82eac,33,Work,5d7c2b237b354939b6fb62859861bb00,29,Work
1927,03/07/2020T09:10:00 ,2020-03-07,OW Manufacturing,"(4041994.9357273723, 2949416.2223347416)",36988a77ad13420ca97f94a21eb3d212,43,Work,26805e857abd45d2b71e0613e98c0751,53,Work
1927,03/07/2020T09:10:00 ,2020-03-07,OW Manufacturing,"(4041994.9357273723, 2949416.2223347416)",253ee84830774160bdc5c1368c9c2c2f,24,Work,08217e2b01c744549d78c4a5c9eee925,41,Work
1927,03/07/2020T09:10:00 ,2020-03-07,OW Finance,"(4023314.6408982556, 2946277.926834426)",355f8d0a8df846cbbfa922640723ce75,23,Work,d79a763086724d9e88f4b0997a837817,25,Work
1927,03/07/2020T09:10:00 ,2020-03-07,Indoor Sport,"(4050206.9476461597, 2951923.276650936)",62ea3037c3eb46128cfb7d487043d081,58,Work,39ef181d6024433681b58d41ec7667e7,48,Work
1928,03/07/2020T09:20:00 ,2020-03-07,OW Manufacturing,"(4041994.9357273723, 2949416.2223347416)",d4a6897626c84590855dcc1ef137fd7c,59,Work,76da7e65f08c460e81a3bc4c759f1b6b,40,Work
1928,03/07/2020T09:20:00 ,2020-03-07,OW Manufacturing,"(4041994.9357273723, 2949416.2223347416)",6d5fb667b88c44488407accc0f2cfc6e,31,Work,ae3e5a54cafb4139bc797dd060c0c990,55,Work
1928,03/07/2020T09:20:00 ,2020-03-07,OW Transport,"(4055931.5178130977, 2950463.4801956057)",a2a0efd7d8c24cab9335a70f144dc973,27,Work,f7b1ff3fc67d4e7e88dab1c131bbc555,38,Work
1928,03/07/2020T09:20:00 ,2020-03-07,OW Transport,"(4055931.5178130977, 2950463.4801956057)",4f49981fe1d849b4bf814862d2886bd1,28,Work,8811cc1d9c9047858e8616a692c54e6b,31,Work
1928,03/07/2020T09:20:00 ,2020-03-07,OW ICT,"(4038124.8254480036, 2950113.3998562694)",6ffd6c76402448548ec13406084378cd,26,Work,e855a348047644ad982aa6d79560c65f,37,Work
1928,03/07/2020T09:20:00 ,2020-03-07,OW Finance,"(4023314.6408982556, 2946277.926834426)",16182d18b0cc45e1985c5956a7e98982,40,Work,242b873ae6a243579b5deecd02a8a8db,50,Work
1928,03/07/2020T09:20:00 ,2020-03-07,OW Finance,"(4023314.6408982556, 2946277.926834426)",f8fbcbf4c72d480c8848ca3719261bb6,40,Work,ea3dc91250a64e0787e7c9772f3c99bd,32,Work
1928,03/07/2020T09:20:00 ,2020-03-07,Hotel,"(4039845.6103672986, 2941449.460067877)",da2348bbc6fb4f248089069cd0803727,53,Work,309fd12ee55a46db9f5940d18a0c5bac,54,Work
1929,03/07/2020T09:30:00 ,2020-03-07,OW Manufacturing,"(4041994.9357273723, 2949416.2223347416)",34a3eb4346e34438a070489b569bb2c7,57,Work,000713f120344ba1b4d38e848b98ae21,27,Work
1929,03/07/2020T09:30:00 ,2020-03-07,OW Transport,"(4055931.5178130977, 2950463.4801956057)",8d6a444ec9fe4cd48a52f304aca78914,29,Work,8bd308767cae4599970aadd32493bee8,37,Work
1929,03/07/2020T09:30:00 ,2020-03-07,OW Transport,"(4055931.5178130977, 2950463.4801956057)",d90b592e87774c4b8ecb5c8321dfb44b,29,Work,b2d351e052fa42ceabc028ef7c723f76,47,Work
1929,03/07/2020T09:30:00 ,2020-03-07,OW Finance,"(4023314.6408982556, 2946277.926834426)",34df93145b404c9dafd7693b1309e0f3,32,Work,1a5feb838cd84129843acfa0bbc79ddc,42,Work
1929,03/07/2020T09:30:00 ,2020-03-07,OW Finance,"(4023314.6408982556, 2946277.926834426)",8e32afc3a9c243db913403d2c5bfef01,20,Work,ba19b295897844c6b5d9e33be81b3731,54,Work
1929,03/07/2020T09:30:00 ,2020-03-07,OW Finance,"(4029886.132004339, 2940983.312252022)",9e9f008e7e2a4e54a69e3d36e1f372e0,21,Work,6802705c28d247cda104f9bd17001296,20,Work
1929,03/07/2020T09:30:00 ,2020-03-07,OW Administration,"(4037093.952595035, 2937035.4484564867)",bf552cc96bd241789b60936f69fc0151,24,Work,59bbbb8705384e97af41df2e9a1d0129,25,Work
1930,03/07/2020T09:40:00 ,2020-03-07,OW Transport,"(4055931.5178130977, 2950463.4801956057)",41096ac929cb4dcd8b010a110f9adcc0,35,Work,450c0582dbd7446d93afffd2df045263,21,Work
1930,03/07/2020T09:40:00 ,2020-03-07,OW Finance,"(4029886.132004339, 2940983.312252022)",9d1d91f40b844ecaa7aff7b0026bc2d9,49,Work,9e419a66625747019fd5b46e0cd31174,30,Work
1930,03/07/2020T09:40:00 ,2020-03-07,OW Finance,"(4029886.132004339, 2940983.312252022)",2ef3c2e7bd6148c0a4c8571d60e4940e,27,Work,f354711d527440b4869a1a6bf5eb2a3b,49,Work
1932,03/07/2020T10:00:00 ,2020-03-07,OW Manufacturing,"(4041994.9357273723, 2949416.2223347416)",d4708ca434ce432dbfa1694f97b6aa7e,35,Work,38bd5cdb00a34ffb9e45e2d91c02accc,46,Work
1932,03/07/2020T10:00:00 ,2020-03-07,OW Transport,"(4055931.5178130977, 2950463.4801956057)",65d07f495f704d7fbaa778d483973d1c,22,Work,5b6d60e308b34ed597259874ec76cec7,22,Work
1932,03/07/2020T10:00:00 ,2020-03-07,OW Finance,"(4023314.6408982556, 2946277.926834426)",0143e415a93c4f60839632c8cf4bef12,42,Work,6030769fb4864ef69cd04942690c8798,53,Work
1933,03/07/2020T10:10:00 ,2020-03-07,Care Home,"(4039528.9994623875, 2952253.717866595)",b812d8bddcdb4dc4a539fb8fbedbe936,56,Work,ed60d449d9524de289c4e4e1e26897a6,95,House
1933,03/07/2020T10:10:00 ,2020-03-07,OW Water,"(4033053.181326103, 2934678.575774782)",7336e18a69a04c00b79ac5b403422a7a,40,Work,ac9bcef3d05e4e9baef02811664d1ae2,53,Work
1933,03/07/2020T10:10:00 ,2020-03-07,OW Transport,"(4055931.5178130977, 2950463.4801956057)",d612746c1640453ba67e10c5c2abcbdb,21,Work,6a9de098c1df428380cda019d3ead99e,44,Work
1933,03/07/2020T10:10:00 ,2020-03-07,OW Finance,"(4023314.6408982556, 2946277.926834426)",cf4fa995fd03435bbe929830638388ef,38,Work,317e289ed9bc43e49143b09529a01a0c,41,Work
1933,03/07/2020T10:10:00 ,2020-03-07,Indoor Sport,"(4050206.9476461597, 2951923.276650936)",538c59751d8e47b2bbb9a297d3cce970,53,Work,6ad15cecec91476eae0c59167f44e982,26,Work
1934,03/07/2020T10:20:00 ,2020-03-07,Care Home,"(4039528.9994623875, 2952253.717866595)",8f7131e4ab844a3ba45379fb9a8b34f3,34,Work,47b6cf106f44458db2ae2eca1e3a4be2,22,Work
1934,03/07/2020T10:20:00 ,2020-03-07,OW Manufacturing,"(4041994.9357273723, 2949416.2223347416)",cffc4decc58941d6bb75289f39cbb128,37,Work,29428e18635a41f7b121ac0ee882e2ac,36,Work
1934,03/07/2020T10:20:00 ,2020-03-07,OW Manufacturing,"(4041994.9357273723, 2949416.2223347416)",c2caec622ef846d992137a1c94255b42,62,Work,5db546213ca042e7a667b098d8077f8f,38,Work
1934,03/07/2020T10:20:00 ,2020-03-07,OW Manufacturing,"(4041994.9357273723, 2949416.2223347416)",35698722498a4653926866cd6081b8b7,69,Work,4de97d161a3d4074af1ae83c2554da01,32,Work
1934,03/07/2020T10:20:00 ,2020-03-07,OW Manufacturing,"(4033152.122280112, 2937616.4047832955)",80cbc87f2a6443a69d6d51a84e0e724f,47,Work,af3c808bf12345a7a9d2cbf5d28c5990,35,Work
1934,03/07/2020T10:20:00 ,2020-03-07,OW Transport,"(4055931.5178130977, 2950463.4801956057)",4c2787e64e1b483996498ada1e754cad,54,Work,b76214f961564cd98a2975d92f920066,39,Work
1934,03/07/2020T10:20:00 ,2020-03-07,OW ICT,"(4038124.8254480036, 2950113.3998562694)",e9ca8c5ecab744baa308c1a7315d2c79,36,Work,7f0ecbf7649e4000ac326b9a843e60f4,54,Work
1934,03/07/2020T10:20:00 ,2020-03-07,OW Finance,"(4023314.6408982556, 2946277.926834426)",678291be413e409ea4d968338fb6e0da,38,Work,3472da9e0604499ca1c0326020a376d0,55,Work
1934,03/07/2020T10:20:00 ,2020-03-07,OW Finance,"(4029886.132004339, 2940983.312252022)",7a0de3c404424689a7ccb5540e6500b5,45,Work,1dc588e30949403897a37fe267a6d832,54,Work
1934,03/07/2020T10:20:00 ,2020-03-07,OW Finance,"(4029886.132004339, 2940983.312252022)",1c19cdb6f8ce4d01a141086165a406aa,58,Work,c447aa251e48462baad1a0bacbcd132a,24,Work
1934,03/07/2020T10:20:00 ,2020-03-07,OW Finance,"(4029886.132004339, 2940983.312252022)",8937a0b019ed4703b10f802fddc0fac7,26,Work,01680265b09048618c03e6a6529fc5f1,36,Work
1934,03/07/2020T10:20:00 ,2020-03-07,OW Finance,"(4029886.132004339, 2940983.312252022)",240474650f924344b99cc29e88d2401a,49,Work,9e419a66625747019fd5b46e0cd31174,30,Work
1934,03/07/2020T10:20:00 ,2020-03-07,Hotel,"(4039845.6103672986, 2941449.460067877)",01e1600766b942c3a628cfde579ef764,41,Work,3185c64f341742489a49bebd24bdefd1,23,Work
1934,03/07/2020T10:20:00 ,2020-03-07,Hotel,"(4039845.6103672986, 2941449.460067877)",0b5bb2c47b144436a26d35688044fd37,24,Work,e63c1a8321144457b2744fc08e6614eb,46,Work
1934,03/07/2020T10:20:00 ,2020-03-07,Hotel,"(4039845.6103672986, 2941449.460067877)",d71a0ffff6fe444b9793d4d9b9c34367,45,Work,9a956cb759294f6a95311ee405d63b58,38,Work
1934,03/07/2020T10:20:00 ,2020-03-07,Indoor Sport,"(4050206.9476461597, 2951923.276650936)",eec4b7a1b3ae4a44b74cd430223be02b,58,Work,5617bb349c68448fbaad9ee0332faa6e,35,Work
1935,03/07/2020T10:30:00 ,2020-03-07,OW Manufacturing,"(4041994.9357273723, 2949416.2223347416)",d816f16a83274b919798779fe32ed6a5,32,Work,bd20f3a7110f401fa65563831a1144e6,54,Work
1935,03/07/2020T10:30:00 ,2020-03-07,OW Manufacturing,"(4041994.9357273723, 2949416.2223347416)",66c7df0499984575a6b731d2f10e8418,53,Work,5992cc4eb91448788f5ec6f61dbbdaaa,23,Work
1935,03/07/2020T10:30:00 ,2020-03-07,OW Manufacturing,"(4041994.9357273723, 2949416.2223347416)",c2fdcd5ad2dc482d8a397abcf0c92d3f,47,Work,b13ef1f4b5d24f78b640663539f24247,37,Work
1935,03/07/2020T10:30:00 ,2020-03-07,OW Manufacturing,"(4041994.9357273723, 2949416.2223347416)",d68455a794de4cecbe864d92ff1be5d0,19,Work,b13ef1f4b5d24f78b640663539f24247,37,Work
1935,03/07/2020T10:30:00 ,2020-03-07,OW Finance,"(4029886.132004339, 2940983.312252022)",d683fb381ae74f85a1783a323cc7fc9b,48,Work,b24616aa486a42b0afac0bcb5700d8f0,47,Work
1935,03/07/2020T10:30:00 ,2020-03-07,OW Administration,"(4037093.952595035, 2937035.4484564867)",6048217814ee4c308c9ebd8a40f2ec16,53,Work,59bbbb8705384e97af41df2e9a1d0129,25,Work
1935,03/07/2020T10:30:00 ,2020-03-07,OW Administration,"(4037093.952595035, 2937035.4484564867)",ddd8f438d6c5478d90c93f2a588a94e2,24,Work,b57155cd24834e8a84b391d9c08d6b6d,59,Work
1935,03/07/2020T10:30:00 ,2020-03-07,OW Administration,"(4037093.952595035, 2937035.4484564867)",c9d228b85c5147e591499d6f76310150,29,Work,7da845b534564f1f929af166720f3fe5,43,Work
1935,03/07/2020T10:30:00 ,2020-03-07,Shop,"(4035835.5297417524, 2951371.855012576)",30f501fd65934ef79ffc898b1e6f2f3c,41,Work,ab5e5ff1ac174694a6fea74b080086cb,21,Work
1935,03/07/2020T10:30:00 ,2020-03-07,Hotel,"(4039845.6103672986, 2941449.460067877)",18243c0718104af88a954e932b332f6e,58,Work,7f853aa307554cc2a74c53ffbb5218a7,36,Work
1936,03/07/2020T10:40:00 ,2020-03-07,Care Home,"(4039528.9994623875, 2952253.717866595)",581bd7abf704444cb56885f88a7cb4b8,94,House,d5cd217f1b8742229e781dab24e518ef,95,Car
1936,03/07/2020T10:40:00 ,2020-03-07,OW Manufacturing,"(4041994.9357273723, 2949416.2223347416)",7c9167139df445d5b8b891dd79720978,45,Work,42cf895dc90f4a2fbb58ff47340f93de,51,Work
1936,03/07/2020T10:40:00 ,2020-03-07,OW Water,"(4033053.181326103, 2934678.575774782)",532b83e9e4d74b558c26bcdb4cf3c740,46,Work,ac9bcef3d05e4e9baef02811664d1ae2,53,Work
1936,03/07/2020T10:40:00 ,2020-03-07,OW ICT,"(4038124.8254480036, 2950113.3998562694)",8591cd779c854290a29d258914409999,43,Work,43a2619f2ce24c9a98e0872b201055db,30,Work
1936,03/07/2020T10:40:00 ,2020-03-07,OW ICT,"(4038124.8254480036, 2950113.3998562694)",5244b4682f1e4c4b82b66373b1bb4f41,22,Work,3799258ae01f4a3bb1ba8378d9b38e99,39,Work
1936,03/07/2020T10:40:00 ,2020-03-07,OW Finance,"(4023314.6408982556, 2946277.926834426)",09922f618f1644bebff0f9269fb7247e,44,Work,d67ed9bc9a9f4fa4820f5777889ec809,38,Work
1936,03/07/2020T10:40:00 ,2020-03-07,OW Finance,"(4029886.132004339, 2940983.312252022)",aa00c552bd9546a5a706daad37bd24d2,52,Work,6f083d67427f49d38cc74109325c8556,20,Work
1936,03/07/2020T10:40:00 ,2020-03-07,Indoor Sport,"(4050206.9476461597, 2951923.276650936)",eebf41f8e11f4415997b816df22f67be,40,Work,0072034f823648378d251ab38d67e8fb,23,Work
1937,03/07/2020T10:50:00 ,2020-03-07,OW Manufacturing,"(4041994.9357273723, 2949416.2223347416)",3b003e60e9db4f8f86dae63a2ad4a7fe,48,Work,1e54c44663b54847afc092209a5f4b6a,40,Work
1937,03/07/2020T10:50:00 ,2020-03-07,OW Manufacturing,"(4041994.9357273723, 2949416.2223347416)",752b4e4e976d4d4d9667922779deb716,41,Work,336538ee2f39496f8fc741bbfd72c14b,58,Work
1937,03/07/2020T10:50:00 ,2020-03-07,OW ICT,"(4038124.8254480036, 2950113.3998562694)",82025aed27884e7ba9f2265a7f161de7,48,Work,55d9553c26804766bddabef6c14ec8fa,20,Work
1937,03/07/2020T10:50:00 ,2020-03-07,OW Finance,"(4023314.6408982556, 2946277.926834426)",e40ec49f02fc4b2c881626ec1e817e15,48,Work,04bef2427b864c92a47f393b53ea2cde,23,Work
1937,03/07/2020T10:50:00 ,2020-03-07,Shop,"(4030853.6684093513, 2939596.475549419)",d14f0419f367409a9372f9a7c1bf83d2,70,Shop,7f3f5ec6ed7b4ca2b940d3e533a802c7,38,Work
1937,03/07/2020T10:50:00 ,2020-03-07,Secondary School,"(4038231.4573233607, 2941585.605677152)",80ffc50cdb7f4c2ebf61a07026b7612f,14,School,73591fa8b07f489ebd20eca445ecad8f,15,School
1938,03/07/2020T11:00:00 ,2020-03-07,Care Home,"(4039528.9994623875, 2952253.717866595)",5d3102ad3bb9464fa0b6f1620daeee21,57,Work,c451fe2077cc42a2abe341325721a3c5,95,Outdoor
1938,03/07/2020T11:00:00 ,2020-03-07,Care Home,"(4039528.9994623875, 2952253.717866595)",1a761d74ad8640f4af1db90853bf0b4e,30,Work,c451fe2077cc42a2abe341325721a3c5,95,Outdoor
1938,03/07/2020T11:00:00 ,2020-03-07,OW Manufacturing,"(4041994.9357273723, 2949416.2223347416)",54bcc0db7b1b4051bc76e2d52c189842,60,Work,650846505119434da6c1c24702c974d9,53,Work
1938,03/07/2020T11:00:00 ,2020-03-07,OW Manufacturing,"(4041994.9357273723, 2949416.2223347416)",3c4b681bd1fd4a57bd984df81c4f95a4,26,Work,1e54c44663b54847afc092209a5f4b6a,40,Work
1938,03/07/2020T11:00:00 ,2020-03-07,OW Manufacturing,"(4041994.9357273723, 2949416.2223347416)",7323135057f34cff9ab46cf921d8fd81,33,Work,336538ee2f39496f8fc741bbfd72c14b,58,Work
1938,03/07/2020T11:00:00 ,2020-03-07,OW Manufacturing,"(4041994.9357273723, 2949416.2223347416)",b642438e3e3d4f8e9b63dcf7c87bb4fe,37,Work,14d11ee89560445db9732fe3d06d571f,62,Work
1938,03/07/2020T11:00:00 ,2020-03-07,OW Transport,"(4055931.5178130977, 2950463.4801956057)",1c686e58f6394bd9ae512b79c9cf0d5a,38,Work,a9b57b7b6d414b1594220e652ee0b24b,52,Work
1938,03/07/2020T11:00:00 ,2020-03-07,OW Transport,"(4055931.5178130977, 2950463.4801956057)",9b88f47668ea464b9306f8bd33835010,29,Work,eba1da629be644b882da7b4545c45842,34,Work
1938,03/07/2020T11:00:00 ,2020-03-07,OW Transport,"(4055931.5178130977, 2950463.4801956057)",f41ff7cfea484b09ab7f9f52fefda2e1,25,Work,55b3c4bd21eb4a3dbe7c876791ff4b7f,47,Work
1938,03/07/2020T11:00:00 ,2020-03-07,OW ICT,"(4038124.8254480036, 2950113.3998562694)",fcfcbc8f35ab42318393dd1489dda40b,59,Work,533d07153be44f12a311d746e7730bdc,27,Work
1938,03/07/2020T11:00:00 ,2020-03-07,OW Finance,"(4029886.132004339, 2940983.312252022)",f79f63bfec144e7d8c84d970d4616fb3,52,Work,eeb6a4c2aba242fdbdd0196c5c69628a,55,Work
1938,03/07/2020T11:00:00 ,2020-03-07,OW Finance,"(4029886.132004339, 2940983.312252022)",d8882a00d9b146fa961fd71463bc407d,31,Work,34cb9a6b5bf1413ebad6ff0d7174ca0a,45,Work
1938,03/07/2020T11:00:00 ,2020-03-07,OW Finance,"(4029886.132004339, 2940983.312252022)",9230157ca66f46c6b4e408a68f0dda6d,31,Work,cf0d4b49325b46708365290cf9a56269,30,Work
1938,03/07/2020T11:00:00 ,2020-03-07,Indoor Sport,"(4050206.9476461597, 2951923.276650936)",5a8e9211cd9c4a91abadb65f9b03b20c,25,Work,ecb059339efc4d088a10166cfa7ad1ff,41,Work
1939,03/07/2020T11:10:00 ,2020-03-07,OW Manufacturing,"(4041994.9357273723, 2949416.2223347416)",e594f159266946ca8aed70cbf775fb44,41,Work,f98f177be6dd4122a5eeb7676edf763a,38,Work
1939,03/07/2020T11:10:00 ,2020-03-07,OW Manufacturing,"(4041994.9357273723, 2949416.2223347416)",8ccfa68678b84f5dbb9b776a39aeaa7a,22,Work,cd35fa1adccc43b2ae6d28b28e435771,41,Work
1939,03/07/2020T11:10:00 ,2020-03-07,OW Transport,"(4055931.5178130977, 2950463.4801956057)",c7f3c22becf94c9ba9fd906741c12ca4,20,Work,8bd308767cae4599970aadd32493bee8,37,Work
1939,03/07/2020T11:10:00 ,2020-03-07,OW Finance,"(4023314.6408982556, 2946277.926834426)",fd6cbc202b3d4ed2bace0abadaa0a542,40,Work,cfdb7a551a1343e09523aa8d5467b84f,24,Work
1939,03/07/2020T11:10:00 ,2020-03-07,OW Finance,"(4029886.132004339, 2940983.312252022)",2ea70d64140c45bdbabce026bc94eff6,22,Work,1da17b546e054f99a534267c9b26a8b3,55,Work
1939,03/07/2020T11:10:00 ,2020-03-07,OW Finance,"(4029886.132004339, 2940983.312252022)",6312e7f0898945a4a152b3cbeb10bb07,39,Work,bdec4764d7da49c9a6f9a0ac3580f4f0,36,Work
1939,03/07/2020T11:10:00 ,2020-03-07,OW Administration,"(4037093.952595035, 2937035.4484564867)",a88d01583d4d450f81d5d53efe50ddc1,46,Work,b5a43b8e20ee4a95a1754bb8c73b5809,19,Work
1939,03/07/2020T11:10:00 ,2020-03-07,OW Administration,"(4037093.952595035, 2937035.4484564867)",eaa6339d1f05411391fc0ec2d38cbe73,28,Work,d838384c44c547538817ad6fc4b6b475,42,Work
1939,03/07/2020T11:10:00 ,2020-03-07,Hotel,"(4039845.6103672986, 2941449.460067877)",a62fe755b9de4fc79987f6283f0490db,63,Work,d36de71af6f447e89d60207d040b3774,20,Work
1940,03/07/2020T11:20:00 ,2020-03-07,OW Manufacturing,"(4041994.9357273723, 2949416.2223347416)",212aeb7723844050aca7b02b2b8d81f6,42,Work,149b11ff1e0546d1b8eb3d18e2c9c0e9,30,Work
1940,03/07/2020T11:20:00 ,2020-03-07,OW Manufacturing,"(4041994.9357273723, 2949416.2223347416)",372126df713f4a21a7069a3894be179a,47,Work,26805e857abd45d2b71e0613e98c0751,53,Work
1940,03/07/2020T11:20:00 ,2020-03-07,OW Manufacturing,"(4041994.9357273723, 2949416.2223347416)",e3e20473b7284669b1aa0785e3ad3689,29,Work,4acdce6292ab4a729fe4001dab0c9e8d,23,Work
1940,03/07/2020T11:20:00 ,2020-03-07,OW Manufacturing,"(4041994.9357273723, 2949416.2223347416)",aa04cf47367b4e3d8eea8e29fa41c04b,60,Work,c2fc729788c14790a7a486459cadfbc0,56,Work
1940,03/07/2020T11:20:00 ,2020-03-07,OW Manufacturing,"(4033152.122280112, 2937616.4047832955)",1618f48b5f774bd39a01aae249a16371,19,Work,35ceff4383bb41439819b9cc6f298f8a,55,Work
1940,03/07/2020T11:20:00 ,2020-03-07,OW Transport,"(4055931.5178130977, 2950463.4801956057)",2bd55b16c60c4619a9b6a4dd8ee24640,55,Work,2a334730aed346f3bf87bb038253d199,4,Work
1941,03/07/2020T11:30:00 ,2020-03-07,OW Manufacturing,"(4041994.9357273723, 2949416.2223347416)",e0f52c0ed19a4937a380c1162cc121df,52,Work,663db41e682b42b58a6d9649611d6c3a,34,Work
1941,03/07/2020T11:30:00 ,2020-03-07,OW Manufacturing,"(4041994.9357273723, 2949416.2223347416)",67ce4bbc95cc422b9768e71e072a7c2b,36,Work,709f4e89e6e5467f964ec9c6299a208d,55,Work
1941,03/07/2020T11:30:00 ,2020-03-07,OW Finance,"(4029886.132004339, 2940983.312252022)",dabb728383ef4fcd9304b5f20b062e75,38,Work,1da17b546e054f99a534267c9b26a8b3,55,Work
1941,03/07/2020T11:30:00 ,2020-03-07,OW Administration,"(4037093.952595035, 2937035.4484564867)",f718fc9729c64d9ca4b4532b560325cd,58,Work,d838384c44c547538817ad6fc4b6b475,42,Work
1941,03/07/2020T11:30:00 ,2020-03-07,Hotel,"(4039845.6103672986, 2941449.460067877)",e6cf17926a4544c389b6b151331d2a7c,24,Work,9a956cb759294f6a95311ee405d63b58,38,Work
1941,03/07/2020T11:30:00 ,2020-03-07,Hotel,"(4039845.6103672986, 2941449.460067877)",12f73b490847468ab14db36bc711f5af,20,Work,7cafd43230754845aa92c6d666808b1b,32,Work
1942,03/07/2020T11:40:00 ,2020-03-07,OW Manufacturing,"(4041994.9357273723, 2949416.2223347416)",bc4aed5c3f7f415f926de89fce625129,49,Work,42cf895dc90f4a2fbb58ff47340f93de,51,Work
1942,03/07/2020T11:40:00 ,2020-03-07,OW Transport,"(4055931.5178130977, 2950463.4801956057)",b7ba63f36f4f4ac994fd83da59ccc419,44,Work,489fdfb228f24bf4aeabaa8aa63e404b,40,Work
1942,03/07/2020T11:40:00 ,2020-03-07,OW Administration,"(4037093.952595035, 2937035.4484564867)",acbb8636cecd4c76bde350b01c4ac3f2,24,Work,e9ab8da8860c48d4bbfeb7f692957d7c,28,Work
1942,03/07/2020T11:40:00 ,2020-03-07,Hotel,"(4039845.6103672986, 2941449.460067877)",884d84e13d564b8687b5afd09ff476d4,19,Work,d36de71af6f447e89d60207d040b3774,20,Work
1943,03/07/2020T11:50:00 ,2020-03-07,Care Home,"(4039528.9994623875, 2952253.717866595)",aecd84f6bbc84e4ab738ebbb03ea3812,50,Work,c27b60f0ec3544b0b9ef75060aea255c,92,House
1943,03/07/2020T11:50:00 ,2020-03-07,Care Home,"(4039528.9994623875, 2952253.717866595)",50f1d76ff9094d079eda68cb04a0073f,27,Work,1a29cb999b044b70844ebd4afc30e6a8,92,House
1943,03/07/2020T11:50:00 ,2020-03-07,OW Manufacturing,"(4041994.9357273723, 2949416.2223347416)",0b00efcee9aa487580087c6a49cd0906,35,Work,1e78e45bdef645dd80ce74b7fd881f5d,38,Work
1943,03/07/2020T11:50:00 ,2020-03-07,OW Manufacturing,"(4041994.9357273723, 2949416.2223347416)",a5fd27422f134412afa37244bf066c98,51,Work,aa2f34f54fb44b49a65dece66865951b,32,Work
1943,03/07/2020T11:50:00 ,2020-03-07,OW Finance,"(4023314.6408982556, 2946277.926834426)",84593740532d42bb9b80ad9774966a16,37,Work,de27eedaf04946d0bf47c6bfba1e580e,27,Work
1943,03/07/2020T11:50:00 ,2020-03-07,OW Finance,"(4023314.6408982556, 2946277.926834426)",188b9d4892ea4ddfbfcc5730ced76e5d,29,Work,4b884bebaf9847548e2e6f66c61ebee5,41,Work
1943,03/07/2020T11:50:00 ,2020-03-07,OW Finance,"(4029886.132004339, 2940983.312252022)",df51eaebb8714870be73e0f4d29bf37e,34,Work,1da17b546e054f99a534267c9b26a8b3,55,Work
1943,03/07/2020T11:50:00 ,2020-03-07,OW Finance,"(4029886.132004339, 2940983.312252022)",b04cb68317a041088cbcb39b22925e3d,48,Work,b8b27f62847547bca9f694403178b652,30,Work
1943,03/07/2020T11:50:00 ,2020-03-07,OW Administration,"(4037093.952595035, 2937035.4484564867)",417e43b4ebe24c5b8b0455a87f287be4,29,Work,59bbbb8705384e97af41df2e9a1d0129,25,Work
1943,03/07/2020T11:50:00 ,2020-03-07,Indoor Sport,"(4050206.9476461597, 2951923.276650936)",cafbad97712d49e282fdd08316a2154f,61,Work,7df1f17d883f43c192504f96439803a6,64,Work
1944,03/07/2020T12:00:00 ,2020-03-07,OW Manufacturing,"(4041994.9357273723, 2949416.2223347416)",1315dafb258a42ce82665e66bf76633f,40,Work,26013076c86a4f539ed6d12c3b2e576c,41,Work
1944,03/07/2020T12:00:00 ,2020-03-07,OW ICT,"(4038124.8254480036, 2950113.3998562694)",dc778a4b30db45d9872a5d18eb517bad,24,Work,738f7fb8b92946cb8c86566687efd015,24,Work
1944,03/07/2020T12:00:00 ,2020-03-07,OW Finance,"(4029886.132004339, 2940983.312252022)",8241fd7e0083497eb8fa6fa61c95c7b1,42,Work,929e3e79c89d482389601f1f75238964,28,Work
1944,03/07/2020T12:00:00 ,2020-03-07,OW Finance,"(4029886.132004339, 2940983.312252022)",9c2ea16660294add8452468284925cd7,46,Work,f354711d527440b4869a1a6bf5eb2a3b,49,Work
1944,03/07/2020T12:00:00 ,2020-03-07,OW Finance,"(4029886.132004339, 2940983.312252022)",4e371628553c489d9786b3e86da0a776,24,Work,eeb6a4c2aba242fdbdd0196c5c69628a,55,Work
1945,03/07/2020T12:10:00 ,2020-03-07,Care Home,"(4039528.9994623875, 2952253.717866595)",858219882c71460381ff7778d35d6f34,39,Work,cedea6bc6e4f49dc9efd4ca7564d9e42,23,Work
1945,03/07/2020T12:10:00 ,2020-03-07,OW Manufacturing,"(4041994.9357273723, 2949416.2223347416)",44830c9d9daa4b3fb1c154d28b03430b,43,Work,42cf895dc90f4a2fbb58ff47340f93de,51,Work
1945,03/07/2020T12:10:00 ,2020-03-07,OW Manufacturing,"(4033152.122280112, 2937616.4047832955)",299fb404c7a1430fbecff545d14d8b3a,39,Work,35ceff4383bb41439819b9cc6f298f8a,55,Work
1945,03/07/2020T12:10:00 ,2020-03-07,OW Finance,"(4023314.6408982556, 2946277.926834426)",cddbb9f4255e4e30ba06903cc7277f61,43,Work,317e289ed9bc43e49143b09529a01a0c,41,Work
1946,03/07/2020T12:20:00 ,2020-03-07,OW Manufacturing,"(4041994.9357273723, 2949416.2223347416)",13e91c46b0534c21b602b0dbab3b654b,41,Work,ca20ef88991a4f49b35a1f4df0bdbde8,25,Work
1946,03/07/2020T12:20:00 ,2020-03-07,OW Finance,"(4029886.132004339, 2940983.312252022)",2838be178e204af7b0cf97899e252c4f,32,Work,6a55302e92a94c9fba56dcf90db2d43e,30,Work
1946,03/07/2020T12:20:00 ,2020-03-07,Hotel,"(4039845.6103672986, 2941449.460067877)",5358c80104a14d5aa5a3136400412793,39,Work,78297e9343b041c49f9898e43eb8e6a7,21,Work
1946,03/07/2020T12:20:00 ,2020-03-07,Hotel,"(4039845.6103672986, 2941449.460067877)",ced2bc09088d487da488961ab60610ae,36,Work,543a8c7ab33a41f684cb05205647e170,24,Work
1946,03/07/2020T12:20:00 ,2020-03-07,Hotel,"(4039845.6103672986, 2941449.460067877)",c05135f78ead4ee2a3cd672af23d6ac9,40,Work,543a8c7ab33a41f684cb05205647e170,24,Work
1946,03/07/2020T12:20:00 ,2020-03-07,Hotel,"(4039845.6103672986, 2941449.460067877)",f0946baf9f0b481d87373de6592b4ed9,29,Work,acaaac9e8bf14a9e8843123dbc795ca7,42,Work
1947,03/07/2020T12:30:00 ,2020-03-07,OW Manufacturing,"(4033152.122280112, 2937616.4047832955)",1f290174cf5b4d428f3ce5de1034737f,48,Work,af3c808bf12345a7a9d2cbf5d28c5990,35,Work
1947,03/07/2020T12:30:00 ,2020-03-07,OW ICT,"(4038124.8254480036, 2950113.3998562694)",14e30924f29f4fc98aae596fc269a08c,50,Work,d711632dffde44c6be933681774eba31,40,Work
1947,03/07/2020T12:30:00 ,2020-03-07,OW Finance,"(4029886.132004339, 2940983.312252022)",b780bb7738dd4e279abb919e8cb1a16f,49,Work,6802705c28d247cda104f9bd17001296,20,Work
1947,03/07/2020T12:30:00 ,2020-03-07,Hotel,"(4039845.6103672986, 2941449.460067877)",ec98ffa7dc91481f80cf76606dc495f4,1,Work,599fccfc78274159a65ffd77837be401,3,Work
1947,03/07/2020T12:30:00 ,2020-03-07,Hotel,"(4039845.6103672986, 2941449.460067877)",1e66480ab6e44edb95e5a57c7b36cf15,36,Work,d75c241ccd3248d0ac480c8d1ebaf13a,37,Work
1948,03/07/2020T12:40:00 ,2020-03-07,OW Transport,"(4055931.5178130977, 2950463.4801956057)",1d722502e99747e6a22b92411602fdde,33,Work,8811cc1d9c9047858e8616a692c54e6b,31,Work
1948,03/07/2020T12:40:00 ,2020-03-07,OW Transport,"(4055931.5178130977, 2950463.4801956057)",c7babbded1b64768bcca5e6103567e00,35,Work,619fd685a00944f2ac4a2b3ba0f0f4a4,60,Work
1948,03/07/2020T12:40:00 ,2020-03-07,OW ICT,"(4038124.8254480036, 2950113.3998562694)",07f0535a95004ad189d6d0b3147158f9,46,Work,8532739e689d41bab97470191eed542f,22,Work
1948,03/07/2020T12:40:00 ,2020-03-07,OW Finance,"(4023314.6408982556, 2946277.926834426)",da874a641f1f4116b2acb2d0e9493fd8,29,Work,6030769fb4864ef69cd04942690c8798,53,Work
1948,03/07/2020T12:40:00 ,2020-03-07,OW Finance,"(4029886.132004339, 2940983.312252022)",ed231a5b53b34524badad790ac4c5a5b,61,Work,8fd8647f9a9447a8b786228b004fd104,45,Work
1948,03/07/2020T12:40:00 ,2020-03-07,OW Finance,"(4029886.132004339, 2940983.312252022)",f3ed06becf5f43f2b78b93a4afd503a7,43,Work,e15dd65dfbd5480280ed41e16b36753f,43,Work
1948,03/07/2020T12:40:00 ,2020-03-07,Indoor Sport,"(4050206.9476461597, 2951923.276650936)",7f4df50979f74aa389b028586d92d7c6,56,Work,ecb059339efc4d088a10166cfa7ad1ff,41,Work
1949,03/07/2020T12:50:00 ,2020-03-07,OW Manufacturing,"(4041994.9357273723, 2949416.2223347416)",d275d78d95c24b1198ab915a4e78ab27,23,Work,ca20ef88991a4f49b35a1f4df0bdbde8,25,Work
1949,03/07/2020T12:50:00 ,2020-03-07,OW Manufacturing,"(4033152.122280112, 2937616.4047832955)",660477652f9e4241a1c1b6bdb7a61b10,35,Work,35ceff4383bb41439819b9cc6f298f8a,55,Work
1949,03/07/2020T12:50:00 ,2020-03-07,OW Transport,"(4055931.5178130977, 2950463.4801956057)",86f46954612040809e0b688c6c589206,34,Work,5e61ddd340d24ade9f3588be9e662f16,47,Work
1949,03/07/2020T12:50:00 ,2020-03-07,OW Finance,"(4029886.132004339, 2940983.312252022)",bcad8a90311245019668ecdae164d5b2,40,Work,1da17b546e054f99a534267c9b26a8b3,55,Work
1949,03/07/2020T12:50:00 ,2020-03-07,Hotel,"(4039845.6103672986, 2941449.460067877)",9eb2e2be885e49ca88a6d9bd523ab4e0,44,Work,dd954493aea349f1bc3deb72616fa0b3,53,Work
1950,03/07/2020T13:00:00 ,2020-03-07,OW Manufacturing,"(4041994.9357273723, 2949416.2223347416)",eb677a845f0c47a09510fb8086b44837,36,Work,14421c6864984d04b78d5f72ae7e9b87,39,Work
1950,03/07/2020T13:00:00 ,2020-03-07,OW Transport,"(4055931.5178130977, 2950463.4801956057)",8482fb9b513a48428ccd0f77a22b7161,56,Work,b2d351e052fa42ceabc028ef7c723f76,47,Work
1950,03/07/2020T13:00:00 ,2020-03-07,OW Transport,"(4055931.5178130977, 2950463.4801956057)",37ed0624bb724310a88cd74d0243b902,24,Work,516dc8e76f354d3f8500a45283196a2a,43,Work
1950,03/07/2020T13:00:00 ,2020-03-07,OW ICT,"(4038124.8254480036, 2950113.3998562694)",e15b5d1a9bfa4c039035da426638371e,49,Work,7e8e9041ae334753bc58ba203306f597,38,Work
1950,03/07/2020T13:00:00 ,2020-03-07,OW ICT,"(4038124.8254480036, 2950113.3998562694)",1321cd4147a84783aa711d717c3f6bb4,48,Work,c7c518a0e4d94c0c8555034b77b9f0e4,23,Work
1950,03/07/2020T13:00:00 ,2020-03-07,OW Finance,"(4029886.132004339, 2940983.312252022)",07d0b84e93db4e1caefe0248038dd05c,26,Work,1c9c6843992d49dea2baba8b278ecee1,58,Work
1950,03/07/2020T13:00:00 ,2020-03-07,Hotel,"(4039845.6103672986, 2941449.460067877)",b3b8cee7c33e44fc88ad3923e17fdaa1,42,Work,12679ffb6f90416f8d7042627215d280,41,Work
1950,03/07/2020T13:00:00 ,2020-03-07,Hotel,"(4039845.6103672986, 2941449.460067877)",05c6aa15b03d4c9c91e536ba03bbd8a2,18,Work,bcadbc7d20fa43cd9bbb3c568c9512bf,44,Work
1951,03/07/2020T13:10:00 ,2020-03-07,OW Manufacturing,"(4041994.9357273723, 2949416.2223347416)",1415344b4fa74a6f80bd7b225ca95ff8,58,Work,a8126e6ceac4493e9dd9a74ac47b3050,52,Work
1951,03/07/2020T13:10:00 ,2020-03-07,OW Manufacturing,"(4033152.122280112, 2937616.4047832955)",06b166b9df1b4372838dc12c4466a305,57,Work,23a3e649941640adab12ee6cb848d153,47,Work
1951,03/07/2020T13:10:00 ,2020-03-07,OW Manufacturing,"(4033152.122280112, 2937616.4047832955)",fa16bb1a66c0477b8d650d10a9232e2e,33,Work,a38694007a66456cb96e6443a0473589,51,Work
1951,03/07/2020T13:10:00 ,2020-03-07,OW Transport,"(4055931.5178130977, 2950463.4801956057)",dcb58b6206e8455da302d6ef5f551175,26,Work,931b83c200134de38e6e6ebb956e5542,62,Work
1952,03/07/2020T13:20:00 ,2020-03-07,Hotel,"(4039845.6103672986, 2941449.460067877)",dce5ca635d9a4009bed1f9da64f05704,47,Work,9a956cb759294f6a95311ee405d63b58,38,Work
1953,03/07/2020T13:30:00 ,2020-03-07,OW Transport,"(4055931.5178130977, 2950463.4801956057)",f74a593d278048279ca698b547008bcf,31,Work,af92b22119c44672be5094e49edb54ad,49,Work
1954,03/07/2020T13:40:00 ,2020-03-07,OW Manufacturing,"(4033152.122280112, 2937616.4047832955)",18ca6f48728d4267ad4a1f9d93bfac44,18,Work,a38694007a66456cb96e6443a0473589,51,Work
1954,03/07/2020T13:40:00 ,2020-03-07,OW Finance,"(4029886.132004339, 2940983.312252022)",b3b19ed88a534e7cac1ba8d521309e6b,30,Work,9d2ed56fca96423091534741545cebfa,20,Work
1954,03/07/2020T13:40:00 ,2020-03-07,OW Finance,"(4029886.132004339, 2940983.312252022)",77e51d4f2b0a4fa4abe72e87397b8253,27,Work,1dc588e30949403897a37fe267a6d832,54,Work
1954,03/07/2020T13:40:00 ,2020-03-07,OW Administration,"(4037093.952595035, 2937035.4484564867)",18b989e37bad4edc92575e54e6761f04,37,Work,5c174aceff87437bb33e79742849807f,43,Work
1955,03/07/2020T13:50:00 ,2020-03-07,Care Home,"(4039528.9994623875, 2952253.717866595)",f7d6b47347ca4eb9ab4b295a21b4e7dc,27,Work,517c6a167bd94fea8abee02bbeb36992,95,Outdoor
1955,03/07/2020T13:50:00 ,2020-03-07,Care Home,"(4039528.9994623875, 2952253.717866595)",afb77bbb086c414d89d232d276c44294,28,Work,c98d36f56f5c4e249a5aee6ffb158944,18,Work
1955,03/07/2020T13:50:00 ,2020-03-07,OW Manufacturing,"(4041994.9357273723, 2949416.2223347416)",cec9ba887a514d86a3efe4807a536a7b,11,Work,ae6fe6848fdc42cba4adffb52709bc89,54,Work
1955,03/07/2020T13:50:00 ,2020-03-07,OW Finance,"(4029886.132004339, 2940983.312252022)",482327de087a415eae07d1b222e6e7ce,33,Work,ab65fffdf7cd486790f5b031ffb3bad5,28,Work
1955,03/07/2020T13:50:00 ,2020-03-07,Indoor Sport,"(4050206.9476461597, 2951923.276650936)",274267155d684e45be24db80dde80f2e,30,Work,3f78b03fc3a845cbbd19cdf5bd349f93,29,Work
1956,03/07/2020T14:00:00 ,2020-03-07,OW Manufacturing,"(4041994.9357273723, 2949416.2223347416)",95659562ef16449db3e8b7eca0a7897f,31,Work,bd20f3a7110f401fa65563831a1144e6,54,Work
1956,03/07/2020T14:00:00 ,2020-03-07,OW Manufacturing,"(4033152.122280112, 2937616.4047832955)",fa5521f390db4f248b422e952a9d1102,31,Work,3cd210436b1345e3b036587dd17adfa7,56,Work
1956,03/07/2020T14:00:00 ,2020-03-07,OW Finance,"(4029886.132004339, 2940983.312252022)",dfeea74215104ce1b3b7349476b464a1,57,Work,6e0f979bf66b48b1b2fba5074ce8b1e6,30,Work
1957,03/07/2020T14:10:00 ,2020-03-07,Care Home,"(4039528.9994623875, 2952253.717866595)",11dc5aab32fc4cceb25c9e210c4b3a5d,45,Work,c451fe2077cc42a2abe341325721a3c5,95,House
1957,03/07/2020T14:10:00 ,2020-03-07,OW Transport,"(4039385.8012878024, 2979458.8174780845)",1e65db4486874eeeb45c0ca9951369b2,41,Work,1ceaa080706e4c1aac43bd14602f42e8,46,Work
1957,03/07/2020T14:10:00 ,2020-03-07,OW Transport,"(4055931.5178130977, 2950463.4801956057)",ff872b3e86d44921986ebfc0e7fd2d84,17,Work,f7b1ff3fc67d4e7e88dab1c131bbc555,38,Work
1957,03/07/2020T14:10:00 ,2020-03-07,OW Finance,"(4029886.132004339, 2940983.312252022)",25353feea6ac42af87fed4cb0d66cc1a,44,Work,929e3e79c89d482389601f1f75238964,28,Work
1957,03/07/2020T14:10:00 ,2020-03-07,OW Finance,"(4029886.132004339, 2940983.312252022)",82b4750d90f1459d9cca0db2efbf219b,46,Work,26cfb5fdaaa044828b0d36a78a3acc4e,61,Work
1957,03/07/2020T14:10:00 ,2020-03-07,OW Finance,"(4029886.132004339, 2940983.312252022)",8dd7e17d821247019306d175af4314a6,52,Work,030f39fe1f164ec2bcbe54cfb2a6abf1,34,Work
1957,03/07/2020T14:10:00 ,2020-03-07,OW Administration,"(4037093.952595035, 2937035.4484564867)",2f35e75907054c5eac245defb8584603,1,Work,b57155cd24834e8a84b391d9c08d6b6d,59,Work
1958,03/07/2020T14:20:00 ,2020-03-07,OW Manufacturing,"(4041994.9357273723, 2949416.2223347416)",fe8c182cc50a4e83a2b66a2706f8a7ed,44,Work,23b53bce620749598aad707b6ad982b1,52,Work
1958,03/07/2020T14:20:00 ,2020-03-07,OW Manufacturing,"(4041994.9357273723, 2949416.2223347416)",0532427081834fc39820222914e54805,62,Work,26013076c86a4f539ed6d12c3b2e576c,41,Work
1958,03/07/2020T14:20:00 ,2020-03-07,OW Manufacturing,"(4041994.9357273723, 2949416.2223347416)",3015fcef63b2420baa1799ee297b6b1a,46,Work,709f4e89e6e5467f964ec9c6299a208d,55,Work
1958,03/07/2020T14:20:00 ,2020-03-07,OW Manufacturing,"(4033152.122280112, 2937616.4047832955)",e3697274aeb340fd907e8fcad32731f2,33,Work,23a3e649941640adab12ee6cb848d153,47,Work
1958,03/07/2020T14:20:00 ,2020-03-07,OW Transport,"(4055931.5178130977, 2950463.4801956057)",a6dbeaca721442d2a146d73a2b9a6f34,33,Work,5646d554da2944f5ad705bd13baaeb40,29,Work
1958,03/07/2020T14:20:00 ,2020-03-07,OW ICT,"(4038124.8254480036, 2950113.3998562694)",f616468244a34c5d81e87968f11f9793,26,Work,a1888014e4ad40b89a0e6471911fd3bc,40,Work
1958,03/07/2020T14:20:00 ,2020-03-07,OW Finance,"(4029886.132004339, 2940983.312252022)",07c6c3878ae247789377e6c59a240244,29,Work,01680265b09048618c03e6a6529fc5f1,36,Work
1958,03/07/2020T14:20:00 ,2020-03-07,OW Finance,"(4029886.132004339, 2940983.312252022)",a8352b01ee58418e9cccaad1b34ed1ef,48,Work,929e3e79c89d482389601f1f75238964,28,Work
1958,03/07/2020T14:20:00 ,2020-03-07,OW Finance,"(4029886.132004339, 2940983.312252022)",adf99c38ed4443dd812bea67b86d4c21,40,Work,39f71ab28b1e4d2a8a932c245b99c921,59,Work
1959,03/07/2020T14:30:00 ,2020-03-07,OW Manufacturing,"(4041994.9357273723, 2949416.2223347416)",4065e9cb933d4a51b47d9411851e6b68,48,Work,14421c6864984d04b78d5f72ae7e9b87,39,Work
1959,03/07/2020T14:30:00 ,2020-03-07,OW Manufacturing,"(4033152.122280112, 2937616.4047832955)",d429295faba148ddaea33dffa4108c86,26,Work,121e93fd62504fd9a97a10bd80435705,24,Work
1959,03/07/2020T14:30:00 ,2020-03-07,OW Transport,"(4055931.5178130977, 2950463.4801956057)",5d5e1b3ebdb140c3986670859189a045,41,Work,8bd308767cae4599970aadd32493bee8,37,Work
1959,03/07/2020T14:30:00 ,2020-03-07,Indoor Sport,"(4050206.9476461597, 2951923.276650936)",906fd2e55219432488bb109c178164a0,33,Work,ecb059339efc4d088a10166cfa7ad1ff,41,Work
1960,03/07/2020T14:40:00 ,2020-03-07,OW Manufacturing,"(4041994.9357273723, 2949416.2223347416)",150f165e05e847c9b59cda3336dd69fb,54,Work,ea80728194044b51a9c727a806b52805,26,Work
1960,03/07/2020T14:40:00 ,2020-03-07,OW Manufacturing,"(4041994.9357273723, 2949416.2223347416)",0c860f8862ee4418a1365c4df23ce844,47,Work,336538ee2f39496f8fc741bbfd72c14b,58,Work
1960,03/07/2020T14:40:00 ,2020-03-07,OW Manufacturing,"(4033152.122280112, 2937616.4047832955)",e26b4c57fc9f40628fe000947cae2e15,60,Work,a38694007a66456cb96e6443a0473589,51,Work
1960,03/07/2020T14:40:00 ,2020-03-07,OW Manufacturing,"(4033152.122280112, 2937616.4047832955)",6ebd0227fd2046818f54456a77c330c7,35,Work,af195a92eb89400d89501664f963520f,23,Work
1960,03/07/2020T14:40:00 ,2020-03-07,OW ICT,"(4038124.8254480036, 2950113.3998562694)",f33ed97db1674d0dbc607f33ebfeb029,52,Work,a1888014e4ad40b89a0e6471911fd3bc,40,Work
1960,03/07/2020T14:40:00 ,2020-03-07,OW Finance,"(4023314.6408982556, 2946277.926834426)",9d9a0a932ada497bae76c1c17580835a,52,Work,4146bdc77dc14559a8203ace3ebbcf0d,31,Work
1960,03/07/2020T14:40:00 ,2020-03-07,OW Finance,"(4029886.132004339, 2940983.312252022)",8fcf69884a6749698abc041b7174bab3,23,Work,9e419a66625747019fd5b46e0cd31174,30,Work
1960,03/07/2020T14:40:00 ,2020-03-07,OW Administration,"(4037093.952595035, 2937035.4484564867)",1ee101e288384596a18201a6af3d16dd,50,Work,7da845b534564f1f929af166720f3fe5,43,Work
1961,03/07/2020T14:50:00 ,2020-03-07,OW Transport,"(4055931.5178130977, 2950463.4801956057)",1a6c569e7cc64eb79bdabf37ef445d4b,49,Work,2be764bb5a7a488f9a3a429de263e95b,40,Work
1961,03/07/2020T14:50:00 ,2020-03-07,OW ICT,"(4038124.8254480036, 2950113.3998562694)",76293f3e93f74dae8c65f98e5938bb66,52,Work,0a8e77e4ff374d6bae3faa4b76b9b9dd,54,Work
1961,03/07/2020T14:50:00 ,2020-03-07,OW Finance,"(4029886.132004339, 2940983.312252022)",e2b6948e122f48758f1717cf59eb1c34,58,Work,34cb9a6b5bf1413ebad6ff0d7174ca0a,45,Work
1961,03/07/2020T14:50:00 ,2020-03-07,Shop,"(4035835.5297417524, 2951371.855012576)",5c15cb74946749f2be4fc22fd953f68c,36,Work,ab5e5ff1ac174694a6fea74b080086cb,21,Work
1961,03/07/2020T14:50:00 ,2020-03-07,Hotel,"(4039845.6103672986, 2941449.460067877)",18d17a7bd4bf420b9bd26aa2434a3850,31,Work,b8544bb691c24301b5bf44b6874d1847,32,Work
1962,03/07/2020T15:00:00 ,2020-03-07,OW Transport,"(4055931.5178130977, 2950463.4801956057)",2654701b1fe34498a6daaa8320230c04,19,Work,5646d554da2944f5ad705bd13baaeb40,29,Work
1962,03/07/2020T15:00:00 ,2020-03-07,OW ICT,"(4038124.8254480036, 2950113.3998562694)",b34a7c9606bf49acaec335b93b0ef34e,46,Work,69bd9e9a1cb34a0d90c3c3ecc3534012,34,Work
1962,03/07/2020T15:00:00 ,2020-03-07,OW Finance,"(4029886.132004339, 2940983.312252022)",4c849efd10b2423380835edc8090f064,55,Work,cf0d4b49325b46708365290cf9a56269,30,Work
1962,03/07/2020T15:00:00 ,2020-03-07,OW Finance,"(4029886.132004339, 2940983.312252022)",e78d62f4769241c88daef24ce74a9ed7,40,Work,04933c7fc331437f8bbe9307785f7ae8,45,Work
1962,03/07/2020T15:00:00 ,2020-03-07,OW Finance,"(4029886.132004339, 2940983.312252022)",f294d814cd4e457990dc733617253df0,52,Work,b8b27f62847547bca9f694403178b652,30,Work
1962,03/07/2020T15:00:00 ,2020-03-07,Hotel,"(4039845.6103672986, 2941449.460067877)",f3028acf506b42c88ba2dbc17ea15ddb,39,Work,543a8c7ab33a41f684cb05205647e170,24,Work
1963,03/07/2020T15:10:00 ,2020-03-07,OW Transport,"(4055931.5178130977, 2950463.4801956057)",cb95758716c44dd5baa59b443d1f611f,39,Work,8bd308767cae4599970aadd32493bee8,37,Work
1963,03/07/2020T15:10:00 ,2020-03-07,OW Finance,"(4044087.0435225195, 2951850.7264003935)",56d1fc2cbf564d48bfc0c2df7d64353f,43,Work,200e26a250454633818a97054a95c5ba,7,Work
1963,03/07/2020T15:10:00 ,2020-03-07,OW Finance,"(4023314.6408982556, 2946277.926834426)",23fd118e531546c0a9e59081d868ce75,62,Work,aec78d490fc448c4abf0d011b4a92605,30,Work
1963,03/07/2020T15:10:00 ,2020-03-07,OW Administration,"(4037093.952595035, 2937035.4484564867)",234de8c397a74ae1bc560d53d28ae18a,28,Work,d95ed15a62504a3b877ce91a13c96067,32,Work
1964,03/07/2020T15:20:00 ,2020-03-07,OW Manufacturing,"(4041994.9357273723, 2949416.2223347416)",116e2c25dfb8492bb73390042c026807,57,Work,709f4e89e6e5467f964ec9c6299a208d,55,Work
1964,03/07/2020T15:20:00 ,2020-03-07,OW Finance,"(4023314.6408982556, 2946277.926834426)",827737c0cecf40edba927220b9f84965,31,Work,242b873ae6a243579b5deecd02a8a8db,50,Work
1964,03/07/2020T15:20:00 ,2020-03-07,OW Finance,"(4023314.6408982556, 2946277.926834426)",7d043b45775c49ff8ae1731523c58e17,27,Work,ea3dc91250a64e0787e7c9772f3c99bd,32,Work
1964,03/07/2020T15:20:00 ,2020-03-07,OW Finance,"(4029886.132004339, 2940983.312252022)",794f8a706c114fd1ba3e394f5e248c89,56,Work,1c9c6843992d49dea2baba8b278ecee1,58,Work
1965,03/07/2020T15:30:00 ,2020-03-07,OW Manufacturing,"(4041994.9357273723, 2949416.2223347416)",48a796b417694fb2ba23841502153331,21,Work,d050b802914246529de740affcbd0adb,34,Work
1965,03/07/2020T15:30:00 ,2020-03-07,OW Finance,"(4029886.132004339, 2940983.312252022)",b98e389175754e4d9065941c09b180b8,21,Work,6a55302e92a94c9fba56dcf90db2d43e,30,Work
1965,03/07/2020T15:30:00 ,2020-03-07,Hotel,"(4039845.6103672986, 2941449.460067877)",75f95b839fa84cdc8404186a926ada38,34,Work,cceb87b54bd94fd39f5499c9eb9268be,28,Work
1966,03/07/2020T15:40:00 ,2020-03-07,OW Manufacturing,"(4041994.9357273723, 2949416.2223347416)",f575a745032b4ca8996ad9bfcf78a281,37,Work,cc564d3c0a9247ee9fadf698be792845,27,Work
1966,03/07/2020T15:40:00 ,2020-03-07,OW Manufacturing,"(4033152.122280112, 2937616.4047832955)",34f9966b7d6c45f5a1d73fd623cf666a,45,Work,af195a92eb89400d89501664f963520f,23,Work
1966,03/07/2020T15:40:00 ,2020-03-07,OW Finance,"(4023314.6408982556, 2946277.926834426)",5be7553a11374728a2b1e29cd7fe0bc4,63,Work,f23cf1538d1f40dda71e9a18e63c5fd6,30,Work
1966,03/07/2020T15:40:00 ,2020-03-07,OW Finance,"(4029886.132004339, 2940983.312252022)",47fe394a92df4ff9a2fb29db28f56a18,56,Work,23f054e5795c4ea2bf1c43b5892b2914,47,Work
1966,03/07/2020T15:40:00 ,2020-03-07,OW Finance,"(4029886.132004339, 2940983.312252022)",100618b4e1874adb87a471a5dfa0e646,38,Work,26cfb5fdaaa044828b0d36a78a3acc4e,61,Work
1967,03/07/2020T15:50:00 ,2020-03-07,OW Manufacturing,"(4033152.122280112, 2937616.4047832955)",b8d272abb47e4abfa4c199c90cfa1f52,42,Work,51bdd3a59ff745d69d35f85a5e13b38d,19,Work
1967,03/07/2020T15:50:00 ,2020-03-07,OW Transport,"(4055931.5178130977, 2950463.4801956057)",4d578e1ceb984084bf5c6fcb11305a72,20,Work,a55085530bc64a8c921d5a21b1b00aaf,27,Work
1967,03/07/2020T15:50:00 ,2020-03-07,OW Transport,"(4055931.5178130977, 2950463.4801956057)",520cf50cec1a4ffc950921eda4608964,48,Work,d10b6d1ba21d436ab0326cf9670b76bd,25,Work
1967,03/07/2020T15:50:00 ,2020-03-07,OW Finance,"(4023314.6408982556, 2946277.926834426)",7807bf51bb534b68957002683ef3aba4,35,Work,ad080642f5d744a9b826e6bd31c49e53,63,Work
1967,03/07/2020T15:50:00 ,2020-03-07,OW Finance,"(4023314.6408982556, 2946277.926834426)",0de5a51fb16840f695ea326e20c90ce8,32,Work,656f79d430694802ac080bd738334056,39,Work
1968,03/07/2020T16:00:00 ,2020-03-07,OW Finance,"(4029886.132004339, 2940983.312252022)",ae8f6b5fa6c34e8dac9754618c92c7a7,50,Work,eae5fd37d7634d80bd635f8a767a153d,64,Work
1969,03/07/2020T16:10:00 ,2020-03-07,OW Finance,"(4029886.132004339, 2940983.312252022)",6fbd7b95baf749febbf167199cc636cd,24,Work,c447aa251e48462baad1a0bacbcd132a,24,Work
1969,03/07/2020T16:10:00 ,2020-03-07,OW Administration,"(4037093.952595035, 2937035.4484564867)",f00fcd3e3f234e79a72157b369143dc4,38,Work,e9ab8da8860c48d4bbfeb7f692957d7c,28,Work
1969,03/07/2020T16:10:00 ,2020-03-07,OW Administration,"(4037093.952595035, 2937035.4484564867)",cce35c1bba46458aa60f0c358c34cbe3,26,Work,59bbbb8705384e97af41df2e9a1d0129,25,Work
1969,03/07/2020T16:10:00 ,2020-03-07,Hotel,"(4039845.6103672986, 2941449.460067877)",a99c4d138de14182934b910bb5bd23aa,47,Work,4d39941c85f047aead4490f8697e0aa7,30,Work
1969,03/07/2020T16:10:00 ,2020-03-07,Hotel,"(4039845.6103672986, 2941449.460067877)",d1d052ba74b44fe7968cad9aa77ad3de,19,Work,e63c1a8321144457b2744fc08e6614eb,46,Work
1969,03/07/2020T16:10:00 ,2020-03-07,Hotel,"(4039845.6103672986, 2941449.460067877)",22a599becb804f3c818fc26efad405f4,34,Work,78297e9343b041c49f9898e43eb8e6a7,21,Work
1970,03/07/2020T16:20:00 ,2020-03-07,OW Manufacturing,"(4041994.9357273723, 2949416.2223347416)",0bae527ab033426a857e3a4132341294,52,Work,6e3ca4c3d50048e2a4c8ccec89891b18,34,Work
1970,03/07/2020T16:20:00 ,2020-03-07,OW Manufacturing,"(4041994.9357273723, 2949416.2223347416)",63da722449e24f1ca819670f67f66e1c,55,Work,aa2f34f54fb44b49a65dece66865951b,32,Work
1970,03/07/2020T16:20:00 ,2020-03-07,OW Finance,"(4044087.0435225195, 2951850.7264003935)",e7d826acb2834657be019718ad0a5d7a,48,Work,200e26a250454633818a97054a95c5ba,7,Work
1970,03/07/2020T16:20:00 ,2020-03-07,OW Finance,"(4023314.6408982556, 2946277.926834426)",ccaf49a70ba54c828c224d7efb024889,29,Work,c0e1e0fc146c4959a0fe4653847414f8,36,Work
1971,03/07/2020T16:30:00 ,2020-03-07,Care Home,"(4039528.9994623875, 2952253.717866595)",5f280091188b4cbfa6b392b8c1beac3a,35,Work,4f1aad0d45ef44979698e95a463e5604,43,Work
1971,03/07/2020T16:30:00 ,2020-03-07,OW Manufacturing,"(4033152.122280112, 2937616.4047832955)",f19d2c1329ff4cb9b425256ec8feae7a,28,Work,a5f7d4d79e4d467dacaa72bd057f7cac,44,Work
1971,03/07/2020T16:30:00 ,2020-03-07,OW Manufacturing,"(4033152.122280112, 2937616.4047832955)",f775ae55fc564c5db1436d35daaf7969,45,Work,121e93fd62504fd9a97a10bd80435705,24,Work
1971,03/07/2020T16:30:00 ,2020-03-07,OW ICT,"(4038124.8254480036, 2950113.3998562694)",758df84869334e079ae0628654dcc85a,33,Work,7c761dcf093f45939aa73635598ca255,41,Work
1971,03/07/2020T16:30:00 ,2020-03-07,OW Finance,"(4029886.132004339, 2940983.312252022)",eabf270c2d264bdca95116009179c017,46,Work,030f39fe1f164ec2bcbe54cfb2a6abf1,34,Work
1972,03/07/2020T16:40:00 ,2020-03-07,OW Manufacturing,"(4041994.9357273723, 2949416.2223347416)",13edde87ccc64a258bac72a51a77c8a4,43,Work,a3a40ec74012496397ebdfd9b79a6cdb,41,Work
1972,03/07/2020T16:40:00 ,2020-03-07,OW Transport,"(4055931.5178130977, 2950463.4801956057)",eb7be5e91c6d4ac8886f77d4dbb1145b,51,Work,9c61743ef42c439ba449fe987ffc2f52,58,Work
1972,03/07/2020T16:40:00 ,2020-03-07,OW Finance,"(4023314.6408982556, 2946277.926834426)",a826a964215f45e1a3b16b6c3a55b501,33,Work,c0e1e0fc146c4959a0fe4653847414f8,36,Work
1972,03/07/2020T16:40:00 ,2020-03-07,OW Finance,"(4029886.132004339, 2940983.312252022)",5f7efcfdb2224838a954b0867b2fcf70,56,Work,3b5ca6d7780a490b8e9d05a6b2600f3b,23,Work
1972,03/07/2020T16:40:00 ,2020-03-07,OW Finance,"(4029886.132004339, 2940983.312252022)",3c2455f6701e4c7bb9f60f511d159898,51,Work,1c9c6843992d49dea2baba8b278ecee1,58,Work
1972,03/07/2020T16:40:00 ,2020-03-07,OW Finance,"(4029886.132004339, 2940983.312252022)",2c9cfdd7cb2f4f0591e512c8eda3f260,22,Work,ab65fffdf7cd486790f5b031ffb3bad5,28,Work
1973,03/07/2020T16:50:00 ,2020-03-07,OW Finance,"(4023314.6408982556, 2946277.926834426)",43f5e521841443ca85d5df24b75b60c2,27,Work,4b884bebaf9847548e2e6f66c61ebee5,41,Work
1973,03/07/2020T16:50:00 ,2020-03-07,Public Transport,"(4023349.446290215, 2942548.557850282)",783a1ef9d33240aaa854e792ac1cc16e,39,Public Transport,71ec7b4c981a4a68bf0a8ab5e5682782,32,Public Transport
1973,03/07/2020T16:50:00 ,2020-03-07,House,"(4040031.521294509, 2951493.033556159)",c0ce1ce480ba40fd939924835cc2df2c,2,House,516dc8e76f354d3f8500a45283196a2a,43,House
1974,03/07/2020T17:00:00 ,2020-03-07,OW Finance,"(4029886.132004339, 2940983.312252022)",84c478fa4d034d018dcf4b7a3b28bf45,19,Work,bdec4764d7da49c9a6f9a0ac3580f4f0,36,Work
1974,03/07/2020T17:00:00 ,2020-03-07,OW Finance,"(4029886.132004339, 2940983.312252022)",f663d047aafc494fa667fe29198ceff6,24,Work,c3e1fef490314fe4b7f1096a2cfbec1b,23,Work
1974,03/07/2020T17:00:00 ,2020-03-07,OW Finance,"(4029886.132004339, 2940983.312252022)",4bed13798c624b80adfa699b3622deb2,36,Work,3b5ca6d7780a490b8e9d05a6b2600f3b,23,Work
1975,03/07/2020T17:10:00 ,2020-03-07,Care Home,"(4039528.9994623875, 2952253.717866595)",b5b2124333e24d5fb9c3ce7660c2e3e3,58,Work,1bef945328d84dbdad03e2d0b577eaa7,26,Work
1975,03/07/2020T17:10:00 ,2020-03-07,OW Transport,"(4055931.5178130977, 2950463.4801956057)",c3b64b7ec36d49ceb3e924ad3d294b64,55,Work,b76214f961564cd98a2975d92f920066,39,Work
1975,03/07/2020T17:10:00 ,2020-03-07,OW Administration,"(4037093.952595035, 2937035.4484564867)",07bd266b276144c9945c5af2e2b79851,23,Work,b5a43b8e20ee4a95a1754bb8c73b5809,19,Work
1978,03/07/2020T17:40:00 ,2020-03-07,OW Manufacturing,"(4041994.9357273723, 2949416.2223347416)",a511f4a770684d3e9a144ef3d892d2d4,23,Work,c2fc729788c14790a7a486459cadfbc0,56,Work
1978,03/07/2020T17:40:00 ,2020-03-07,OW ICT,"(4038124.8254480036, 2950113.3998562694)",5c3e4592ac06406b8b61493507e0ca5f,42,Work,d300366b233e487d95a2ee616ab74040,43,Work
1983,03/07/2020T18:30:00 ,2020-03-07,Public Transport,"(4041876.1986164837, 2952870.438339071)",5bc82f21985d47319bf14ca8390dcaed,12,Public Transport,121e93fd62504fd9a97a10bd80435705,24,Public Transport
1987,03/07/2020T19:10:00 ,2020-03-07,Care Home,"(4039528.9994623875, 2952253.717866595)",44028fcb2c4c40ca9d761e94bfec281c,95,House,52969d2c6b274bfcbbc6d2b91589a10f,95,House
1990,03/07/2020T19:40:00 ,2020-03-07,House,"(4038919.521886054, 2966008.080539026)",2024ab712d4d40e588e88f5b61b218f0,48,House,a3a40ec74012496397ebdfd9b79a6cdb,41,House
1994,03/07/2020T20:20:00 ,2020-03-07,Cinema or Theatre,"(4054162.863186943, 2964086.570923044)",96405b32dbad449bb70af505b931605d,80,Cinema or Theatre,6d50fdf014f6450f8a7819f3210ced35,62,Cinema or Theatre
2001,03/07/2020T21:30:00 ,2020-03-07,House,"(4040861.9088312658, 2949848.804896087)",ce7f149077d2405799fe90ff366e216f,43,House,4ff4b6c1afaa4f11b64c2e38c5a80f7e,46,House
2002,03/07/2020T21:40:00 ,2020-03-07,Cinema or Theatre,"(4029879.4130879384, 2939274.739410847)",0ad9865ea0ec490f80629347b4a8fa6e,65,Cinema or Theatre,6bb65c7e93134fab8ed052bd35a06489,61,Cinema or Theatre
2022,03/08/2020T01:00:00 ,2020-03-08,House,"(4031220.6396429585, 2952388.2265685955)",7c783b48192e453bae45f2d464e2f85b,48,House,bcadbc7d20fa43cd9bbb3c568c9512bf,44,House
2034,03/08/2020T03:00:00 ,2020-03-08,Public Transport,"(4032079.2988104243, 2946176.9613075545)",a6e1fbd031ec47f69d97df99bf89f290,7,Public Transport,5ecfebe871f044009f76b5ace9cdabb4,1,Public Transport
2045,03/08/2020T04:50:00 ,2020-03-08,House,"(4042900.6797690294, 2956956.4500839133)",91f6956543ca40e7b3ad4054697529e5,52,House,00af8bfa6ee5495080aa92306f0117e5,47,House
2048,03/08/2020T05:20:00 ,2020-03-08,Care Home,"(4039528.9994623875, 2952253.717866595)",d5d5cf7fe240426c89284d53f13c0a37,95,House,c451fe2077cc42a2abe341325721a3c5,95,House
2066,03/08/2020T08:20:00 ,2020-03-08,House,"(4041830.288198432, 2958470.2752397605)",b476b4802ee14c638fe2822030614f32,57,House,acaaac9e8bf14a9e8843123dbc795ca7,42,House
2080,03/08/2020T10:40:00 ,2020-03-08,House,"(4027092.2854968305, 2940299.634818706)",c334007c1073452bb4bcf13c9de39020,20,House,6da37e038b5b4d9aa3698bdd46afa0a1,56,House
2085,03/08/2020T11:30:00 ,2020-03-08,OW ICT,"(4038124.8254480036, 2950113.3998562694)",34bcad256f7d4ee48790484e0c2f13b5,39,Work,eb1b63761e99407d8499a6e855d07904,23,Work
2085,03/08/2020T11:30:00 ,2020-03-08,House,"(4041509.1814238727, 2950355.202717364)",d223b2a4f5d846498d630aaf296fe84e,64,House,541163352fc54ceb885b8b316cbb948f,23,Visit
2087,03/08/2020T11:50:00 ,2020-03-08,Care Home,"(4039528.9994623875, 2952253.717866595)",d61b9644431344a8a4eefccad19452d1,44,Work,93fb4b7f41a149279ad9e72e3482ffc7,95,Outdoor
2091,03/08/2020T12:30:00 ,2020-03-08,OW Finance,"(4029886.132004339, 2940983.312252022)",221cc5e16fe84a0fabc7c567ff54027d,56,Work,3b5ca6d7780a490b8e9d05a6b2600f3b,23,Work
2097,03/08/2020T13:30:00 ,2020-03-08,House,"(4036882.3247522274, 2953983.923686324)",d2712ab1b4c5460396dad451e37184a5,62,House,1c9fa9c9cecd4da58ddf8b261ea7091a,22,House
2105,03/08/2020T14:50:00 ,2020-03-08,Hospital,"(4058154.76725065, 2949603.507869995)",6f1824456ede489ba3e02faf7b8ed65b,26,Work,498bd7bef5904b8bb8f972ab5b644133,81,House
2116,03/08/2020T16:40:00 ,2020-03-08,Shop,"(4043221.8343739966, 2952253.0153072765)",c474fc7878b8484385f4ac07b999c423,7,Shop,d9e70badf1a24e3ea20c587aed58c045,47,Shop
2119,03/08/2020T17:10:00 ,2020-03-08,Cinema or Theatre,"(4030812.7362475353, 2939756.7121743676)",f4b953d77b5340e5884d664fef86fba3,37,Cinema or Theatre,fd526fd8e1e1468f898e77d0a546cdc4,34,Cinema or Theatre
2127,03/08/2020T18:30:00 ,2020-03-08,Indoor Sport,"(4025996.841531536, 2969958.2781656026)",7467f6bf849b40fcbcafd06f49b5a765,46,Indoor Sport,08bfad44ad904e7a828e46571300088d,0,Indoor Sport
2141,03/08/2020T20:50:00 ,2020-03-08,Cinema or Theatre,"(4029879.4130879384, 2939274.739410847)",2356d7e9eb61405f9c8ae2e8f9d11c17,66,Cinema or Theatre,80cda018b35c424fb810e204dae8d442,63,Cinema or Theatre
2142,03/08/2020T21:00:00 ,2020-03-08,House,"(4036354.4193291953, 2947125.5462300684)",aa03c1153a3d492b8e9c6bd78d619aca,40,House,4d39941c85f047aead4490f8697e0aa7,30,House
2144,03/08/2020T21:20:00 ,2020-03-08,House,"(4039524.8057117723, 2951082.748903275)",1189e6d2146d4fb1ae7dfb3ed4e45b89,36,House,309fd12ee55a46db9f5940d18a0c5bac,54,House
2151,03/08/2020T22:30:00 ,2020-03-08,House,"(4023545.3351733554, 2942407.8115004497)",2dad909d3aa844679aba4ba15d31f543,10,House,27f04bba406d47eba962361312f3b391,45,House
2155,03/08/2020T23:10:00 ,2020-03-08,Cinema or Theatre,"(4039544.103704769, 2952649.7747523347)",383e027d2d704121a11544902c32c9c2,38,Cinema or Theatre,c0d42b2b0ce64e9bae1ef8e582000fb9,20,Cinema or Theatre
2158,03/08/2020T23:40:00 ,2020-03-08,House,"(4027520.0698606325, 2941529.60093996)",7fbced31c29a4efd895c30222e02b350,66,House,c346ec311d85456fbb4f6154031e19ab,35,House
2161,03/09/2020T00:10:00 ,2020-03-09,House,"(4051400.5098202094, 2939818.420607588)",b7ca3dc3c7934648bb948782465246f6,57,House,2a334730aed346f3bf87bb038253d199,4,House
2162,03/09/2020T00:20:00 ,2020-03-09,House,"(4037816.981407456, 2938232.242847969)",7641f5b8f93d42f1b717f890a2c5dded,13,House,b8544bb691c24301b5bf44b6874d1847,32,House
2165,03/09/2020T00:50:00 ,2020-03-09,Care Home,"(4039528.9994623875, 2952253.717866595)",8e55627ded654728a998a6219342d485,94,House,e0275dc35e0d4aef84fe57db4bebe9b3,95,House
2165,03/09/2020T00:50:00 ,2020-03-09,House,"(4030404.627774201, 2940945.8855684013)",e3a8952033f24989825ed642cc7c7a47,44,House,7f853aa307554cc2a74c53ffbb5218a7,36,House
2171,03/09/2020T01:50:00 ,2020-03-09,House,"(4042173.012978244, 2950575.607194631)",759da7429701488a9d6df2ebb6109a41,63,House,5f681495a17149588fe1bccdf989e4d0,47,House
2173,03/09/2020T02:10:00 ,2020-03-09,Public Transport,"(4029684.463103126, 2939399.926118276)",1b9213eec54b4ae19d088a7a60e04c88,6,Public Transport,2ba5daf35eeb4cc09637e26bfbf332c0,11,Public Transport
2174,03/09/2020T02:20:00 ,2020-03-09,House,"(4029932.3388076397, 2940562.11428968)",75938cb3afaa4656a05aa0d512500f63,16,House,71ec7b4c981a4a68bf0a8ab5e5682782,32,House
2175,03/09/2020T02:30:00 ,2020-03-09,Public Transport,"(4029684.463103126, 2939399.926118276)",a4b2d63930df45ada63f3f4746f50971,12,Public Transport,5ecfebe871f044009f76b5ace9cdabb4,1,Public Transport
2195,03/09/2020T05:50:00 ,2020-03-09,House,"(4027092.2854968305, 2940299.634818706)",600f11846bd54762ba3c10e0ee2c9f3c,43,House,6da37e038b5b4d9aa3698bdd46afa0a1,56,House
2203,03/09/2020T07:10:00 ,2020-03-09,House,"(4023576.6983431056, 2941792.0500346087)",0757cefa37c942c0aa5e90ff085853d7,53,House,74d15a3f5c974a498c313325505bceed,55,House
2207,03/09/2020T07:50:00 ,2020-03-09,House,"(4050496.5663876003, 2949309.9163769316)",7819945d80364dd2be3bf2ccd07f32ca,62,House,93fdb38af89d4c0fb284480a0eb27522,23,Visit
2213,03/09/2020T08:50:00 ,2020-03-09,House,"(4054425.8566089803, 2975177.6649764897)",01b31f9eb399499e8f24a667e9fbd51a,14,Visit,4ed0e4dbc3bd4b90bd1f135e138abb54,50,House
2218,03/09/2020T09:40:00 ,2020-03-09,House,"(4025741.7805986516, 2941040.2648177)",8afb83c7558b4366a7d9fb36e5d61aa6,43,House,34e36cbdbe384c8da62a39572b14dbec,38,House
2222,03/09/2020T10:20:00 ,2020-03-09,House,"(4041186.92599231, 2951340.5346038486)",87a5779765e741db8df935bc51514ca3,11,House,cf34639b4e2945418cb6b00ff596d79a,26,House
2222,03/09/2020T10:20:00 ,2020-03-09,House,"(4039763.4192513255, 2941127.5496417023)",795748073b91485db67bfa687df26a9e,61,House,bcad8a90311245019668ecdae164d5b2,40,House
2223,03/09/2020T10:30:00 ,2020-03-09,OW Transport,"(4055931.5178130977, 2950463.4801956057)",efc8ba47a7574f3289f7b3e111e0d50c,25,Work,b2d351e052fa42ceabc028ef7c723f76,47,Work
2223,03/09/2020T10:30:00 ,2020-03-09,House,"(4025410.7668905696, 2947232.0135613782)",eebc97ac56974906bd650d957565d750,43,House,8ed19edfefdf418c910a86cf0d79a17d,36,House
2227,03/09/2020T11:10:00 ,2020-03-09,House,"(4068721.3052317523, 2961348.111875172)",2f12f70d34714819a3eb8f0f84871e27,68,House,3da4ce5c85bd473fb24929d0ef89be56,43,House
2234,03/09/2020T12:20:00 ,2020-03-09,Restaurant,"(4044443.595130548, 2952400.094687886)",78c0afd1df7c48649d13e7e06ec553a0,12,Restaurant,33547a507a9545c1a39efe9a202bfb7a,29,Restaurant
2234,03/09/2020T12:20:00 ,2020-03-09,Hotel,"(4039845.6103672986, 2941449.460067877)",4207effea73b48a7b50779d696555330,29,Work,c4451f515f7e4b65881ffdce9977bcd6,29,Work
2237,03/09/2020T12:50:00 ,2020-03-09,House,"(4039432.375850909, 2951226.8162422753)",363265f17a2a4ccf8d49e66ddd4f1120,51,House,9a7f767658974c5ea9fee91399719aeb,25,House
2238,03/09/2020T13:00:00 ,2020-03-09,Care Home,"(4039528.9994623875, 2952253.717866595)",23c84af7ed7c4b5da7b10d5c842ddd01,20,Work,610a426eb8804138b15ac718ce53327f,94,House
2244,03/09/2020T14:00:00 ,2020-03-09,Restaurant,"(4055734.2111148634, 2941645.0870105205)",e9e7a1266bee4f35a1539f89425e79e0,26,Restaurant,ef271c2064e84dd7a15ad9459ec77b07,24,Restaurant
2246,03/09/2020T14:20:00 ,2020-03-09,House,"(4042421.9635435054, 2953451.837321436)",1c2affc1ba4a43c1b70f04c137e030b3,39,Visit,60273b5f974e45b88466cbdf7b05d341,26,Visit
2248,03/09/2020T14:40:00 ,2020-03-09,House,"(4041686.2654561396, 2955359.163748543)",c0dae08cbc3441c3bae0a515ac4e7b6a,51,House,a8126e6ceac4493e9dd9a74ac47b3050,52,House
2248,03/09/2020T14:40:00 ,2020-03-09,House,"(4049654.8373440714, 2956864.9587317524)",60f05613631a4efa9488236965f0b497,10,House,000713f120344ba1b4d38e848b98ae21,27,House
2250,03/09/2020T15:00:00 ,2020-03-09,Shop,"(4035071.479260307, 2955373.090821382)",8d95a0989257409c9d9c8fe64ef9ed9c,26,Shop,d9e70badf1a24e3ea20c587aed58c045,47,Shop
2254,03/09/2020T15:40:00 ,2020-03-09,Cinema or Theatre,"(4039544.103704769, 2952649.7747523347)",144bc164a54d4d2990105f43debc9ff3,10,Cinema or Theatre,9493998bebf442a8b74bd78b4051422b,22,Cinema or Theatre
2259,03/09/2020T16:30:00 ,2020-03-09,Care Home,"(4039528.9994623875, 2952253.717866595)",63f7bd951fe248e09ce74a169dd75665,95,Outdoor,44028fcb2c4c40ca9d761e94bfec281c,95,House
2266,03/09/2020T17:40:00 ,2020-03-09,Cinema or Theatre,"(4040808.900999939, 2950979.486017691)",c612f8e446034d8ab237c4fef56ff313,20,Cinema or Theatre,fd526fd8e1e1468f898e77d0a546cdc4,34,Cinema or Theatre
2271,03/09/2020T18:30:00 ,2020-03-09,House,"(4038072.6021526027, 2941317.6668005576)",d744bd3c403d48928cb3605bbcbb3559,59,House,543a8c7ab33a41f684cb05205647e170,24,House
2272,03/09/2020T18:40:00 ,2020-03-09,Hotel,"(4039845.6103672986, 2941449.460067877)",e4f51b8ab5c5454493488a41f01e55d7,31,Work,2a3455ae81624a9a80185e42adbdd2c4,26,Work
2280,03/09/2020T20:00:00 ,2020-03-09,Cinema or Theatre,"(4040808.900999939, 2950979.486017691)",eee4ede0c75d419b8beceb7c9b1ea2f2,39,Cinema or Theatre,80cda018b35c424fb810e204dae8d442,63,Cinema or Theatre
2280,03/09/2020T20:00:00 ,2020-03-09,House,"(4033431.454946347, 2940911.0908040497)",4454f58117e04a77808e64dda4da3007,4,House,1183129cb8f245e29f4ad72222c2f16a,59,House
2282,03/09/2020T20:20:00 ,2020-03-09,Cinema or Theatre,"(4040808.900999939, 2950979.486017691)",59c3147e4d56452db93d4f69897a9257,27,Cinema or Theatre,80cda018b35c424fb810e204dae8d442,63,Cinema or Theatre
2283,03/09/2020T20:30:00 ,2020-03-09,Cinema or Theatre,"(4040182.1356564923, 2951412.220097515)",fd0f0275e92d4b03b926d80c0244c5d1,66,Cinema or Theatre,00d5c7db567c4a82a56b27a6d37ad886,43,Cinema or Theatre
2287,03/09/2020T21:10:00 ,2020-03-09,Cinema or Theatre,"(4040182.1356564923, 2951412.220097515)",7bc417177dcd4255ae9d66f84a0e1c0a,27,Cinema or Theatre,00d5c7db567c4a82a56b27a6d37ad886,43,Cinema or Theatre
2289,03/09/2020T21:30:00 ,2020-03-09,Restaurant,"(4029366.38432448, 2938804.227197078)",c3a43ecbf9064c42b8bb698ccf28bc4c,52,Restaurant,536c5ab5b21547d1aa951b0a6ef15565,24,Restaurant
2290,03/09/2020T21:40:00 ,2020-03-09,Cinema or Theatre,"(4040808.900999939, 2950979.486017691)",f56c733c18b446268e52ab6339d0ac8e,6,Cinema or Theatre,80cda018b35c424fb810e204dae8d442,63,Cinema or Theatre
2292,03/09/2020T22:00:00 ,2020-03-09,Restaurant,"(4033882.1821660586, 2938364.568763214)",314f79e077d44adb812af3bea6b38d6e,2,Restaurant,2ba5daf35eeb4cc09637e26bfbf332c0,11,Restaurant
2294,03/09/2020T22:20:00 ,2020-03-09,Cinema or Theatre,"(4039544.103704769, 2952649.7747523347)",faada50f080f463c816fdd82fcfc0ddd,52,Cinema or Theatre,3cba71de9c10482081afc5a1330f12a4,60,Cinema or Theatre
2298,03/09/2020T23:00:00 ,2020-03-09,Cinema or Theatre,"(4040182.1356564923, 2951412.220097515)",4c7e8da6ba9541e59871b1622f90bb6b,22,Cinema or Theatre,e09f515251844794814c0514238afb7b,48,Cinema or Theatre
2306,03/10/2020T00:20:00 ,2020-03-10,House,"(4021479.788482226, 2945883.410054568)",662357d6f3734b74a5066897fb74c18d,0,House,2c9cfdd7cb2f4f0591e512c8eda3f260,22,House
2313,03/10/2020T01:30:00 ,2020-03-10,House,"(4040130.083874092, 2968267.964967937)",f9d0696170a74f0c8caf527491f3bd86,30,House,ab5e5ff1ac174694a6fea74b080086cb,21,House
2323,03/10/2020T03:10:00 ,2020-03-10,House,"(4022810.3666493404, 2951869.844332298)",3d45651bc3ac4831a4ab6db8928e4c6f,45,House,1f290174cf5b4d428f3ce5de1034737f,48,House
2333,03/10/2020T04:50:00 ,2020-03-10,House,"(4054407.649263776, 2957257.765331688)",034d81e11ca645dcb038b58aa7f22073,24,House,63dd2b13553e4d3bb35551538111267b,53,House
2339,03/10/2020T05:50:00 ,2020-03-10,House,"(4047625.836836064, 2941656.7444013734)",9ad4998d536040a790196c4b0c72c175,24,House,0bae527ab033426a857e3a4132341294,52,House
2342,03/10/2020T06:20:00 ,2020-03-10,House,"(4048247.2687171125, 2963247.90139377)",226892e9f9b6450b8b1f6160dab9697d,7,House,eafd1c259c5944e180f810a67584fac0,32,House
2345,03/10/2020T06:50:00 ,2020-03-10,Care Home,"(4039528.9994623875, 2952253.717866595)",6d7463ca3c9147c880d4f1126b963413,93,House,4a9be9e4e57f468fbf94c8117c415b6f,92,House
2348,03/10/2020T07:20:00 ,2020-03-10,Public Transport,"(4027464.101706925, 2940999.246302398)",9bf0ef13bd3f468ab7de285a995fe4d9,18,Public Transport,ca6b3223d4fb44d7a2a8b5336baf2d16,12,Public Transport
2349,03/10/2020T07:30:00 ,2020-03-10,OW ICT,"(4038124.8254480036, 2950113.3998562694)",42a41c33023f47e79e4b29dc000a5ce3,36,Work,461d06ba692e484ca815d28c6af5385f,47,Work
2349,03/10/2020T07:30:00 ,2020-03-10,House,"(4056338.833957253, 2938811.26562353)",3c94df9bfb1949de9a4f08da17a7e253,33,House,9067d96366d948b6ba65c58fb6f32247,13,House
2350,03/10/2020T07:40:00 ,2020-03-10,House,"(4032031.274607175, 2940924.3832069812)",4c71991eb0814972815a9ce805edd554,40,House,03606139a6b242fd8177b6d83964ead3,54,House
2351,03/10/2020T07:50:00 ,2020-03-10,OW Manufacturing,"(4041994.9357273723, 2949416.2223347416)",430f5861930b43b19ea58205ce46a280,50,Work,faf9162e4a7c44e2bea75fde0b741163,61,Work
2351,03/10/2020T07:50:00 ,2020-03-10,OW Transport,"(4055931.5178130977, 2950463.4801956057)",f844fedcd62646edabb3ebe01852b397,28,Work,937179f2c02748c99405c120a63f8f30,54,Work
2351,03/10/2020T07:50:00 ,2020-03-10,OW ICT,"(4038124.8254480036, 2950113.3998562694)",246779bd73ab4322a58abd1b226f393c,21,Work,178ec23208354fbb8acf711294062a8f,48,Work
2351,03/10/2020T07:50:00 ,2020-03-10,OW Finance,"(4029886.132004339, 2940983.312252022)",538477485c6b4444943beada845225e7,24,Work,23f054e5795c4ea2bf1c43b5892b2914,47,Work
2351,03/10/2020T07:50:00 ,2020-03-10,Hotel,"(4039845.6103672986, 2941449.460067877)",3837d83f0e084ad68e310fb740c1e4f1,26,Work,90d15304ce1f4c9b9d48b4380261f401,55,Work
2351,03/10/2020T07:50:00 ,2020-03-10,Indoor Sport,"(4050206.9476461597, 2951923.276650936)",aff2e829f0ad4c909122c17e97e37b00,19,Work,44163b4c7b574e26bb7873075c969574,40,Work
2352,03/10/2020T08:00:00 ,2020-03-10,OW Manufacturing,"(4041994.9357273723, 2949416.2223347416)",4e1f1c7c58324703ac0149d03af8b6d8,2,Work,14d11ee89560445db9732fe3d06d571f,62,Work
2352,03/10/2020T08:00:00 ,2020-03-10,OW Transport,"(4055931.5178130977, 2950463.4801956057)",270d712177514f42b5ca6296f7ef7932,50,Work,643ed4e06c3c45d4a7a3c1468a316c27,34,Work
2352,03/10/2020T08:00:00 ,2020-03-10,OW Transport,"(4055931.5178130977, 2950463.4801956057)",f0547aa4b79d43bca9de9c969f4cd3a2,46,Work,f3e3649b58af4fc3af6ccb0875360ff0,27,Work
2352,03/10/2020T08:00:00 ,2020-03-10,OW Finance,"(4029886.132004339, 2940983.312252022)",c80764738b5b4a2cb04209f5095202fb,30,Work,2838be178e204af7b0cf97899e252c4f,32,Work
2353,03/10/2020T08:10:00 ,2020-03-10,OW Manufacturing,"(4041994.9357273723, 2949416.2223347416)",4d8673f2343b4b09903703be3d91f16d,28,Work,88519c5e03b8414eaa115529fe172bdb,29,Work
2353,03/10/2020T08:10:00 ,2020-03-10,OW Manufacturing,"(4041994.9357273723, 2949416.2223347416)",3616303a460c4ff1a8e3675d48735a6c,43,Work,3b003e60e9db4f8f86dae63a2ad4a7fe,48,Work
2353,03/10/2020T08:10:00 ,2020-03-10,OW Manufacturing,"(4033152.122280112, 2937616.4047832955)",73747ae6089b4a27b8283772360a143a,28,Work,3cd210436b1345e3b036587dd17adfa7,56,Work
2353,03/10/2020T08:10:00 ,2020-03-10,OW Manufacturing,"(4033152.122280112, 2937616.4047832955)",7856660a61894002940598d6a391afeb,42,Work,c224dd3ef627481c95f7cb3459c1f112,32,Work
2353,03/10/2020T08:10:00 ,2020-03-10,OW Finance,"(4023314.6408982556, 2946277.926834426)",2e90771e56b6437fbc74a3be85ec2ac5,36,Work,aec78d490fc448c4abf0d011b4a92605,30,Work
2353,03/10/2020T08:10:00 ,2020-03-10,OW Finance,"(4023314.6408982556, 2946277.926834426)",38fc8a474a4b4a599bf37dcf8a818b1d,20,Work,912c0ee4d212428381f08ff3d0a33d64,58,Work
2353,03/10/2020T08:10:00 ,2020-03-10,OW Finance,"(4029886.132004339, 2940983.312252022)",9fa58bf2fa024078864fa80c375248ae,51,Work,01bd638e567b4ce49858933fe456ed3e,24,Work
2353,03/10/2020T08:10:00 ,2020-03-10,OW Finance,"(4029886.132004339, 2940983.312252022)",325014d238ff4cfca89b6866ff5af649,48,Work,eae5fd37d7634d80bd635f8a767a153d,64,Work
2353,03/10/2020T08:10:00 ,2020-03-10,OW Finance,"(4029886.132004339, 2940983.312252022)",69625842acfb488cb3991224b7b603c2,24,Work,f3ed06becf5f43f2b78b93a4afd503a7,43,Work
2353,03/10/2020T08:10:00 ,2020-03-10,OW Administration,"(4037093.952595035, 2937035.4484564867)",28da6f2c10b9423e9e2c7b6d0e06566d,30,Work,acbb8636cecd4c76bde350b01c4ac3f2,24,Work
2353,03/10/2020T08:10:00 ,2020-03-10,OW Administration,"(4037093.952595035, 2937035.4484564867)",96133849b0ac4d7989f57a9d49c36c67,51,Work,cce35c1bba46458aa60f0c358c34cbe3,26,Work
2353,03/10/2020T08:10:00 ,2020-03-10,Hospital,"(4058154.76725065, 2949603.507869995)",dbe93e60247b4f4ea5e122e224b9547a,49,Work,5731d496fd374e6eb3a37df970ec0277,39,House
2354,03/10/2020T08:20:00 ,2020-03-10,OW Transport,"(4055931.5178130977, 2950463.4801956057)",b8dcfcef403a458c9eb1948f8b493e53,53,Work,f6bfb45efd9145cd92fbbbd90756e5bc,49,Work
2354,03/10/2020T08:20:00 ,2020-03-10,OW ICT,"(4038124.8254480036, 2950113.3998562694)",37c096d9c7d84ff190af657ec3f23137,48,Work,7b325f30d49141729cc0bd3c26a55fba,48,Work
2354,03/10/2020T08:20:00 ,2020-03-10,OW Finance,"(4023314.6408982556, 2946277.926834426)",a15eddacd15d4670999f2814b0e6fdce,19,Work,5e2ea49282ef42d4bc53f6cfd3c30f7e,35,Work
2354,03/10/2020T08:20:00 ,2020-03-10,OW Finance,"(4029886.132004339, 2940983.312252022)",f55903e1e796430fa9eeab53097e93e9,35,Work,b54e07657bbe4c8a926737056c3b6401,40,Work
2354,03/10/2020T08:20:00 ,2020-03-10,Hotel,"(4039845.6103672986, 2941449.460067877)",c5b1099a6cd24e82bc8526365e4fae7c,24,Work,90d15304ce1f4c9b9d48b4380261f401,55,Work
2355,03/10/2020T08:30:00 ,2020-03-10,OW Manufacturing,"(4041994.9357273723, 2949416.2223347416)",2b6610795d2d4471be2a909103d8b042,48,Work,bf70afee31794c7d87e4d5894a183bad,40,Work
2355,03/10/2020T08:30:00 ,2020-03-10,OW Manufacturing,"(4041994.9357273723, 2949416.2223347416)",1347fae6fe0148bd805352a3cdc18dd6,51,Work,a5e6e09a3d604dc8bceb2fd7d5c760c4,52,Work
2355,03/10/2020T08:30:00 ,2020-03-10,OW Transport,"(4055931.5178130977, 2950463.4801956057)",180d5463b206497db2b483228475792e,40,Work,f896d2392ee044a28d267912a4cc06ae,33,Work
2355,03/10/2020T08:30:00 ,2020-03-10,OW Transport,"(4055931.5178130977, 2950463.4801956057)",65f0ca7e74a445b8b0872bad3488ca75,57,Work,cc7651e21e2147f5b1bc7f14789385fc,24,Work
2355,03/10/2020T08:30:00 ,2020-03-10,OW Finance,"(4029886.132004339, 2940983.312252022)",5cbb32584e5e42d1993faea7b746f991,26,Work,2ea70d64140c45bdbabce026bc94eff6,22,Work
2355,03/10/2020T08:30:00 ,2020-03-10,OW Finance,"(4029886.132004339, 2940983.312252022)",910812c2678a471a96105ae7206bc2f9,40,Work,2ef3c2e7bd6148c0a4c8571d60e4940e,27,Work
2355,03/10/2020T08:30:00 ,2020-03-10,Indoor Sport,"(4050206.9476461597, 2951923.276650936)",e58a534eebc34f7eb9aff3e1715a3a18,51,Work,fc22085f0d4b482d8c866c548b53ad84,23,Work
2356,03/10/2020T08:40:00 ,2020-03-10,OW Manufacturing,"(4041994.9357273723, 2949416.2223347416)",8dcda11fda624d44b1443e6f8b46b4b1,53,Work,133ffb57ce8445959f8787bc273697f9,40,Work
2356,03/10/2020T08:40:00 ,2020-03-10,OW Manufacturing,"(4033152.122280112, 2937616.4047832955)",5300b8772cef4a1786533e34bf4ad4ea,42,Work,1e4082af2b2645a09e26195f95659c36,51,Work
2356,03/10/2020T08:40:00 ,2020-03-10,OW Manufacturing,"(4033152.122280112, 2937616.4047832955)",354f36a1bb054d04aeea7e1437a92348,30,Work,9736ab2145834c8b8c4bc2821e4e1ad9,57,Work
2356,03/10/2020T08:40:00 ,2020-03-10,OW Manufacturing,"(4033152.122280112, 2937616.4047832955)",1e5c0726100241bd8f43a8c663b94f95,20,Work,112da1b4ceb94310acfaf76491c5295b,23,Work
2356,03/10/2020T08:40:00 ,2020-03-10,OW ICT,"(4038124.8254480036, 2950113.3998562694)",a674e997384e4f059660aa0b22743f9b,42,Work,6e58aa4e85c644388bb715dbaa3c889d,54,Work
2356,03/10/2020T08:40:00 ,2020-03-10,OW ICT,"(4038124.8254480036, 2950113.3998562694)",4f6a3220c9904bb599e15d3923d0948e,57,Work,fcf926837a3c4062a856ec5c103221d2,39,Work
2356,03/10/2020T08:40:00 ,2020-03-10,OW Finance,"(4023314.6408982556, 2946277.926834426)",2b44303711284334ad002d719b0c0c69,58,Work,300b89980356407ea9079b394610d382,28,Work
2356,03/10/2020T08:40:00 ,2020-03-10,OW Finance,"(4029886.132004339, 2940983.312252022)",d2f4892b84e24f3a99dbdca63b2cdb66,58,Work,ef0321d5a67c4e10a16c5726b0d4c9b8,35,Work
2356,03/10/2020T08:40:00 ,2020-03-10,OW Finance,"(4029886.132004339, 2940983.312252022)",8f0d2ec7805d4a3585285df4d80bcbb4,55,Work,ed231a5b53b34524badad790ac4c5a5b,61,Work
2356,03/10/2020T08:40:00 ,2020-03-10,Hotel,"(4039845.6103672986, 2941449.460067877)",5b69460239084d59bdc6a02e9647aa44,46,Work,5f6fff5b462e4aa7a7da424325e8b19d,59,Work
2357,03/10/2020T08:50:00 ,2020-03-10,Care Home,"(4039528.9994623875, 2952253.717866595)",eee37ca54b3647b5ab9d4dde686c1133,32,Work,f0d1dcc7d57c4c61a2c239de15a2e296,32,Work
2357,03/10/2020T08:50:00 ,2020-03-10,OW Manufacturing,"(4041994.9357273723, 2949416.2223347416)",3364ad6c54a3431a8a24b885a5aceabc,46,Work,8919eea94b204a3b81f74c035e406edf,40,Work
2357,03/10/2020T08:50:00 ,2020-03-10,OW Manufacturing,"(4041994.9357273723, 2949416.2223347416)",9a262f981b4b4d25976a9015bee2de51,39,Work,4066f81c5827449d83f5b51e83717728,51,Work
2357,03/10/2020T08:50:00 ,2020-03-10,OW Manufacturing,"(4033152.122280112, 2937616.4047832955)",1a94cc4c26244eb9b1ca4e92e9dfe98b,30,Work,74648daef56040789e68677cf00c8713,54,Work
2357,03/10/2020T08:50:00 ,2020-03-10,OW Transport,"(4055931.5178130977, 2950463.4801956057)",b571d74c2638487d8c72bb70cca7d387,40,Work,a9b57b7b6d414b1594220e652ee0b24b,52,Work
2357,03/10/2020T08:50:00 ,2020-03-10,OW Transport,"(4055931.5178130977, 2950463.4801956057)",f1bbce5b95314e5a8044248bd5465ea6,41,Work,a6dbeaca721442d2a146d73a2b9a6f34,33,Work
2357,03/10/2020T08:50:00 ,2020-03-10,OW Finance,"(4029886.132004339, 2940983.312252022)",4c57a76f4314494dabb2fbcb14e9c650,34,Work,0164f3967dfa47988924641d68cc8978,58,Work
2357,03/10/2020T08:50:00 ,2020-03-10,OW Finance,"(4029886.132004339, 2940983.312252022)",1e685bbc4a4a4028b24347801ba7427e,51,Work,f354711d527440b4869a1a6bf5eb2a3b,49,Work
2357,03/10/2020T08:50:00 ,2020-03-10,OW Finance,"(4029886.132004339, 2940983.312252022)",8977cb331d194568aac75d2111155fb6,49,Work,9e419a66625747019fd5b46e0cd31174,30,Work
2357,03/10/2020T08:50:00 ,2020-03-10,Hotel,"(4039845.6103672986, 2941449.460067877)",e05b4ae6f7784d3e9512803e64274684,38,Work,f71021d928b14d1dbbb51b2463f00957,37,Work
2357,03/10/2020T08:50:00 ,2020-03-10,Hotel,"(4039845.6103672986, 2941449.460067877)",c5643bb495be45dfbeb11d3dce0362a7,54,Work,5051f490dc4849768658c90e98982bff,49,Work
2357,03/10/2020T08:50:00 ,2020-03-10,Indoor Sport,"(4050206.9476461597, 2951923.276650936)",b736c954458c4427a580cba9bc616fa0,54,Work,e7873f9d3d7044d1bde437c1211b95f9,35,Work
2358,03/10/2020T09:00:00 ,2020-03-10,OW Manufacturing,"(4041994.9357273723, 2949416.2223347416)",7d8a28737bea4f51b5130f96b3a4c2b4,43,Work,592b86b9171a4350a4e5077d0cdb2aa2,24,Work
2358,03/10/2020T09:00:00 ,2020-03-10,OW Manufacturing,"(4033152.122280112, 2937616.4047832955)",d458e87a104249a3b588b85949c7e2a2,60,Work,1e4082af2b2645a09e26195f95659c36,51,Work
2358,03/10/2020T09:00:00 ,2020-03-10,OW Transport,"(4055931.5178130977, 2950463.4801956057)",54db0f36fafe46069ff5787da98d3aff,54,Work,931b83c200134de38e6e6ebb956e5542,62,Work
2358,03/10/2020T09:00:00 ,2020-03-10,OW Transport,"(4055931.5178130977, 2950463.4801956057)",9a3b0adf94b34d9599091528c9feeed7,35,Work,a65f260452b942499448632c5832d97b,28,Work
2358,03/10/2020T09:00:00 ,2020-03-10,OW Transport,"(4055931.5178130977, 2950463.4801956057)",38bda1c2dbd640fba5d099e67ae19083,58,Work,9ee52eda66c848fd8d801882047131b9,62,Work
2358,03/10/2020T09:00:00 ,2020-03-10,OW ICT,"(4038124.8254480036, 2950113.3998562694)",e6287ab085f84b0b97984612b69f2055,36,Work,21c3a1bb8fdb46c1b043147edcb36abe,55,Work
2358,03/10/2020T09:00:00 ,2020-03-10,OW Finance,"(4029886.132004339, 2940983.312252022)",78a9c2bac6984f8c9a2fb8d891470bc1,37,Work,100618b4e1874adb87a471a5dfa0e646,38,Work
2358,03/10/2020T09:00:00 ,2020-03-10,OW Finance,"(4029886.132004339, 2940983.312252022)",1cdd1f215de14efaa08a6cd3f7c0b110,40,Work,f7cd5280b49b4dfcb69aac12a24b56e3,45,Work
2358,03/10/2020T09:00:00 ,2020-03-10,Indoor Sport,"(4050206.9476461597, 2951923.276650936)",0aeada72db3d42fa898bf05dc435cf1c,56,Work,fc22085f0d4b482d8c866c548b53ad84,23,Work
2359,03/10/2020T09:10:00 ,2020-03-10,OW Manufacturing,"(4041994.9357273723, 2949416.2223347416)",7a5a930065954275b825e8cf41e132fa,51,Work,58674bde8fbc467faf600ccc5a12501a,46,Work
2359,03/10/2020T09:10:00 ,2020-03-10,OW Manufacturing,"(4033152.122280112, 2937616.4047832955)",ca7861d7cc634432b3941320fcb08c3e,31,Work,a712d36e770a4d28aeafcf8a6c6e4aac,60,Work
2359,03/10/2020T09:10:00 ,2020-03-10,OW Manufacturing,"(4033152.122280112, 2937616.4047832955)",ee4a341df6e04b89ba3607e9254c6227,58,Work,3cd210436b1345e3b036587dd17adfa7,56,Work
2359,03/10/2020T09:10:00 ,2020-03-10,OW Transport,"(4055931.5178130977, 2950463.4801956057)",bfea20a9d7a44edcb6a7de6f25e2db09,58,Work,4c5ae22782534f40a617b69b239cfe0c,43,Work
2359,03/10/2020T09:10:00 ,2020-03-10,OW ICT,"(4038124.8254480036, 2950113.3998562694)",f0a1b11fbfd34ec99245c6e4eec63252,33,Work,3259140c795f4a31b61e0a7afb49899c,25,Work
2359,03/10/2020T09:10:00 ,2020-03-10,OW Finance,"(4023314.6408982556, 2946277.926834426)",7232c43a39604196a8c12b4ec15e2894,28,Work,34e36cbdbe384c8da62a39572b14dbec,38,Work
2359,03/10/2020T09:10:00 ,2020-03-10,OW Finance,"(4029886.132004339, 2940983.312252022)",e72a01ac17a2437aaaaba452088f9d92,29,Work,26cfb5fdaaa044828b0d36a78a3acc4e,61,Work
2359,03/10/2020T09:10:00 ,2020-03-10,OW Administration,"(4037093.952595035, 2937035.4484564867)",4cb4c23d86e74f8c954c18604881b757,55,Work,b5a43b8e20ee4a95a1754bb8c73b5809,19,Work
2359,03/10/2020T09:10:00 ,2020-03-10,Hotel,"(4039845.6103672986, 2941449.460067877)",6e56795654e44e2793acf8b1f00f8f0d,32,Work,543a8c7ab33a41f684cb05205647e170,24,Work
2359,03/10/2020T09:10:00 ,2020-03-10,Indoor Sport,"(4050206.9476461597, 2951923.276650936)",c9b9bb31086642d891ce70358fc3de92,46,Work,2b18827d972140b892f397d667830b37,19,Work
2360,03/10/2020T09:20:00 ,2020-03-10,Care Home,"(4039528.9994623875, 2952253.717866595)",b4163b6287ca49bcbaca84cbdd8a2433,49,Work,c172db64d7ec40d6845f73d25b6761b6,24,Work
2360,03/10/2020T09:20:00 ,2020-03-10,Care Home,"(4039528.9994623875, 2952253.717866595)",b96137352f8c42b08a9bb3bac22b5f27,43,Work,ad680c51ed8445b69f2e4015c88880f4,94,House
2360,03/10/2020T09:20:00 ,2020-03-10,OW Manufacturing,"(4041994.9357273723, 2949416.2223347416)",2bd5124b5f3749b7a49cce1a8a90a63e,30,Work,d05a65a3794c41d9aa6fe29d6a48cf43,34,Work
2360,03/10/2020T09:20:00 ,2020-03-10,OW Transport,"(4055931.5178130977, 2950463.4801956057)",85b553631e564b92b8963759077f0e9d,42,Work,fc5449e17f744cf58e98f2e19bd2739e,44,Work
2360,03/10/2020T09:20:00 ,2020-03-10,OW ICT,"(4038124.8254480036, 2950113.3998562694)",831d0375cb5d4e0c9f22a290e1fb3ce0,36,Work,5ba1660cdb144a57bd09d82d1ddd560e,59,Work
2360,03/10/2020T09:20:00 ,2020-03-10,OW Finance,"(4029886.132004339, 2940983.312252022)",39c8d7c5367a48319c57e2e2e04695dc,52,Work,33547a507a9545c1a39efe9a202bfb7a,29,Work
2360,03/10/2020T09:20:00 ,2020-03-10,OW Finance,"(4029886.132004339, 2940983.312252022)",57b5d3c9b8894d6d894db0f8e2997d5e,37,Work,39f71ab28b1e4d2a8a932c245b99c921,59,Work
2360,03/10/2020T09:20:00 ,2020-03-10,Hotel,"(4041905.981629138, 2953161.4380196705)",2f487dc2f31e49eca25ea203e9198032,57,Work,2024ab712d4d40e588e88f5b61b218f0,48,Work
2360,03/10/2020T09:20:00 ,2020-03-10,Indoor Sport,"(4050206.9476461597, 2951923.276650936)",87a295b0c8384435a77c98036b33bb3f,53,Work,538c59751d8e47b2bbb9a297d3cce970,53,Work
2360,03/10/2020T09:20:00 ,2020-03-10,Indoor Sport,"(4050206.9476461597, 2951923.276650936)",2617675245e44aeaa86bd0e9097473ed,46,Work,39ef181d6024433681b58d41ec7667e7,48,Work
2361,03/10/2020T09:30:00 ,2020-03-10,Care Home,"(4039528.9994623875, 2952253.717866595)",85df3e71ce2e4c0080412c1ca9767533,93,Shop,61b8d0ac12c544979206041f485f70a7,50,Work
2361,03/10/2020T09:30:00 ,2020-03-10,OW Transport,"(4055931.5178130977, 2950463.4801956057)",1bab7ff013f44384953d0d9cde8949cf,26,Work,4c2787e64e1b483996498ada1e754cad,54,Work
2361,03/10/2020T09:30:00 ,2020-03-10,OW Transport,"(4055931.5178130977, 2950463.4801956057)",c9dd749be9894df78256c147141d3cc8,44,Work,86f46954612040809e0b688c6c589206,34,Work
2361,03/10/2020T09:30:00 ,2020-03-10,OW Transport,"(4055931.5178130977, 2950463.4801956057)",35ed6a8942d440c5bd955e963fba1286,49,Work,26d589290d89412f902b90a737f744d1,33,Work
2361,03/10/2020T09:30:00 ,2020-03-10,OW Transport,"(4055931.5178130977, 2950463.4801956057)",8c8b77ec7bf84a5f95b0404aa65a4b2a,37,Work,4f49981fe1d849b4bf814862d2886bd1,28,Work
2361,03/10/2020T09:30:00 ,2020-03-10,OW ICT,"(4038124.8254480036, 2950113.3998562694)",0591825ba9c940f6be74a63891b8c743,49,Work,c6879deccef54d0c95568e9049c0224a,32,Work
2361,03/10/2020T09:30:00 ,2020-03-10,OW Finance,"(4023314.6408982556, 2946277.926834426)",1142528c803a4738bce649dbb500c72b,54,Work,c24258861bb448b89de523f62379a00b,42,Work
2361,03/10/2020T09:30:00 ,2020-03-10,OW Finance,"(4023314.6408982556, 2946277.926834426)",4302873b70c94d2a92f685ecea71964a,41,Work,fbd20e15c5f74a1b950a407a72e7b5a4,21,Work
2361,03/10/2020T09:30:00 ,2020-03-10,OW Finance,"(4029886.132004339, 2940983.312252022)",c852b740bb4f4ad5b42f0af95d0ce114,64,Work,fd526fd8e1e1468f898e77d0a546cdc4,34,Work
2361,03/10/2020T09:30:00 ,2020-03-10,OW Finance,"(4029886.132004339, 2940983.312252022)",395a55765b224638987d74352950e394,23,Work,a81415cd78df46e39c98891e6988ed14,44,Work
2361,03/10/2020T09:30:00 ,2020-03-10,OW Finance,"(4029886.132004339, 2940983.312252022)",9d316d38985044c582bb7698be897a7c,54,Work,f294d814cd4e457990dc733617253df0,52,Work
2361,03/10/2020T09:30:00 ,2020-03-10,OW Finance,"(4029886.132004339, 2940983.312252022)",d33f4bae62ae403e8d94ae7978b4ea91,40,Work,c0d42b2b0ce64e9bae1ef8e582000fb9,20,Work
2361,03/10/2020T09:30:00 ,2020-03-10,OW Administration,"(4037093.952595035, 2937035.4484564867)",888ddbf72fcc41a18dc5dfeb2e81359b,35,Work,5c174aceff87437bb33e79742849807f,43,Work
2361,03/10/2020T09:30:00 ,2020-03-10,Hotel,"(4039845.6103672986, 2941449.460067877)",68263851531d4625991a6af625de0e03,56,Work,77817ffd7f564ea6a2d7df734eb30ae6,32,Work
2361,03/10/2020T09:30:00 ,2020-03-10,Hotel,"(4039845.6103672986, 2941449.460067877)",bf76c32b354f445e929cce25aad01bdd,31,Work,5f6fff5b462e4aa7a7da424325e8b19d,59,Work
2361,03/10/2020T09:30:00 ,2020-03-10,Hotel,"(4039845.6103672986, 2941449.460067877)",b72de8a82c8b4102883afd6ca08663f2,22,Work,8017571a0109408dbc2aebcbebe7475a,53,Work
2361,03/10/2020T09:30:00 ,2020-03-10,Indoor Sport,"(4050206.9476461597, 2951923.276650936)",797926b2848c461e8357164dee9daebd,50,Work,c06c636d94c54d7fa006e88728ce7f3d,25,Work
2362,03/10/2020T09:40:00 ,2020-03-10,OW Manufacturing,"(4041994.9357273723, 2949416.2223347416)",b10ceb0421dc44de81578a383f937a80,29,Work,d9011cc32bfd4b65913f0a3ee9509896,56,Work
2362,03/10/2020T09:40:00 ,2020-03-10,OW Manufacturing,"(4033152.122280112, 2937616.4047832955)",6eb78cc55e8845e59f4abed8eba71866,31,Work,3d25bf074833476caa464792879fc9b1,62,Work
2362,03/10/2020T09:40:00 ,2020-03-10,OW ICT,"(4038124.8254480036, 2950113.3998562694)",cf050fe2c1d740ee94a6d0f30e26213b,33,Work,6cfb1be180084b129a049a7f2bb75e8d,23,Work
2362,03/10/2020T09:40:00 ,2020-03-10,OW Finance,"(4023314.6408982556, 2946277.926834426)",744ae3808a904517840471c42034fed5,39,Work,1874ada15927496da8c574930ccf9208,56,Work
2362,03/10/2020T09:40:00 ,2020-03-10,OW Finance,"(4029886.132004339, 2940983.312252022)",50b13605b96d4e759afb2999418deb08,26,Work,adc68a560dea48bdb32dfc3c6d8f3234,36,Work
2362,03/10/2020T09:40:00 ,2020-03-10,OW Finance,"(4029886.132004339, 2940983.312252022)",d9e5b872df114ff0916665f1ad01d867,43,Work,781ca0a4c7c44f9cb6fd179790ccb030,40,Work
2362,03/10/2020T09:40:00 ,2020-03-10,OW Finance,"(4029886.132004339, 2940983.312252022)",d2e4fd84bac9495aadcbb60190d8593f,36,Work,dabb728383ef4fcd9304b5f20b062e75,38,Work
2362,03/10/2020T09:40:00 ,2020-03-10,Hotel,"(4039845.6103672986, 2941449.460067877)",11f5928de7b34310bb7634b65dfe6b70,39,Work,01e1600766b942c3a628cfde579ef764,41,Work
2362,03/10/2020T09:40:00 ,2020-03-10,Hotel,"(4039845.6103672986, 2941449.460067877)",4fb70de84e77408c991d7668ada3a87e,47,Work,0b5bb2c47b144436a26d35688044fd37,24,Work
2363,03/10/2020T09:50:00 ,2020-03-10,OW Manufacturing,"(4041994.9357273723, 2949416.2223347416)",e5952461bf634a7a8ac10d51e4540977,38,Work,dc9e29c6a21f421cb6df3daab7673730,20,Work
2363,03/10/2020T09:50:00 ,2020-03-10,OW Manufacturing,"(4041994.9357273723, 2949416.2223347416)",5d7e4394a68142f18e53dc42ab438400,18,Work,8f553871792d4ab5b1895d10ff63e6d7,55,Work
2363,03/10/2020T09:50:00 ,2020-03-10,OW Manufacturing,"(4041994.9357273723, 2949416.2223347416)",cfd68c4d34ba4b80a5889825a3fae7f1,53,Work,0882049ba78a45cfab4b319fcb1597d1,59,Work
2363,03/10/2020T09:50:00 ,2020-03-10,OW Manufacturing,"(4041994.9357273723, 2949416.2223347416)",1bbc3d85343d4871969c360b35d6399c,21,Work,4b6cf16ade4f40d5ae5c5b54e4b8ae30,53,Work
2363,03/10/2020T09:50:00 ,2020-03-10,OW Manufacturing,"(4033152.122280112, 2937616.4047832955)",35fe2949bfdb486fbd645d4b68ad506e,39,Work,098cc26d42f840aa87df6d7a9728f67d,34,Work
2363,03/10/2020T09:50:00 ,2020-03-10,OW ICT,"(4038124.8254480036, 2950113.3998562694)",7d482b3aa4534fee9e1514c362d061c2,39,Work,0fd428238a60457c8505ecb72ee3b2f9,40,Work
2363,03/10/2020T09:50:00 ,2020-03-10,OW Finance,"(4023314.6408982556, 2946277.926834426)",33240891e32f4b2098ab8433b8a993ba,41,Work,964f32a5d257417c8f641a8529da9926,36,Work
2363,03/10/2020T09:50:00 ,2020-03-10,OW Finance,"(4029886.132004339, 2940983.312252022)",2c198812131b41aaad1f5c0f415edaf0,34,Work,a526372e86214c249d5ab456e29afc24,25,Work
2363,03/10/2020T09:50:00 ,2020-03-10,OW Finance,"(4029886.132004339, 2940983.312252022)",80090aa9b3d441db9c826f16365a980f,39,Work,de1f51956ce946e9a4c94a1908cda23a,61,Work
2363,03/10/2020T09:50:00 ,2020-03-10,OW Finance,"(4029886.132004339, 2940983.312252022)",20acad2fc9b249e8be1cfa039f5e8d6f,42,Work,2befed8d052a4c41a9f6124529705faf,54,Work
2363,03/10/2020T09:50:00 ,2020-03-10,OW Administration,"(4037093.952595035, 2937035.4484564867)",83011bbb8139441fa462b778d9159bc6,39,Work,11b39aa79b834cc3a9a6ea1d1cea08da,52,Work
2363,03/10/2020T09:50:00 ,2020-03-10,Indoor Sport,"(4050206.9476461597, 2951923.276650936)",2eb38d78c1d346778ede9405f1b2aa66,38,Work,ee9593ec4b3b443588ed5323181db4ef,45,Work
2364,03/10/2020T10:00:00 ,2020-03-10,OW Manufacturing,"(4041994.9357273723, 2949416.2223347416)",193ebbcaf2b648da9c9232b631e6710e,41,Work,f3e80532c5ae493e871ceb22151dae70,44,Work
2364,03/10/2020T10:00:00 ,2020-03-10,OW Manufacturing,"(4041994.9357273723, 2949416.2223347416)",1643b536308f411eb1587553af673e9d,48,Work,e4519730590c4268824d43d21b912621,34,Work
2364,03/10/2020T10:00:00 ,2020-03-10,OW ICT,"(4038124.8254480036, 2950113.3998562694)",9763718eae1d4c2a81b4487b4eed9ddb,45,Work,cae57b19fe9e4d9f97510f7bd4bf466b,36,Work
2364,03/10/2020T10:00:00 ,2020-03-10,OW ICT,"(4038124.8254480036, 2950113.3998562694)",e2b2598d98c6419da9faa4afeaf906ef,50,Work,141399d4c9234319898e82245633610c,39,Work
2364,03/10/2020T10:00:00 ,2020-03-10,OW Finance,"(4029886.132004339, 2940983.312252022)",9454c66d0a5546479f6d94c86d9fe38c,47,Work,07d0b84e93db4e1caefe0248038dd05c,26,Work
2364,03/10/2020T10:00:00 ,2020-03-10,OW Finance,"(4029886.132004339, 2940983.312252022)",7de78e5ba16f4331a06a96a198b87b06,50,Work,6312e7f0898945a4a152b3cbeb10bb07,39,Work
2364,03/10/2020T10:00:00 ,2020-03-10,OW Finance,"(4029886.132004339, 2940983.312252022)",81801a9f2d1e493cba9a6d9f7fb25c20,36,Work,74d15a3f5c974a498c313325505bceed,55,Work
2364,03/10/2020T10:00:00 ,2020-03-10,OW Finance,"(4029886.132004339, 2940983.312252022)",4e30d13de54a458da21509e211a54c03,30,Work,adc68a560dea48bdb32dfc3c6d8f3234,36,Work
2364,03/10/2020T10:00:00 ,2020-03-10,Hospital,"(4058154.76725065, 2949603.507869995)",1a4de4ad007a4ef59ed5e29c0eb6b0ea,37,Work,b45532970144460197b8421744a0ccb5,82,Car
2365,03/10/2020T10:10:00 ,2020-03-10,Care Home,"(4039528.9994623875, 2952253.717866595)",3a7096f14934475abd26593f41b45863,43,Work,632c5622cabd4f7284d74b9352119e1f,42,Work
2365,03/10/2020T10:10:00 ,2020-03-10,OW Manufacturing,"(4041994.9357273723, 2949416.2223347416)",e984d68e6285491ebf9274987bc4d802,40,Work,94ae364a76ff435b9a43228bcc0bf79d,63,Work
2365,03/10/2020T10:10:00 ,2020-03-10,OW Manufacturing,"(4041994.9357273723, 2949416.2223347416)",b37114e2dc0f466281b027838a4167ba,37,Work,9e4ed10ea55a4efc8887db7e554081e3,38,Work
2365,03/10/2020T10:10:00 ,2020-03-10,OW Manufacturing,"(4041994.9357273723, 2949416.2223347416)",ef38774a564f48a797c28a334c3af116,42,Work,779f80ba0ca4448b87299d0139f8136d,55,Work
2365,03/10/2020T10:10:00 ,2020-03-10,OW Manufacturing,"(4033152.122280112, 2937616.4047832955)",d6612d8e099a42618eaa50cc1e9d3486,29,Work,cdbd21895c9f484299e3b3031da4e3f6,16,Work
2365,03/10/2020T10:10:00 ,2020-03-10,OW Manufacturing,"(4033152.122280112, 2937616.4047832955)",52d2f94bd335426eb5285e9a9243db35,23,Work,3cd210436b1345e3b036587dd17adfa7,56,Work
2365,03/10/2020T10:10:00 ,2020-03-10,OW Transport,"(4055931.5178130977, 2950463.4801956057)",1815a854f8c8406e91b6218d4a61bf44,51,Work,fa736872189349fb8eea4fd7d42bc700,38,Work
2365,03/10/2020T10:10:00 ,2020-03-10,Shop,"(4030853.6684093513, 2939596.475549419)",9364f3b16d5a4e789b00e3c083cb45c9,38,Work,7f3f5ec6ed7b4ca2b940d3e533a802c7,38,Work
2366,03/10/2020T10:20:00 ,2020-03-10,Care Home,"(4039528.9994623875, 2952253.717866595)",e3fbc6c837b84b889f08b4e3f0437d50,30,Work,4f1aad0d45ef44979698e95a463e5604,43,Work
2366,03/10/2020T10:20:00 ,2020-03-10,OW Manufacturing,"(4041994.9357273723, 2949416.2223347416)",98d446d3720b4b5f8ce91b5beeba9642,25,Work,a8126e6ceac4493e9dd9a74ac47b3050,52,Work
2366,03/10/2020T10:20:00 ,2020-03-10,OW Manufacturing,"(4041994.9357273723, 2949416.2223347416)",e05f315ae568468b918d9096421884fc,39,Work,2be807d98e4b407f982739ca419a1739,38,Work
2366,03/10/2020T10:20:00 ,2020-03-10,OW Manufacturing,"(4033152.122280112, 2937616.4047832955)",72068a84e6fe4259a92f5427ab12e2de,48,Work,cbb70386be1840dc958d565884de524a,22,Work
2366,03/10/2020T10:20:00 ,2020-03-10,OW Manufacturing,"(4033152.122280112, 2937616.4047832955)",76fd0ab1a4df41bd9860a1fb9f15654f,63,Work,abae606d961a4a3d8b1df653be9c3621,31,Work
2366,03/10/2020T10:20:00 ,2020-03-10,OW Finance,"(4023314.6408982556, 2946277.926834426)",ed4178a675bc4d97bd8c25fde21b288a,53,Work,6030769fb4864ef69cd04942690c8798,53,Work
2366,03/10/2020T10:20:00 ,2020-03-10,OW Finance,"(4023314.6408982556, 2946277.926834426)",140265bb619346d685f60a812b0f0ed0,59,Work,e72fb05511334b6980165fb568ba9511,8,Work
2366,03/10/2020T10:20:00 ,2020-03-10,OW Finance,"(4023314.6408982556, 2946277.926834426)",7a200e3675d345f487c451185203d70c,25,Work,fbd20e15c5f74a1b950a407a72e7b5a4,21,Work
2366,03/10/2020T10:20:00 ,2020-03-10,OW Finance,"(4029886.132004339, 2940983.312252022)",e619e32feda84a12ad4127bd6b5d2488,24,Work,1dc588e30949403897a37fe267a6d832,54,Work
2366,03/10/2020T10:20:00 ,2020-03-10,OW Finance,"(4029886.132004339, 2940983.312252022)",73722e94b8874c1a83cf737e21ac5601,54,Work,25353feea6ac42af87fed4cb0d66cc1a,44,Work
2366,03/10/2020T10:20:00 ,2020-03-10,OW Finance,"(4029886.132004339, 2940983.312252022)",3854b7536ec146b0a69c8b90125ec4a2,22,Work,8dd7e17d821247019306d175af4314a6,52,Work
2366,03/10/2020T10:20:00 ,2020-03-10,Hotel,"(4039845.6103672986, 2941449.460067877)",3cdec72c22664adc85a1cbb0257cca8f,35,Work,cceb87b54bd94fd39f5499c9eb9268be,28,Work
2366,03/10/2020T10:20:00 ,2020-03-10,Hotel,"(4039845.6103672986, 2941449.460067877)",36dbceb2f238438eabe9c142648da4a3,18,Work,2cf5e89620b94159836c6e47d5929ebc,38,Work
2366,03/10/2020T10:20:00 ,2020-03-10,Hotel,"(4039845.6103672986, 2941449.460067877)",1a11d65b54984c10b1908087c162d622,40,Work,d1d052ba74b44fe7968cad9aa77ad3de,19,Work
2366,03/10/2020T10:20:00 ,2020-03-10,Indoor Sport,"(4050206.9476461597, 2951923.276650936)",b02207aaff0b47b3ae7f933df935ea27,23,Work,e7873f9d3d7044d1bde437c1211b95f9,35,Work
2366,03/10/2020T10:20:00 ,2020-03-10,Indoor Sport,"(4050206.9476461597, 2951923.276650936)",0a7d910ab59e470489e9c8eee1e36c79,49,Work,51574f9c7a0d452d97010985056c55b9,46,Work
2366,03/10/2020T10:20:00 ,2020-03-10,Secondary School,"(4038231.4573233607, 2941585.605677152)",d0524cc5995b4a769a95f6a650471d83,12,School,80ffc50cdb7f4c2ebf61a07026b7612f,14,School
2367,03/10/2020T10:30:00 ,2020-03-10,OW Manufacturing,"(4033152.122280112, 2937616.4047832955)",ceb5f765103f4a71a320b623b77fc14d,34,Work,1e4082af2b2645a09e26195f95659c36,51,Work
2367,03/10/2020T10:30:00 ,2020-03-10,OW ICT,"(4038124.8254480036, 2950113.3998562694)",56aa48c23a4d482386fcb9cb4dfda32f,38,Work,9493998bebf442a8b74bd78b4051422b,22,Work
2367,03/10/2020T10:30:00 ,2020-03-10,OW ICT,"(4038124.8254480036, 2950113.3998562694)",6d7831a9f23c40888bd95fc78a6d7407,22,Work,461d06ba692e484ca815d28c6af5385f,47,Work
2367,03/10/2020T10:30:00 ,2020-03-10,OW Finance,"(4029886.132004339, 2940983.312252022)",1df8318cc1ff4c988908ce9f3ceabf3d,56,Work,47fe394a92df4ff9a2fb29db28f56a18,56,Work
2367,03/10/2020T10:30:00 ,2020-03-10,OW Administration,"(4037093.952595035, 2937035.4484564867)",0d7f87152ee34423ad2b35a98eed7cd2,42,Work,59bbbb8705384e97af41df2e9a1d0129,25,Work
2367,03/10/2020T10:30:00 ,2020-03-10,OW Administration,"(4037093.952595035, 2937035.4484564867)",bec55956a5f44e8e9153cf13a17976b5,46,Work,59bbbb8705384e97af41df2e9a1d0129,25,Work
2367,03/10/2020T10:30:00 ,2020-03-10,OW Administration,"(4037093.952595035, 2937035.4484564867)",ba441e3fa86347b68915ad4ae21e6b0e,42,Work,e9ab8da8860c48d4bbfeb7f692957d7c,28,Work
2367,03/10/2020T10:30:00 ,2020-03-10,Shop,"(4035835.5297417524, 2951371.855012576)",88155b3dc621459c9d172346f0893051,37,Work,a6519e77c7c647029664cf6cc8935e79,34,Work
2367,03/10/2020T10:30:00 ,2020-03-10,Indoor Sport,"(4050206.9476461597, 2951923.276650936)",30496ba6858b4f3495fa3bdcb8224c16,59,Work,cdad46860ad24ff9988740e39e23fe90,51,Work
2368,03/10/2020T10:40:00 ,2020-03-10,OW Transport,"(4055931.5178130977, 2950463.4801956057)",ad6341624ec54c2e908f5204ffed6651,34,Work,597020ec77be4aed8a57fbff4b449ee0,29,Work
2368,03/10/2020T10:40:00 ,2020-03-10,OW Transport,"(4055931.5178130977, 2950463.4801956057)",7fe1538d020b4e208d5b225748d626c2,28,Work,41096ac929cb4dcd8b010a110f9adcc0,35,Work
2368,03/10/2020T10:40:00 ,2020-03-10,OW Transport,"(4055931.5178130977, 2950463.4801956057)",9c32f83dac484e7a959ace485e5e8a3c,34,Work,6de2e114d6b9460bb189930f8f4c7f15,60,Work
2368,03/10/2020T10:40:00 ,2020-03-10,OW Finance,"(4029886.132004339, 2940983.312252022)",12a1a7ed3d44427aaa30cbd5698e5a02,27,Work,3dccc885abd1405fbecb17ee608ec0b0,19,Work
2368,03/10/2020T10:40:00 ,2020-03-10,OW Finance,"(4029886.132004339, 2940983.312252022)",b151d43a818345939a060108892d0920,38,Work,01680265b09048618c03e6a6529fc5f1,36,Work
2368,03/10/2020T10:40:00 ,2020-03-10,OW Administration,"(4037093.952595035, 2937035.4484564867)",e67a1f34792542a3a73f4bf90561f18f,25,Work,234de8c397a74ae1bc560d53d28ae18a,28,Work
2368,03/10/2020T10:40:00 ,2020-03-10,OW Administration,"(4037093.952595035, 2937035.4484564867)",3dfb457f449147409e3d8853f8e06e2e,47,Work,e9ab8da8860c48d4bbfeb7f692957d7c,28,Work
2368,03/10/2020T10:40:00 ,2020-03-10,Indoor Sport,"(4050206.9476461597, 2951923.276650936)",0c5c6845846a4075b38fbee82cc89aa8,52,Work,39ef181d6024433681b58d41ec7667e7,48,Work
2368,03/10/2020T10:40:00 ,2020-03-10,Indoor Sport,"(4050206.9476461597, 2951923.276650936)",7c40c138855b4ea0b42b9fbf6c39fe6b,30,Work,58afff4f570c4e828c4183369256e2e2,31,Work
2369,03/10/2020T10:50:00 ,2020-03-10,OW Manufacturing,"(4041994.9357273723, 2949416.2223347416)",5e592f356e1046ecbff33a7a2c08bbe7,49,Work,66bba1a1d1fd41e787bc702de2be3ff0,45,Work
2369,03/10/2020T10:50:00 ,2020-03-10,OW Manufacturing,"(4033152.122280112, 2937616.4047832955)",9ec42f931a1f45159bf6a763e68da9bd,43,Work,fa8a99fcac774d24916fcb36f50df543,32,Work
2369,03/10/2020T10:50:00 ,2020-03-10,OW ICT,"(4038124.8254480036, 2950113.3998562694)",87f5d2895111444680c30c5aa4f9efd3,46,Work,5244b4682f1e4c4b82b66373b1bb4f41,22,Work
2369,03/10/2020T10:50:00 ,2020-03-10,OW ICT,"(4038124.8254480036, 2950113.3998562694)",93da099e99864dd8bdc3cbf1615afb08,44,Work,82025aed27884e7ba9f2265a7f161de7,48,Work
2369,03/10/2020T10:50:00 ,2020-03-10,OW Finance,"(4029886.132004339, 2940983.312252022)",1bcc16adb6e543b0948f5813adefd84b,49,Work,2befed8d052a4c41a9f6124529705faf,54,Work
2369,03/10/2020T10:50:00 ,2020-03-10,Indoor Sport,"(4050206.9476461597, 2951923.276650936)",91ffe129fbdf47cb86af43dfd92d9c70,19,Work,51574f9c7a0d452d97010985056c55b9,46,Work
2370,03/10/2020T11:00:00 ,2020-03-10,Care Home,"(4039528.9994623875, 2952253.717866595)",10b0bd57c2174f008cf245808c9e56b5,94,Shop,4a9be9e4e57f468fbf94c8117c415b6f,92,House
2370,03/10/2020T11:00:00 ,2020-03-10,OW Manufacturing,"(4041994.9357273723, 2949416.2223347416)",edbce006b5f74022838563d87ba60345,62,Work,5665695d1b4a4fb68d3c4710d57712ae,54,Work
2370,03/10/2020T11:00:00 ,2020-03-10,OW Manufacturing,"(4041994.9357273723, 2949416.2223347416)",51f1a97d1d734388befcd2aced1a93c8,37,Work,14bcbe94d71a42db8c52de0cba82b864,39,Work
2370,03/10/2020T11:00:00 ,2020-03-10,OW Manufacturing,"(4041994.9357273723, 2949416.2223347416)",905fdb048d22480a8db0e5fc9e3e7feb,37,Work,0532427081834fc39820222914e54805,62,Work
2370,03/10/2020T11:00:00 ,2020-03-10,OW Manufacturing,"(4033152.122280112, 2937616.4047832955)",a07a4c3237bb4f1f8eafb15a3291e73c,37,Work,a74076ab74e94e07a9033a5a5138e56e,55,Work
2370,03/10/2020T11:00:00 ,2020-03-10,OW Manufacturing,"(4033152.122280112, 2937616.4047832955)",182e9f37bfc64d24b4a0b3cc763a4d3e,48,Work,9736ab2145834c8b8c4bc2821e4e1ad9,57,Work
2370,03/10/2020T11:00:00 ,2020-03-10,OW Transport,"(4055931.5178130977, 2950463.4801956057)",5c4396a604e94ccb9f99635f509854ad,19,Work,db352c7ac78a44d298acf1bd12e6f4dd,36,Work
2370,03/10/2020T11:00:00 ,2020-03-10,OW Finance,"(4023314.6408982556, 2946277.926834426)",31a5011359f542599944490833fb83e8,24,Work,656f79d430694802ac080bd738334056,39,Work
2370,03/10/2020T11:00:00 ,2020-03-10,Indoor Sport,"(4050206.9476461597, 2951923.276650936)",cef44603c8f0464eb89ccaf4cbc9201c,33,Work,a62fdfd4e5864371adbd4d09e44a0749,50,Work
2371,03/10/2020T11:10:00 ,2020-03-10,OW Manufacturing,"(4041994.9357273723, 2949416.2223347416)",c028c3e78d8c4973a4bef98570973b3b,15,Work,5db528fdb12f4e719b11519ab8aafe20,35,Work
2371,03/10/2020T11:10:00 ,2020-03-10,OW Manufacturing,"(4033152.122280112, 2937616.4047832955)",d66890464b014f3a8400702308bff41f,39,Work,d429295faba148ddaea33dffa4108c86,26,Work
2371,03/10/2020T11:10:00 ,2020-03-10,OW Manufacturing,"(4033152.122280112, 2937616.4047832955)",fd05f45b3b2b4cdb843c3c92be25e777,47,Work,3cd210436b1345e3b036587dd17adfa7,56,Work
2371,03/10/2020T11:10:00 ,2020-03-10,OW Transport,"(4055931.5178130977, 2950463.4801956057)",33a5efdd0bdd4535b903c0d497206c1c,39,Work,f74a593d278048279ca698b547008bcf,31,Work
2371,03/10/2020T11:10:00 ,2020-03-10,OW Transport,"(4055931.5178130977, 2950463.4801956057)",3f457fcf931b489db2ceee05b0714f11,21,Work,12e90353335c485b919b44b1b61559d3,46,Work
2371,03/10/2020T11:10:00 ,2020-03-10,OW Finance,"(4029886.132004339, 2940983.312252022)",3c68a60a50774d6eaf7539b96b61b053,27,Work,8ed19edfefdf418c910a86cf0d79a17d,36,Work
2371,03/10/2020T11:10:00 ,2020-03-10,OW Finance,"(4029886.132004339, 2940983.312252022)",d16e002ffc5e4de0860cff9a19670785,43,Work,9c2ea16660294add8452468284925cd7,46,Work
2371,03/10/2020T11:10:00 ,2020-03-10,OW Finance,"(4029886.132004339, 2940983.312252022)",41c1f467ca3b44508433efbb51cbfa98,33,Work,25353feea6ac42af87fed4cb0d66cc1a,44,Work
2371,03/10/2020T11:10:00 ,2020-03-10,OW Finance,"(4029886.132004339, 2940983.312252022)",caecd672c6214ab28a620e4737c91dd8,38,Work,fe125d8257a34ead8e1687230f5450b6,48,Work
2371,03/10/2020T11:10:00 ,2020-03-10,OW Administration,"(4037093.952595035, 2937035.4484564867)",92207313f3454ab68732f5a1bf71f9af,46,Work,59bbbb8705384e97af41df2e9a1d0129,25,Work
2371,03/10/2020T11:10:00 ,2020-03-10,OW Administration,"(4037093.952595035, 2937035.4484564867)",a0e010e5ab0c4a5aa314858315e3dda7,49,Work,dc0db586aeca4922b71f661ba3b44659,25,Work
2371,03/10/2020T11:10:00 ,2020-03-10,Hotel,"(4039845.6103672986, 2941449.460067877)",1c66c644512f4bd494841063e58d74ee,31,Work,7ef85b0868834953b26f711ab93f0e42,43,Work
2371,03/10/2020T11:10:00 ,2020-03-10,Indoor Sport,"(4050206.9476461597, 2951923.276650936)",4079f653f77f4a63ad587e1ebabc122e,22,Work,51574f9c7a0d452d97010985056c55b9,46,Work
2371,03/10/2020T11:10:00 ,2020-03-10,Indoor Sport,"(4050206.9476461597, 2951923.276650936)",71a57457781c4995a128bfc4dd1b1a96,28,Work,de85e2b5dfb44b1c9dbeadf390360d39,49,Work
2372,03/10/2020T11:20:00 ,2020-03-10,Care Home,"(4039528.9994623875, 2952253.717866595)",755c0335205c43f8beb176608110b16e,22,Work,d3ddcce71c584b35b407266dae80b41f,60,Work
2372,03/10/2020T11:20:00 ,2020-03-10,OW Manufacturing,"(4041994.9357273723, 2949416.2223347416)",02426c891ae74aec8e6c26624ab4cb17,22,Work,000713f120344ba1b4d38e848b98ae21,27,Work
2372,03/10/2020T11:20:00 ,2020-03-10,OW Manufacturing,"(4041994.9357273723, 2949416.2223347416)",199b4420c11a49f89932ff2da4a21714,56,Work,03a2548bb74642039286ca22c3e42dc8,33,Work
2372,03/10/2020T11:20:00 ,2020-03-10,OW Manufacturing,"(4041994.9357273723, 2949416.2223347416)",831f15b6a0e1448f94d4449ec4b7a802,53,Work,79cebd75892b42ec873578f5a7e6ecd3,35,Work
2372,03/10/2020T11:20:00 ,2020-03-10,OW Manufacturing,"(4033152.122280112, 2937616.4047832955)",860eb985c10f40d7bb5c2df482126f1a,53,Work,a38694007a66456cb96e6443a0473589,51,Work
2372,03/10/2020T11:20:00 ,2020-03-10,OW Manufacturing,"(4033152.122280112, 2937616.4047832955)",b2becacb06024bca8dbb51cabf626710,37,Work,fa8a99fcac774d24916fcb36f50df543,32,Work
2372,03/10/2020T11:20:00 ,2020-03-10,OW Manufacturing,"(4033152.122280112, 2937616.4047832955)",f73fc0d5dd2f4d768ca7967d54b10d70,14,Work,098cc26d42f840aa87df6d7a9728f67d,34,Work
2372,03/10/2020T11:20:00 ,2020-03-10,OW Transport,"(4055931.5178130977, 2950463.4801956057)",d336d62181cb4d4c9cb4e49d0ec16217,41,Work,b8cb9267d6334fcaa23784493b75e091,37,Work
2372,03/10/2020T11:20:00 ,2020-03-10,Shop,"(4035835.5297417524, 2951371.855012576)",13105f533ddb42a89bd2bb18ccc0d082,31,Work,d7fad502c58b4dd6a81e9e5c0d43fb5d,31,Work
2372,03/10/2020T11:20:00 ,2020-03-10,Hotel,"(4039845.6103672986, 2941449.460067877)",14a55ebb4b0d4751876f680a19f0d500,31,Work,0b5bb2c47b144436a26d35688044fd37,24,Work
2372,03/10/2020T11:20:00 ,2020-03-10,Indoor Sport,"(4050206.9476461597, 2951923.276650936)",a4bcc02e04ad4735860a0b403949693b,58,Work,05d53a720d0f455688ddc04b2ed1bf8a,22,Work
2372,03/10/2020T11:20:00 ,2020-03-10,Indoor Sport,"(4050206.9476461597, 2951923.276650936)",5873d6d33a0342c9bf9116a42f1aa3dd,28,Work,2b18827d972140b892f397d667830b37,19,Work
2373,03/10/2020T11:30:00 ,2020-03-10,Care Home,"(4039528.9994623875, 2952253.717866595)",e7fa6d83dbfa44ce9b20999c74bf6048,24,Work,e6fd49a182fc43969169a5676243de82,93,House
2373,03/10/2020T11:30:00 ,2020-03-10,OW Transport,"(4055931.5178130977, 2950463.4801956057)",99af13f91bab4f4e8e65dbb91d921a49,32,Work,6383a9d16acd4c7386d4274686071d7b,61,Work
2373,03/10/2020T11:30:00 ,2020-03-10,OW Finance,"(4023314.6408982556, 2946277.926834426)",f808e5eea8624dc89bd5025e126a02e6,46,Work,7807bf51bb534b68957002683ef3aba4,35,Work
2373,03/10/2020T11:30:00 ,2020-03-10,OW Finance,"(4029886.132004339, 2940983.312252022)",be663bab3adc4b4da32fcd32f4754cbc,52,Work,9c2ea16660294add8452468284925cd7,46,Work
2373,03/10/2020T11:30:00 ,2020-03-10,OW Finance,"(4029886.132004339, 2940983.312252022)",a0224939ca0745a1a7f0ab55ed4c83bb,35,Work,f8868e3964da4de2a1bd6c09a3cf8f33,57,Work
2373,03/10/2020T11:30:00 ,2020-03-10,OW Finance,"(4029886.132004339, 2940983.312252022)",bba4e9cd35604e49a66731ab16e6c5c0,31,Work,e78d62f4769241c88daef24ce74a9ed7,40,Work
2373,03/10/2020T11:30:00 ,2020-03-10,OW Finance,"(4029886.132004339, 2940983.312252022)",a63b887e13694a2bac9d05d51d2312f9,43,Work,0bae8db0abb747918094aa003eb9a9dc,33,Work
2373,03/10/2020T11:30:00 ,2020-03-10,OW Finance,"(4029886.132004339, 2940983.312252022)",60e6757329b44228afa23dcddf02c928,38,Work,f7cd5280b49b4dfcb69aac12a24b56e3,45,Work
2373,03/10/2020T11:30:00 ,2020-03-10,OW Administration,"(4037093.952595035, 2937035.4484564867)",3139d747a63b4679b7d2b9cb1688d0dd,48,Work,d9bfcb42223d45b5ab5c2539f7720886,54,Work
2373,03/10/2020T11:30:00 ,2020-03-10,OW Administration,"(4037093.952595035, 2937035.4484564867)",37796818744f448c9812144adca391a0,59,Work,59bbbb8705384e97af41df2e9a1d0129,25,Work
2373,03/10/2020T11:30:00 ,2020-03-10,Indoor Sport,"(4050206.9476461597, 2951923.276650936)",2c6423f9d236473980d35337ae49b046,29,Work,a62fdfd4e5864371adbd4d09e44a0749,50,Work
2374,03/10/2020T11:40:00 ,2020-03-10,OW Manufacturing,"(4041994.9357273723, 2949416.2223347416)",5c39c7902c0f408891adb1dabd6bd491,25,Work,bb612bbee2d14663a18c4497d5130edf,53,Work
2374,03/10/2020T11:40:00 ,2020-03-10,OW Manufacturing,"(4033152.122280112, 2937616.4047832955)",e407e6ad00ee4215be1ebfa2019e1373,55,Work,d429295faba148ddaea33dffa4108c86,26,Work
2374,03/10/2020T11:40:00 ,2020-03-10,OW Transport,"(4055931.5178130977, 2950463.4801956057)",37365f724942436a9654cd897e8920f7,49,Work,4f49981fe1d849b4bf814862d2886bd1,28,Work
2374,03/10/2020T11:40:00 ,2020-03-10,OW ICT,"(4038124.8254480036, 2950113.3998562694)",6088ff4aec5a42c19b98131faa83b791,47,Work,23d02621dc5a44babb416553595e712f,20,Work
2374,03/10/2020T11:40:00 ,2020-03-10,OW ICT,"(4038124.8254480036, 2950113.3998562694)",d8d6bce9c6af4d0780361dcaa3b46521,28,Work,461d06ba692e484ca815d28c6af5385f,47,Work
2374,03/10/2020T11:40:00 ,2020-03-10,OW Finance,"(4044087.0435225195, 2951850.7264003935)",9946b6baa78a4ffca2ddbfd615b6bd4b,62,Work,200e26a250454633818a97054a95c5ba,7,Work
2374,03/10/2020T11:40:00 ,2020-03-10,OW Finance,"(4029886.132004339, 2940983.312252022)",ead6227bc8244e8a980846005adcd285,19,Work,b4456dc9207e4242816710c770e27641,24,Work
2374,03/10/2020T11:40:00 ,2020-03-10,OW Finance,"(4029886.132004339, 2940983.312252022)",648d60e037c145cba298cbefc0f0d1d3,20,Work,47fe394a92df4ff9a2fb29db28f56a18,56,Work
2374,03/10/2020T11:40:00 ,2020-03-10,OW Administration,"(4037093.952595035, 2937035.4484564867)",50e69fbb15ad4340aa6ddd670253e300,39,Work,4387e720653b4fd9a5cbe75c968b4bec,0,Work
2374,03/10/2020T11:40:00 ,2020-03-10,OW Administration,"(4037093.952595035, 2937035.4484564867)",7336bf0a30db4d33b0f71d5acdb6912d,38,Work,a88d01583d4d450f81d5d53efe50ddc1,46,Work
2374,03/10/2020T11:40:00 ,2020-03-10,Shop,"(4035835.5297417524, 2951371.855012576)",d05689b19d464374a4e21caaf06b3c72,23,Shop,d7fad502c58b4dd6a81e9e5c0d43fb5d,31,Work
2375,03/10/2020T11:50:00 ,2020-03-10,OW Manufacturing,"(4033152.122280112, 2937616.4047832955)",7061cc9be4014b77a6e7a14343d39c5c,42,Work,a74076ab74e94e07a9033a5a5138e56e,55,Work
2375,03/10/2020T11:50:00 ,2020-03-10,OW Manufacturing,"(4033152.122280112, 2937616.4047832955)",7ae555cf40b147038933c81b3ef451ab,26,Work,fa8a99fcac774d24916fcb36f50df543,32,Work
2375,03/10/2020T11:50:00 ,2020-03-10,OW Transport,"(4055931.5178130977, 2950463.4801956057)",ccb0257184984634bc1f851a236b8787,63,Work,a65f260452b942499448632c5832d97b,28,Work
2375,03/10/2020T11:50:00 ,2020-03-10,OW Finance,"(4029886.132004339, 2940983.312252022)",0dbff2baad7d47b19d67dae3b14afc0d,55,Work,71afc68dd8e441c090577e807d159fb6,25,Work
2375,03/10/2020T11:50:00 ,2020-03-10,OW Finance,"(4029886.132004339, 2940983.312252022)",5b2e395cfedd4cd080801ae77bc74b85,6,Work,6312e7f0898945a4a152b3cbeb10bb07,39,Work
2375,03/10/2020T11:50:00 ,2020-03-10,OW Finance,"(4029886.132004339, 2940983.312252022)",cf984d961e484afe95694881dfdf8b49,31,Work,8ed19edfefdf418c910a86cf0d79a17d,36,Work
2375,03/10/2020T11:50:00 ,2020-03-10,OW Finance,"(4029886.132004339, 2940983.312252022)",cf13507f75e94a6ab874d4af0d20803a,49,Work,9230157ca66f46c6b4e408a68f0dda6d,31,Work
2375,03/10/2020T11:50:00 ,2020-03-10,Hotel,"(4041905.981629138, 2953161.4380196705)",0e2f82620b8c45d88d8cb976c38465f4,24,Work,2024ab712d4d40e588e88f5b61b218f0,48,Work
2375,03/10/2020T11:50:00 ,2020-03-10,Hotel,"(4039845.6103672986, 2941449.460067877)",99f63e4570a54043952c4d47f42b5318,53,Work,8017571a0109408dbc2aebcbebe7475a,53,Work
2375,03/10/2020T11:50:00 ,2020-03-10,Hotel,"(4039845.6103672986, 2941449.460067877)",648b840ded954031ab3a10fb5158e013,57,Work,ec5c12a948af48cb8279a57be8533326,31,Work
2375,03/10/2020T11:50:00 ,2020-03-10,Indoor Sport,"(4050206.9476461597, 2951923.276650936)",ec1aee97c314492799730898269c00a5,43,Work,0072034f823648378d251ab38d67e8fb,23,Work
2376,03/10/2020T12:00:00 ,2020-03-10,Care Home,"(4039528.9994623875, 2952253.717866595)",015dae8bfbd5417fb6b88bfd1f798298,32,Work,e7d75e3b2c4c498aa0bfeb01d7a8e68e,20,Work
2376,03/10/2020T12:00:00 ,2020-03-10,Care Home,"(4039528.9994623875, 2952253.717866595)",6b0614ac86244bbf8042c8f3e3ac6cef,51,Work,0833d66c307a4393bea5270547dc3778,24,Work
2376,03/10/2020T12:00:00 ,2020-03-10,OW Manufacturing,"(4041994.9357273723, 2949416.2223347416)",f60c243cca844ed9809b95b5e9d93a4b,34,Work,90f1ce637c5b48d3b74cace217bbcc9a,11,Work
2376,03/10/2020T12:00:00 ,2020-03-10,OW Transport,"(4055931.5178130977, 2950463.4801956057)",b3504935e8c5482c83c9bb97053437fa,52,Work,4336d0b3085a454db493d7d0f3ed44f3,30,Work
2376,03/10/2020T12:00:00 ,2020-03-10,OW Transport,"(4055931.5178130977, 2950463.4801956057)",40e8dc7b547a42c39fa9447923e9c1a8,49,Work,619fd685a00944f2ac4a2b3ba0f0f4a4,60,Work
2376,03/10/2020T12:00:00 ,2020-03-10,OW Transport,"(4055931.5178130977, 2950463.4801956057)",98bb337fb20a4531a9ffae9789c78281,30,Work,b2d351e052fa42ceabc028ef7c723f76,47,Work
2376,03/10/2020T12:00:00 ,2020-03-10,OW Finance,"(4029886.132004339, 2940983.312252022)",aef90be24bcf47edaa83b981ca9dcc4f,27,Work,7f6dc7a3c2d64e5296ee446325710f5e,34,Work
2376,03/10/2020T12:00:00 ,2020-03-10,Shop,"(4030853.6684093513, 2939596.475549419)",ec7321c5c50f409682f9b5e32650c43c,58,Work,ec782393132f4ed19b1fdf918d7d85a4,26,Work
2376,03/10/2020T12:00:00 ,2020-03-10,Shop,"(4030853.6684093513, 2939596.475549419)",e67e2f4674504a4e8b79c87ab9208bb4,69,Shop,ec782393132f4ed19b1fdf918d7d85a4,26,Work
2376,03/10/2020T12:00:00 ,2020-03-10,Shop,"(4035835.5297417524, 2951371.855012576)",7afc7693cbce4e48801c80a045c6ef77,33,Work,ab5e5ff1ac174694a6fea74b080086cb,21,Work
2376,03/10/2020T12:00:00 ,2020-03-10,Hotel,"(4039845.6103672986, 2941449.460067877)",cf4db40fce234f50a27de80351e3b6b1,59,Work,884d84e13d564b8687b5afd09ff476d4,19,Work
2376,03/10/2020T12:00:00 ,2020-03-10,Hotel,"(4039845.6103672986, 2941449.460067877)",91f227c0b2d34f21b3c62ec9406fa356,33,Work,9c0c073cfecf4ec8a042db6ffa6e465b,26,Work
2376,03/10/2020T12:00:00 ,2020-03-10,Indoor Sport,"(4050206.9476461597, 2951923.276650936)",f15e436e6b2a45e2918f63275acaae9e,52,Work,e7873f9d3d7044d1bde437c1211b95f9,35,Work
2377,03/10/2020T12:10:00 ,2020-03-10,Care Home,"(4039528.9994623875, 2952253.717866595)",7750526b8dd9414399fcdbd502dcc5fe,21,Work,c451fe2077cc42a2abe341325721a3c5,95,House
2377,03/10/2020T12:10:00 ,2020-03-10,OW Manufacturing,"(4033152.122280112, 2937616.4047832955)",de87e6883e814cc5833d1c5a81179fd2,23,Work,18ca6f48728d4267ad4a1f9d93bfac44,18,Work
2377,03/10/2020T12:10:00 ,2020-03-10,OW Transport,"(4055931.5178130977, 2950463.4801956057)",9fc891a3df504fee992f8e68c2ed9ddb,39,Work,6cbab4f33b834cf9a3567287800495e9,63,Work
2377,03/10/2020T12:10:00 ,2020-03-10,OW Transport,"(4055931.5178130977, 2950463.4801956057)",63e660a57fc9472387dd3e5301da8479,45,Work,be075d9888634728aea6c3534ad4a07c,39,Work
2377,03/10/2020T12:10:00 ,2020-03-10,OW Finance,"(4029886.132004339, 2940983.312252022)",a744141e70fd4b42940ebe71a4553c34,55,Work,c3482e6b18be4f1bb6a2849280159daa,18,Work
2377,03/10/2020T12:10:00 ,2020-03-10,OW Finance,"(4029886.132004339, 2940983.312252022)",5e9e6bb6f31c491ca4cbaebabece2765,38,Work,781ca0a4c7c44f9cb6fd179790ccb030,40,Work
2377,03/10/2020T12:10:00 ,2020-03-10,Shop,"(4030853.6684093513, 2939596.475549419)",18177a521d3d41bb94c7af5aae6dd78d,18,Work,44b75a97c1064630be6b5033656fab89,34,Work
2377,03/10/2020T12:10:00 ,2020-03-10,Shop,"(4030853.6684093513, 2939596.475549419)",c5c1de7e8dfb45469d4227d4d8bf88c8,43,Work,156e4d529b25430db1dcf3cdcfbd0d5b,62,Work
2377,03/10/2020T12:10:00 ,2020-03-10,Hotel,"(4039845.6103672986, 2941449.460067877)",40fc747bb69c48f08952aa598d9797d4,32,Work,77817ffd7f564ea6a2d7df734eb30ae6,32,Work
2377,03/10/2020T12:10:00 ,2020-03-10,Indoor Sport,"(4050206.9476461597, 2951923.276650936)",ffbc7c911bd541b3839405cf9b52be93,31,Work,4301fad4c98c4417b64e6dd6c24b36b0,22,Work
2377,03/10/2020T12:10:00 ,2020-03-10,Indoor Sport,"(4050206.9476461597, 2951923.276650936)",85ae6f167630458c9c8fd26ce1da7e78,31,Work,de85e2b5dfb44b1c9dbeadf390360d39,49,Work
2378,03/10/2020T12:20:00 ,2020-03-10,Care Home,"(4039528.9994623875, 2952253.717866595)",e98c5721c9e04f0d9649bd2f0fefa0e8,39,Work,4e46db5c886e4a8ebe0e7d5a3f91440b,40,Work
2378,03/10/2020T12:20:00 ,2020-03-10,OW Manufacturing,"(4041994.9357273723, 2949416.2223347416)",bc8ad291c1c84dc1aca43af3d7c26f1c,33,Work,d133724c5db8481fbad1b49d6d00e1c3,32,Work
2378,03/10/2020T12:20:00 ,2020-03-10,OW Transport,"(4055931.5178130977, 2950463.4801956057)",64a9a5b771f5438dbedb930188a7d82f,56,Work,f3e3649b58af4fc3af6ccb0875360ff0,27,Work
2378,03/10/2020T12:20:00 ,2020-03-10,OW Finance,"(4029886.132004339, 2940983.312252022)",c930c588621a4ad69838aac6cad1d9f6,57,Work,b24616aa486a42b0afac0bcb5700d8f0,47,Work
2378,03/10/2020T12:20:00 ,2020-03-10,OW Finance,"(4029886.132004339, 2940983.312252022)",8954e8ad8b9d4bf4aa2a480a4228c584,34,Work,23f054e5795c4ea2bf1c43b5892b2914,47,Work
2378,03/10/2020T12:20:00 ,2020-03-10,Hospital,"(4058154.76725065, 2949603.507869995)",fa52bb89416e4c6688193f9b591ffcbf,51,Medical,498bd7bef5904b8bb8f972ab5b644133,81,House
2378,03/10/2020T12:20:00 ,2020-03-10,Indoor Sport,"(4050206.9476461597, 2951923.276650936)",826636ee2e7e47a19562b3d3bcc95f52,28,Work,ee9593ec4b3b443588ed5323181db4ef,45,Work
2378,03/10/2020T12:20:00 ,2020-03-10,Indoor Sport,"(4050206.9476461597, 2951923.276650936)",ed50a17e3b334fe3b40f9757e8e41fe1,28,Indoor Sport,eec4b7a1b3ae4a44b74cd430223be02b,58,Work
2379,03/10/2020T12:30:00 ,2020-03-10,OW Manufacturing,"(4041994.9357273723, 2949416.2223347416)",4c79a9c757b9487489a47351221be1a3,51,Work,9067d96366d948b6ba65c58fb6f32247,13,Work
2379,03/10/2020T12:30:00 ,2020-03-10,OW Manufacturing,"(4041994.9357273723, 2949416.2223347416)",5c577555b95d4d638c758b10ef11c5e6,46,Work,9f0ce7ad1817473da7ec6a0d70e79033,61,Work
2379,03/10/2020T12:30:00 ,2020-03-10,OW Manufacturing,"(4033152.122280112, 2937616.4047832955)",f6df15a905ef4b9d9234842d89ac320f,31,Work,18ca6f48728d4267ad4a1f9d93bfac44,18,Work
2379,03/10/2020T12:30:00 ,2020-03-10,OW Transport,"(4055931.5178130977, 2950463.4801956057)",049a96cfa48643f793edf8172bea5625,36,Work,550981dd12d8464ab6f1bb8e7ae6e246,29,Work
2379,03/10/2020T12:30:00 ,2020-03-10,OW Finance,"(4044087.0435225195, 2951850.7264003935)",6e153e80540e443d86c2e07c13390f4e,52,Work,200e26a250454633818a97054a95c5ba,7,Work
2379,03/10/2020T12:30:00 ,2020-03-10,OW Finance,"(4029886.132004339, 2940983.312252022)",2205c53360aa4d959eb991b5a616e81d,44,Work,6cc5fea267d046e3a10d2d6bfac0f7fb,27,Work
2379,03/10/2020T12:30:00 ,2020-03-10,Hotel,"(4039845.6103672986, 2941449.460067877)",22772764d6284302945f81d73297b49a,55,Work,47782099da5c456494ab7acd096bd963,49,Work
2379,03/10/2020T12:30:00 ,2020-03-10,Indoor Sport,"(4050206.9476461597, 2951923.276650936)",18c13dad9da947cd87b1a79d862fd644,34,Work,fc22085f0d4b482d8c866c548b53ad84,23,Work
2380,03/10/2020T12:40:00 ,2020-03-10,OW Manufacturing,"(4033152.122280112, 2937616.4047832955)",f6aeec38d9cc441190498742e1ab9b34,19,Work,3cd210436b1345e3b036587dd17adfa7,56,Work
2380,03/10/2020T12:40:00 ,2020-03-10,OW Transport,"(4055931.5178130977, 2950463.4801956057)",26e9e3a94db047cfb8fa64aa9acab335,27,Work,2bd55b16c60c4619a9b6a4dd8ee24640,55,Work
2380,03/10/2020T12:40:00 ,2020-03-10,OW ICT,"(4038124.8254480036, 2950113.3998562694)",aa46470af4f344d6aa40fa71c1166162,41,Work,d711632dffde44c6be933681774eba31,40,Work
2380,03/10/2020T12:40:00 ,2020-03-10,Shop,"(4035835.5297417524, 2951371.855012576)",5772c07a392b445ba77f7d913ed9ba4d,34,Work,5c15cb74946749f2be4fc22fd953f68c,36,Work
2380,03/10/2020T12:40:00 ,2020-03-10,Hotel,"(4039845.6103672986, 2941449.460067877)",69f84c140c6345b09b478392b0b007f2,60,Work,47782099da5c456494ab7acd096bd963,49,Work
2381,03/10/2020T12:50:00 ,2020-03-10,OW Manufacturing,"(4033152.122280112, 2937616.4047832955)",7b1b79f8d79a4912b11f2bb4dcebd666,37,Work,c224dd3ef627481c95f7cb3459c1f112,32,Work
2381,03/10/2020T12:50:00 ,2020-03-10,OW Finance,"(4029886.132004339, 2940983.312252022)",4971f486ee9a4a2aad328da5ed31d857,62,Work,c3482e6b18be4f1bb6a2849280159daa,18,Work
2381,03/10/2020T12:50:00 ,2020-03-10,OW Administration,"(4037093.952595035, 2937035.4484564867)",e2519b578bd2426b9931b8fb9a1169cb,44,Work,44797d2625e94e77930abaf2bc45c9f1,68,Work
2381,03/10/2020T12:50:00 ,2020-03-10,OW Administration,"(4037093.952595035, 2937035.4484564867)",6a4452c24c6b41638ddad59868506b4a,36,Work,61d50d214d1a40b78cf55e70b27e58d4,50,Work
2381,03/10/2020T12:50:00 ,2020-03-10,Secondary School,"(4028941.945504558, 2972528.6090870015)",f3ffc8b2a44c4e32a19c891b41d87280,26,School,685a88d7800442aa95574c44b3f5b1c1,17,School
2382,03/10/2020T13:00:00 ,2020-03-10,OW Finance,"(4023314.6408982556, 2946277.926834426)",acb2d597bbc74e8bb52e26def9224c44,25,Work,75b61fbb1a054deb9fbae53a640e1448,32,Work
2382,03/10/2020T13:00:00 ,2020-03-10,OW Finance,"(4029886.132004339, 2940983.312252022)",832fce299951430a91775ec9d28f7878,54,Work,3dccc885abd1405fbecb17ee608ec0b0,19,Work
2382,03/10/2020T13:00:00 ,2020-03-10,OW Finance,"(4029886.132004339, 2940983.312252022)",d5bb9b8164a64c7abd03534a09940194,25,Work,ed231a5b53b34524badad790ac4c5a5b,61,Work
2382,03/10/2020T13:00:00 ,2020-03-10,Shop,"(4035835.5297417524, 2951371.855012576)",293d4e678a2f4c4bb370b0288efb7d1d,57,Work,d7fad502c58b4dd6a81e9e5c0d43fb5d,31,Work
2382,03/10/2020T13:00:00 ,2020-03-10,Shop,"(4035835.5297417524, 2951371.855012576)",90d8b0d18d234dd2ace6b3309e945ff2,59,Work,5c15cb74946749f2be4fc22fd953f68c,36,Work
2382,03/10/2020T13:00:00 ,2020-03-10,Hotel,"(4041905.981629138, 2953161.4380196705)",e04676fb92d34d3a9462d318d61d7020,50,Work,2024ab712d4d40e588e88f5b61b218f0,48,Work
2382,03/10/2020T13:00:00 ,2020-03-10,Hotel,"(4039845.6103672986, 2941449.460067877)",828d8fc7c965411ab5530fca9239b4f2,57,Work,ec5c12a948af48cb8279a57be8533326,31,Work
2382,03/10/2020T13:00:00 ,2020-03-10,Hotel,"(4039845.6103672986, 2941449.460067877)",c1aa373b7c6c4daf90ab299a36a0f82e,20,Work,8017571a0109408dbc2aebcbebe7475a,53,Work
2382,03/10/2020T13:00:00 ,2020-03-10,Hotel,"(4039845.6103672986, 2941449.460067877)",567a8d7642db4cffa99b4e59c9e17e19,30,Work,ec5c12a948af48cb8279a57be8533326,31,Work
2382,03/10/2020T13:00:00 ,2020-03-10,Indoor Sport,"(4050206.9476461597, 2951923.276650936)",e988d6e8c10e4a33899cf5572d9ea706,48,Indoor Sport,fc22085f0d4b482d8c866c548b53ad84,23,Work
2383,03/10/2020T13:10:00 ,2020-03-10,OW Manufacturing,"(4041994.9357273723, 2949416.2223347416)",973f8a2b08ef4947b19ff9c33ed4b818,24,Work,1b2a2de90acc45549b317e1872ae627c,27,Work
2383,03/10/2020T13:10:00 ,2020-03-10,OW Manufacturing,"(4033152.122280112, 2937616.4047832955)",a48216fe943641ba8791007fe8a3b448,58,Work,cdbd21895c9f484299e3b3031da4e3f6,16,Work
2383,03/10/2020T13:10:00 ,2020-03-10,OW Transport,"(4055931.5178130977, 2950463.4801956057)",899c0380e8ab4be4b12287b01873c745,38,Work,31c55e18df104eb282abd9161a6ec279,48,Work
2383,03/10/2020T13:10:00 ,2020-03-10,OW Finance,"(4029886.132004339, 2940983.312252022)",7067f762f01841dcaa588b5945333a46,37,Work,f79f63bfec144e7d8c84d970d4616fb3,52,Work
2383,03/10/2020T13:10:00 ,2020-03-10,OW Finance,"(4029886.132004339, 2940983.312252022)",249890cc276341ca89a8d97c36b97a35,29,Work,ab740bb8128c41039c45c0c266c5cb17,50,Work
2383,03/10/2020T13:10:00 ,2020-03-10,Hotel,"(4039845.6103672986, 2941449.460067877)",f21acca0ea0740e0811eaa159f3fe353,46,Work,2a3455ae81624a9a80185e42adbdd2c4,26,Work
2383,03/10/2020T13:10:00 ,2020-03-10,Indoor Sport,"(4050206.9476461597, 2951923.276650936)",179e9b3a70504136a22544e4449c3f4a,36,Work,0072034f823648378d251ab38d67e8fb,23,Work
2384,03/10/2020T13:20:00 ,2020-03-10,OW Manufacturing,"(4033152.122280112, 2937616.4047832955)",f432684e45ec44458edfd6d37e1cf03b,44,Work,a5fb7fbf24ae4b7c82da7a0635906fb8,30,Work
2384,03/10/2020T13:20:00 ,2020-03-10,OW Manufacturing,"(4033152.122280112, 2937616.4047832955)",1675f04e34a74234bdf3cc27b2dc50d1,64,Work,b8d272abb47e4abfa4c199c90cfa1f52,42,Work
2384,03/10/2020T13:20:00 ,2020-03-10,OW Manufacturing,"(4033152.122280112, 2937616.4047832955)",103bfb5c56d84788b369618a1dbe97de,55,Work,299fb404c7a1430fbecff545d14d8b3a,39,Work
2384,03/10/2020T13:20:00 ,2020-03-10,OW ICT,"(4038124.8254480036, 2950113.3998562694)",90cf6efc90e4430fa7b9abe88f0ce2f8,12,Work,6f5bb7e30d0c4d0495ad6059dae68047,29,Work
2384,03/10/2020T13:20:00 ,2020-03-10,OW Finance,"(4029886.132004339, 2940983.312252022)",ea3e156c830c4864885d13c8e7d4468c,33,Work,07d0b84e93db4e1caefe0248038dd05c,26,Work
2384,03/10/2020T13:20:00 ,2020-03-10,Hotel,"(4039845.6103672986, 2941449.460067877)",05d4b0acd18c4d0b860d24c0ad3bd4f3,55,Work,47782099da5c456494ab7acd096bd963,49,Work
2384,03/10/2020T13:20:00 ,2020-03-10,Indoor Sport,"(4050206.9476461597, 2951923.276650936)",db9e86c6a9b140248580ddf721507aef,41,Work,a62fdfd4e5864371adbd4d09e44a0749,50,Work
2384,03/10/2020T13:20:00 ,2020-03-10,Indoor Sport,"(4050206.9476461597, 2951923.276650936)",712f97036a854c5d87e0e1b11dbbaf07,26,Work,906fd2e55219432488bb109c178164a0,33,Work
2385,03/10/2020T13:30:00 ,2020-03-10,Care Home,"(4039528.9994623875, 2952253.717866595)",210d4d78a031436783c8b56177306f03,23,Work,17c0511597bb4e0aa4d457264d82d0ee,92,House
2385,03/10/2020T13:30:00 ,2020-03-10,OW Manufacturing,"(4033152.122280112, 2937616.4047832955)",2bf9026bb3ef4cb282444a20c18e31cd,36,Work,74648daef56040789e68677cf00c8713,54,Work
2385,03/10/2020T13:30:00 ,2020-03-10,OW Transport,"(4055931.5178130977, 2950463.4801956057)",78a5ee6b2fcf4fd588c24330d4961cf5,61,Work,f3e3649b58af4fc3af6ccb0875360ff0,27,Work
2385,03/10/2020T13:30:00 ,2020-03-10,OW Transport,"(4055931.5178130977, 2950463.4801956057)",67a506557f4440f28634fb2304652298,47,Work,a2a0efd7d8c24cab9335a70f144dc973,27,Work
2385,03/10/2020T13:30:00 ,2020-03-10,OW ICT,"(4038124.8254480036, 2950113.3998562694)",9b1f709f81cf403192401c9a6bfed470,44,Work,a3f7ee84daa5401e833a7b715e6a7812,31,Work
2385,03/10/2020T13:30:00 ,2020-03-10,Indoor Sport,"(4050206.9476461597, 2951923.276650936)",0d4bc24802c14f59af91eaceca6b8858,24,Work,cafbad97712d49e282fdd08316a2154f,61,Work
2385,03/10/2020T13:30:00 ,2020-03-10,Indoor Sport,"(4050206.9476461597, 2951923.276650936)",85dc71cf8cd5443fa477127af9b81c16,53,Work,0072034f823648378d251ab38d67e8fb,23,Work
2386,03/10/2020T13:40:00 ,2020-03-10,Care Home,"(4039528.9994623875, 2952253.717866595)",c766aa493c73468aadf310bd1efc5761,26,Work,dcbe713b3d8642e08a64dc5fc05496f8,93,House
2386,03/10/2020T13:40:00 ,2020-03-10,OW Manufacturing,"(4033152.122280112, 2937616.4047832955)",36da19b02e514305917c3206fc320d1c,53,Work,660477652f9e4241a1c1b6bdb7a61b10,35,Work
2386,03/10/2020T13:40:00 ,2020-03-10,OW ICT,"(4038124.8254480036, 2950113.3998562694)",b4b59fc625094488924d2396e6d7948a,29,Work,a3f7ee84daa5401e833a7b715e6a7812,31,Work
2386,03/10/2020T13:40:00 ,2020-03-10,OW Finance,"(4023314.6408982556, 2946277.926834426)",be7af3b4886d4702b59ee3c3e035a167,30,Work,08e2fb2dd4ac4a62a424d327749b0c58,64,Work
2386,03/10/2020T13:40:00 ,2020-03-10,OW Finance,"(4023314.6408982556, 2946277.926834426)",46c30b5e52fd493d8d1cf3a7148c524c,60,Work,827737c0cecf40edba927220b9f84965,31,Work
2386,03/10/2020T13:40:00 ,2020-03-10,OW Finance,"(4023314.6408982556, 2946277.926834426)",b10f5ff5dd67441eb27128ec018eacb4,37,Work,0ff446cd6d93478cbc2a9714037fc33b,34,Work
2386,03/10/2020T13:40:00 ,2020-03-10,OW Finance,"(4029886.132004339, 2940983.312252022)",c45af6852b70492ea4568d8a6718ff0b,43,Work,8808aa179949403c8b8d647611caedcc,24,Work
2386,03/10/2020T13:40:00 ,2020-03-10,OW Finance,"(4029886.132004339, 2940983.312252022)",e1a517b936f04fe499e79c02e416b6b0,34,Work,71afc68dd8e441c090577e807d159fb6,25,Work
2387,03/10/2020T13:50:00 ,2020-03-10,OW Manufacturing,"(4033152.122280112, 2937616.4047832955)",42187d59db354458aefb10c2fdb4844f,61,Work,fe17e89921d247a4afeb8a79d0ba85b6,23,Work
2387,03/10/2020T13:50:00 ,2020-03-10,OW ICT,"(4038124.8254480036, 2950113.3998562694)",a2787d1439dc4ab0b1abaf24f7b7623d,50,Work,bb79e10344f8404e8beef4eeaa1deab6,40,Work
2387,03/10/2020T13:50:00 ,2020-03-10,OW Finance,"(4044087.0435225195, 2951850.7264003935)",f10bf7661d544811b376fa6b7ad22925,25,Work,56d1fc2cbf564d48bfc0c2df7d64353f,43,Work
2387,03/10/2020T13:50:00 ,2020-03-10,OW Finance,"(4029886.132004339, 2940983.312252022)",66ee8c5dc0f7479582a5c60102f35168,41,Work,b8b27f62847547bca9f694403178b652,30,Work
2387,03/10/2020T13:50:00 ,2020-03-10,Hotel,"(4039845.6103672986, 2941449.460067877)",187485f355e3426b9c4a2d7348aebd79,31,Work,5051f490dc4849768658c90e98982bff,49,Work
2388,03/10/2020T14:00:00 ,2020-03-10,OW Finance,"(4044087.0435225195, 2951850.7264003935)",64125bd1a2294ef2b156146c3459635d,37,Work,56d1fc2cbf564d48bfc0c2df7d64353f,43,Work
2388,03/10/2020T14:00:00 ,2020-03-10,OW Finance,"(4029886.132004339, 2940983.312252022)",023612e8906c495c8040576bd8111049,57,Work,c3e1fef490314fe4b7f1096a2cfbec1b,23,Work
2388,03/10/2020T14:00:00 ,2020-03-10,OW Administration,"(4037093.952595035, 2937035.4484564867)",6bc11ba2f1d940ef831c94a22624d2fb,55,Work,b40b51c1091647259158311d7f3c8787,24,Work
2388,03/10/2020T14:00:00 ,2020-03-10,OW Administration,"(4037093.952595035, 2937035.4484564867)",470c85beb1924375819bc17329653d59,55,Work,f00fcd3e3f234e79a72157b369143dc4,38,Work
2389,03/10/2020T14:10:00 ,2020-03-10,Care Home,"(4039528.9994623875, 2952253.717866595)",2e7c66e31c5d4945b6342c75a79a592c,59,Work,d5d5cf7fe240426c89284d53f13c0a37,95,House
2389,03/10/2020T14:10:00 ,2020-03-10,OW Manufacturing,"(4033152.122280112, 2937616.4047832955)",9fcce2d3c4bf486a9d3d7e7a17643ca8,31,Work,098cc26d42f840aa87df6d7a9728f67d,34,Work
2389,03/10/2020T14:10:00 ,2020-03-10,OW Transport,"(4055931.5178130977, 2950463.4801956057)",5c3628eb1b5d49f6a5fda281ea8bd55f,57,Work,6de2e114d6b9460bb189930f8f4c7f15,60,Work
2389,03/10/2020T14:10:00 ,2020-03-10,OW Transport,"(4055931.5178130977, 2950463.4801956057)",94132f1be03340dd8eba57053f9d03a8,46,Work,b2d351e052fa42ceabc028ef7c723f76,47,Work
2389,03/10/2020T14:10:00 ,2020-03-10,OW Finance,"(4029886.132004339, 2940983.312252022)",d1f7ca6a8ccf4d5689e009022832e484,61,Work,6cc5fea267d046e3a10d2d6bfac0f7fb,27,Work
2389,03/10/2020T14:10:00 ,2020-03-10,OW Administration,"(4037093.952595035, 2937035.4484564867)",a7f115ad45d94f698aaa5b26df03cd8c,21,Work,e41009826032420891a9e838ba31a5c1,37,Work
2390,03/10/2020T14:20:00 ,2020-03-10,OW Manufacturing,"(4033152.122280112, 2937616.4047832955)",4c67442ce15d49b3a8e8ee809cc590b8,48,Work,a5fb7fbf24ae4b7c82da7a0635906fb8,30,Work
2390,03/10/2020T14:20:00 ,2020-03-10,OW Transport,"(4055931.5178130977, 2950463.4801956057)",e3c1e658362b4031bf5575f1fac34906,21,Work,2654701b1fe34498a6daaa8320230c04,19,Work
2390,03/10/2020T14:20:00 ,2020-03-10,OW Finance,"(4044087.0435225195, 2951850.7264003935)",54798d35b3f249d697e153057246e0cc,53,Work,56d1fc2cbf564d48bfc0c2df7d64353f,43,Work
2390,03/10/2020T14:20:00 ,2020-03-10,OW Finance,"(4044087.0435225195, 2951850.7264003935)",1ea140554fcd4d9d9a1312a338502d45,51,Work,56d1fc2cbf564d48bfc0c2df7d64353f,43,Work
2390,03/10/2020T14:20:00 ,2020-03-10,OW Administration,"(4037093.952595035, 2937035.4484564867)",4c9357d7ccac42dd8b1177026e3f0e1c,54,Work,f00fcd3e3f234e79a72157b369143dc4,38,Work
2390,03/10/2020T14:20:00 ,2020-03-10,Hotel,"(4039845.6103672986, 2941449.460067877)",ebcaa8afcd5144988cd1618b45f9375c,19,Work,47782099da5c456494ab7acd096bd963,49,Work
2390,03/10/2020T14:20:00 ,2020-03-10,Hotel,"(4039845.6103672986, 2941449.460067877)",f74bcadf49ce469db4e7cde4ef68e207,27,Work,3185c64f341742489a49bebd24bdefd1,23,Work
2390,03/10/2020T14:20:00 ,2020-03-10,Indoor Sport,"(4050206.9476461597, 2951923.276650936)",8db633e324b347168bda9a9ca393c3d9,58,Work,a7a7f1bbcb5a427f8d0a9179303649f3,48,Work
2390,03/10/2020T14:20:00 ,2020-03-10,Indoor Sport,"(4050206.9476461597, 2951923.276650936)",0afb34583bef43cd8f8b9ca753145d0f,21,Work,a7a7f1bbcb5a427f8d0a9179303649f3,48,Work
2391,03/10/2020T14:30:00 ,2020-03-10,OW Manufacturing,"(4033152.122280112, 2937616.4047832955)",478efc5fff6b4cd98acfe6e639300cc1,39,Work,a7bbf8fe128c4bcc9d58dc0568afc7e9,53,Work
2391,03/10/2020T14:30:00 ,2020-03-10,OW Manufacturing,"(4033152.122280112, 2937616.4047832955)",ab34f67c0e92400688a253b53ae4c3e2,25,Work,a40af36a72934ac38bca2e743c9d1362,18,Work
2391,03/10/2020T14:30:00 ,2020-03-10,OW Finance,"(4029886.132004339, 2940983.312252022)",5122de928b764496bdf40f33879cdeee,39,Work,2ef3c2e7bd6148c0a4c8571d60e4940e,27,Work
2391,03/10/2020T14:30:00 ,2020-03-10,Indoor Sport,"(4050206.9476461597, 2951923.276650936)",6f3b6b66a6c94b4b915e6b74f9507212,32,Work,a7a7f1bbcb5a427f8d0a9179303649f3,48,Work
2392,03/10/2020T14:40:00 ,2020-03-10,OW Manufacturing,"(4041994.9357273723, 2949416.2223347416)",c7a930153a5546d0af6051b571356e4c,32,Work,c346ec311d85456fbb4f6154031e19ab,35,Work
2392,03/10/2020T14:40:00 ,2020-03-10,OW Manufacturing,"(4033152.122280112, 2937616.4047832955)",c3c67d3e37cf4b77b1287e53468ab412,29,Work,a74076ab74e94e07a9033a5a5138e56e,55,Work
2392,03/10/2020T14:40:00 ,2020-03-10,OW Transport,"(4055931.5178130977, 2950463.4801956057)",68badc4f86ea486386593af9cb563298,55,Work,769443d15a1246e2b46629ccc9fd5af8,46,Work
2392,03/10/2020T14:40:00 ,2020-03-10,OW ICT,"(4038124.8254480036, 2950113.3998562694)",b1b3f0f114734195b2ed337fd0bc1a6d,24,Work,163bedcef7ec4bf0a14c52876b516040,40,Work
2392,03/10/2020T14:40:00 ,2020-03-10,OW Finance,"(4023314.6408982556, 2946277.926834426)",c774ca5687a144b3839f2ee1be684037,22,Work,6490a349f82549788c12e14bc85e54a9,59,Work
2392,03/10/2020T14:40:00 ,2020-03-10,Shop,"(4030853.6684093513, 2939596.475549419)",2793c8ba4dd24c9997d297f3bb00ea2b,29,Work,44b75a97c1064630be6b5033656fab89,34,Work
2392,03/10/2020T14:40:00 ,2020-03-10,Shop,"(4041999.4037532867, 2953876.116789012)",57d0f9607fb1415b8fc8c7ec68bd9225,77,Shop,3a3df7d10aa04b34acba00ef503b3f93,27,Shop
2392,03/10/2020T14:40:00 ,2020-03-10,Indoor Sport,"(4050206.9476461597, 2951923.276650936)",1b3a647a73a84bf0b49cab47090ebbfc,29,Work,a62fdfd4e5864371adbd4d09e44a0749,50,Work
2392,03/10/2020T14:40:00 ,2020-03-10,Primary School,"(4040955.5355510665, 2950723.945915237)",7fd9868e588a49f59aa0f31bb866b92f,9,School,cec9ba887a514d86a3efe4807a536a7b,11,School
2393,03/10/2020T14:50:00 ,2020-03-10,OW Manufacturing,"(4041994.9357273723, 2949416.2223347416)",0bbcff270c3f49d3ba1d9a5114d3f3db,30,Work,faf9162e4a7c44e2bea75fde0b741163,61,Work
2393,03/10/2020T14:50:00 ,2020-03-10,OW Manufacturing,"(4033152.122280112, 2937616.4047832955)",4cbad9b708de42f2955ee284f2857fc2,20,Work,a5f7d4d79e4d467dacaa72bd057f7cac,44,Work
2393,03/10/2020T14:50:00 ,2020-03-10,OW Manufacturing,"(4033152.122280112, 2937616.4047832955)",923bf6c919bf4a88a9a97b9354f13566,53,Work,3cd210436b1345e3b036587dd17adfa7,56,Work
2393,03/10/2020T14:50:00 ,2020-03-10,OW Transport,"(4055931.5178130977, 2950463.4801956057)",136ee35f19214281be3607a3e41fadd4,30,Work,4336d0b3085a454db493d7d0f3ed44f3,30,Work
2393,03/10/2020T14:50:00 ,2020-03-10,OW Finance,"(4029886.132004339, 2940983.312252022)",f8b326cad999460c90679d5185b36d8b,51,Work,6cc5fea267d046e3a10d2d6bfac0f7fb,27,Work
2394,03/10/2020T15:00:00 ,2020-03-10,OW Manufacturing,"(4041994.9357273723, 2949416.2223347416)",9fd7b1df7e6e4f6c904bb00482034b4a,42,Work,e6d1b24f4e04426ea073066364070caa,51,Work
2394,03/10/2020T15:00:00 ,2020-03-10,OW Transport,"(4055931.5178130977, 2950463.4801956057)",95c962e6b6104b209168c544dff9eb23,40,Work,f896d2392ee044a28d267912a4cc06ae,33,Work
2394,03/10/2020T15:00:00 ,2020-03-10,OW ICT,"(4038124.8254480036, 2950113.3998562694)",2f241ecb700f43109d5945ab1d52bafc,25,Work,f75b7d8a31ed4ea5981d21988b47b7d7,41,Work
2394,03/10/2020T15:00:00 ,2020-03-10,OW Finance,"(4023314.6408982556, 2946277.926834426)",66b243af89ea4723a27d7baec81842c2,56,Work,5e2ea49282ef42d4bc53f6cfd3c30f7e,35,Work
2394,03/10/2020T15:00:00 ,2020-03-10,OW Finance,"(4029886.132004339, 2940983.312252022)",81fd1137e31d4dea8c1a63b4c6607461,32,Work,c0d42b2b0ce64e9bae1ef8e582000fb9,20,Work
2394,03/10/2020T15:00:00 ,2020-03-10,Medical,"(4040550.810725588, 2950778.512874801)",4f466d2411294372a120b216d321a6c8,53,Work,dfd2862ba5cb49949171a61f8d5a4df5,48,Medical
2394,03/10/2020T15:00:00 ,2020-03-10,Indoor Sport,"(4050206.9476461597, 2951923.276650936)",b3f0e6eb217f47868d55b1d814d7de0e,43,Indoor Sport,05d53a720d0f455688ddc04b2ed1bf8a,22,Work
2395,03/10/2020T15:10:00 ,2020-03-10,Care Home,"(4039528.9994623875, 2952253.717866595)",8f4903b675cf42449d5eb091840c467f,44,Work,14f47bc2381d4875baab360bb57a3a5a,93,House
2395,03/10/2020T15:10:00 ,2020-03-10,OW ICT,"(4038124.8254480036, 2950113.3998562694)",1fb6354d69e14a0a9c39fe5f7e0e7882,28,Work,793639161d3245fbbfd534a30a017ccc,41,Work
2395,03/10/2020T15:10:00 ,2020-03-10,OW ICT,"(4038124.8254480036, 2950113.3998562694)",28bdc4029b0847c3b7e1e85786ea6540,59,Work,81190d5ba89d4925bbdcaf852247e184,55,Work
2395,03/10/2020T15:10:00 ,2020-03-10,OW ICT,"(4038124.8254480036, 2950113.3998562694)",1296e011be08406b95fa70f9478b541f,37,Work,1451b29279a74774968ba087a9f96b3b,46,Work
2395,03/10/2020T15:10:00 ,2020-03-10,OW Finance,"(4044087.0435225195, 2951850.7264003935)",65106b2d9b7c486fb5ae9ad5fb533912,50,Work,200e26a250454633818a97054a95c5ba,7,Work
2395,03/10/2020T15:10:00 ,2020-03-10,OW Finance,"(4029886.132004339, 2940983.312252022)",8185544b1a5b422ebff188ea1b4e0e55,43,Work,39f71ab28b1e4d2a8a932c245b99c921,59,Work
2395,03/10/2020T15:10:00 ,2020-03-10,OW Finance,"(4029886.132004339, 2940983.312252022)",07e9fafb088f4b21af9598f148c1ea42,50,Work,71afc68dd8e441c090577e807d159fb6,25,Work
2395,03/10/2020T15:10:00 ,2020-03-10,OW Administration,"(4037093.952595035, 2937035.4484564867)",c01de23d569f4526855146c9c0a64d13,29,Work,bd08648f7c394cbdb83b3a0652478568,37,Work
2396,03/10/2020T15:20:00 ,2020-03-10,OW Manufacturing,"(4041994.9357273723, 2949416.2223347416)",a1fd9600c1b9489b8d43db4cff1a4216,46,Work,f3e80532c5ae493e871ceb22151dae70,44,Work
2396,03/10/2020T15:20:00 ,2020-03-10,OW Transport,"(4055931.5178130977, 2950463.4801956057)",76598a8ed9264d1ca1ebe2174f2051f8,30,Work,2bd55b16c60c4619a9b6a4dd8ee24640,55,Work
2396,03/10/2020T15:20:00 ,2020-03-10,OW Finance,"(4029886.132004339, 2940983.312252022)",78cdc5a8f5f8483bb7b89c7d986227e4,22,Work,93fdb38af89d4c0fb284480a0eb27522,23,Work
2396,03/10/2020T15:20:00 ,2020-03-10,OW Finance,"(4029886.132004339, 2940983.312252022)",2fe9de87f36944c68de4ba061ed1b591,37,Work,d683fb381ae74f85a1783a323cc7fc9b,48,Work
2396,03/10/2020T15:20:00 ,2020-03-10,Hotel,"(4039845.6103672986, 2941449.460067877)",a99dee8deab64bf2b0bb7b2ce95c50e0,55,Work,c05135f78ead4ee2a3cd672af23d6ac9,40,Work
2397,03/10/2020T15:30:00 ,2020-03-10,Care Home,"(4039528.9994623875, 2952253.717866595)",5ebf6031d33d4b6bb96f33a6b25d6b23,50,Work,59a4f571e24c439fb67dff0389b23502,56,Work
2397,03/10/2020T15:30:00 ,2020-03-10,OW Transport,"(4055931.5178130977, 2950463.4801956057)",534a7f20705a4b8b925ba1ce623af779,31,Work,643ed4e06c3c45d4a7a3c1468a316c27,34,Work
2397,03/10/2020T15:30:00 ,2020-03-10,OW Finance,"(4029886.132004339, 2940983.312252022)",a26817bcba0b4a9896139e8f07783646,46,Work,578753d001c74f979172a5b85867322e,54,Work
2397,03/10/2020T15:30:00 ,2020-03-10,OW Administration,"(4037093.952595035, 2937035.4484564867)",5b2bb63fe3b14df1ae908638156b99f9,59,Work,b40b51c1091647259158311d7f3c8787,24,Work
2397,03/10/2020T15:30:00 ,2020-03-10,OW Administration,"(4037093.952595035, 2937035.4484564867)",f885a9f5f19c48b68dc5450ac1f1144e,21,Work,e41009826032420891a9e838ba31a5c1,37,Work
2397,03/10/2020T15:30:00 ,2020-03-10,Hotel,"(4039845.6103672986, 2941449.460067877)",bbd3081ff211452d8c1a2fb1497fc9e7,36,Work,be465664aa774b48b88bc73956074f83,33,Work
2398,03/10/2020T15:40:00 ,2020-03-10,OW Manufacturing,"(4033152.122280112, 2937616.4047832955)",0486990550874829a1882abb47d1efe9,46,Work,fe17e89921d247a4afeb8a79d0ba85b6,23,Work
2398,03/10/2020T15:40:00 ,2020-03-10,OW Manufacturing,"(4033152.122280112, 2937616.4047832955)",920e9d562f2e462d874dcc7df4a79337,54,Work,05cf0d4a803d4ae4bbdda500be9f123d,39,Work
2398,03/10/2020T15:40:00 ,2020-03-10,OW Finance,"(4029886.132004339, 2940983.312252022)",01797bb02002471aabcd55e57c1fc20e,38,Work,8937a0b019ed4703b10f802fddc0fac7,26,Work
2398,03/10/2020T15:40:00 ,2020-03-10,OW Finance,"(4029886.132004339, 2940983.312252022)",d914d4f349f54d98b01e79d0fbd15a57,57,Work,b98e389175754e4d9065941c09b180b8,21,Work
2398,03/10/2020T15:40:00 ,2020-03-10,OW Finance,"(4029886.132004339, 2940983.312252022)",865596fdd00447e8b0911337099430c5,30,Work,9d2ed56fca96423091534741545cebfa,20,Work
2398,03/10/2020T15:40:00 ,2020-03-10,OW Administration,"(4037093.952595035, 2937035.4484564867)",3021e15635e74a8d8b261202b3b553ab,63,Work,44797d2625e94e77930abaf2bc45c9f1,68,Work
2399,03/10/2020T15:50:00 ,2020-03-10,Care Home,"(4039528.9994623875, 2952253.717866595)",b3f1aee25b5046d088506f3d20264fcc,38,Work,d3ddcce71c584b35b407266dae80b41f,60,Work
2399,03/10/2020T15:50:00 ,2020-03-10,OW Transport,"(4055931.5178130977, 2950463.4801956057)",b10d8067e13448c3b12439abf2756676,32,Work,f6bfb45efd9145cd92fbbbd90756e5bc,49,Work
2399,03/10/2020T15:50:00 ,2020-03-10,OW ICT,"(4038124.8254480036, 2950113.3998562694)",9c7e2786a75f43e3bd40cb3305a5419a,51,Work,d9e70badf1a24e3ea20c587aed58c045,47,Work
2399,03/10/2020T15:50:00 ,2020-03-10,OW Finance,"(4029886.132004339, 2940983.312252022)",4f5e386588344a69a49c742980e8e194,25,Work,f79f63bfec144e7d8c84d970d4616fb3,52,Work
2399,03/10/2020T15:50:00 ,2020-03-10,Shop,"(4035835.5297417524, 2951371.855012576)",bd519e75e1764874809e7c572b1e6148,28,Work,d7fad502c58b4dd6a81e9e5c0d43fb5d,31,Work
2399,03/10/2020T15:50:00 ,2020-03-10,Indoor Sport,"(4050206.9476461597, 2951923.276650936)",182c582ef4584208b50c1544f2492d6a,23,Work,4301fad4c98c4417b64e6dd6c24b36b0,22,Work
2400,03/10/2020T16:00:00 ,2020-03-10,Care Home,"(4039528.9994623875, 2952253.717866595)",c39029f82ac2479683d1b4fa98a51c8f,54,Work,17c0511597bb4e0aa4d457264d82d0ee,92,House
2400,03/10/2020T16:00:00 ,2020-03-10,OW Manufacturing,"(4033152.122280112, 2937616.4047832955)",440237abcd4c43d2b5d2702102407081,37,Work,1f290174cf5b4d428f3ce5de1034737f,48,Work
2400,03/10/2020T16:00:00 ,2020-03-10,OW Transport,"(4055931.5178130977, 2950463.4801956057)",f4d93f9939ca4c7ab58fac1231c73624,61,Work,268de597c0a34fd8b95dad45b3a5486d,49,Work
2400,03/10/2020T16:00:00 ,2020-03-10,OW Transport,"(4055931.5178130977, 2950463.4801956057)",d4278949826f4304a6ff1cd74bdf2c7e,35,Work,4c5ae22782534f40a617b69b239cfe0c,43,Work
2400,03/10/2020T16:00:00 ,2020-03-10,OW Finance,"(4044087.0435225195, 2951850.7264003935)",3ce793b5f2544d9ab40aa76b4faf277b,22,Work,56d1fc2cbf564d48bfc0c2df7d64353f,43,Work
2400,03/10/2020T16:00:00 ,2020-03-10,OW Administration,"(4037093.952595035, 2937035.4484564867)",8599ecd9d50d4d7e9353a66f15f77861,26,Work,234de8c397a74ae1bc560d53d28ae18a,28,Work
2400,03/10/2020T16:00:00 ,2020-03-10,Hotel,"(4039845.6103672986, 2941449.460067877)",ba9816f85f7544dd83cbb0070b3e62db,23,Work,ec5c12a948af48cb8279a57be8533326,31,Work
2400,03/10/2020T16:00:00 ,2020-03-10,Indoor Sport,"(4050206.9476461597, 2951923.276650936)",0104b79032f74a0ba6549798b62d880c,36,Work,51574f9c7a0d452d97010985056c55b9,46,Work
2401,03/10/2020T16:10:00 ,2020-03-10,OW Finance,"(4029886.132004339, 2940983.312252022)",43b7994ebf714a319a56151cafbec4da,22,Work,e15dd65dfbd5480280ed41e16b36753f,43,Work
2401,03/10/2020T16:10:00 ,2020-03-10,OW Administration,"(4037093.952595035, 2937035.4484564867)",c9ff3c3c8dc94b9097b50a89d5df6ad4,22,Work,07bd266b276144c9945c5af2e2b79851,23,Work
2401,03/10/2020T16:10:00 ,2020-03-10,Hotel,"(4039845.6103672986, 2941449.460067877)",5be08c15a9c04e798f6854a1b414087a,44,Work,2cf5e89620b94159836c6e47d5929ebc,38,Work
2401,03/10/2020T16:10:00 ,2020-03-10,Hotel,"(4039845.6103672986, 2941449.460067877)",e5466bb4a663428f8b31257af901eb53,45,Work,a176b0fa816d4da5b23cfcbc238b4529,42,Work
2402,03/10/2020T16:20:00 ,2020-03-10,OW Manufacturing,"(4033152.122280112, 2937616.4047832955)",a6c7aea24be5483daa1f10cf2d5dabc1,28,Work,3d569ca2aeba4c9aaaa3d228ff02ed7e,47,Work
2402,03/10/2020T16:20:00 ,2020-03-10,OW Finance,"(4023314.6408982556, 2946277.926834426)",516cbc51dc0e472daf9afdb30bcb1fd7,33,Work,678291be413e409ea4d968338fb6e0da,38,Work
2402,03/10/2020T16:20:00 ,2020-03-10,OW Finance,"(4029886.132004339, 2940983.312252022)",bbd0f5fc23404089be27096a0011a840,54,Work,993c081f97604707984fcbc61be351d3,26,Work
2402,03/10/2020T16:20:00 ,2020-03-10,OW Administration,"(4037093.952595035, 2937035.4484564867)",1f5c838d54c241d3bfcaa3651b33006e,36,Work,b5a43b8e20ee4a95a1754bb8c73b5809,19,Work
2402,03/10/2020T16:20:00 ,2020-03-10,OW Other Services,"(4041043.900585172, 2952821.0993778985)",593c338c713f45529dce4986d5388fed,21,Work,474385f39a4a4f5099ab0930744fd862,54,Work
2402,03/10/2020T16:20:00 ,2020-03-10,Indoor Sport,"(4050206.9476461597, 2951923.276650936)",cdbd5cd2e5b24df4aad3e2dcd4693e60,58,Work,e7873f9d3d7044d1bde437c1211b95f9,35,Work
2402,03/10/2020T16:20:00 ,2020-03-10,Indoor Sport,"(4050206.9476461597, 2951923.276650936)",7552f832d30a4f4ea735b14e9e4549d9,32,Work,906fd2e55219432488bb109c178164a0,33,Work
2403,03/10/2020T16:30:00 ,2020-03-10,OW Manufacturing,"(4041994.9357273723, 2949416.2223347416)",e93ec492dbc041a59d5ed9a9eaf9b64a,26,Work,faf9162e4a7c44e2bea75fde0b741163,61,Work
2403,03/10/2020T16:30:00 ,2020-03-10,OW Finance,"(4044087.0435225195, 2951850.7264003935)",03fa6a36c44d44ef9f1ca5163aa3aeb9,47,Work,200e26a250454633818a97054a95c5ba,7,Work
2403,03/10/2020T16:30:00 ,2020-03-10,OW Finance,"(4023314.6408982556, 2946277.926834426)",1affb5ef1088444982b0537816265618,51,Work,33080df3c9aa46e9a228b794ca216f53,40,Work
2403,03/10/2020T16:30:00 ,2020-03-10,Hospital,"(4041018.9862266188, 2978524.81136002)",1988f4751db248e58e2672f9fa47815c,59,Work,ee4e93e2030e4bfaa70d31a1a59d90ce,36,Work
2404,03/10/2020T16:40:00 ,2020-03-10,Care Home,"(4039528.9994623875, 2952253.717866595)",6f5f116f28c9471aba146642e972f2db,49,Work,517c6a167bd94fea8abee02bbeb36992,95,House
2404,03/10/2020T16:40:00 ,2020-03-10,OW Finance,"(4029886.132004339, 2940983.312252022)",cd53c6a7c49b4b9783e49933a511a1eb,24,Work,f354711d527440b4869a1a6bf5eb2a3b,49,Work
2404,03/10/2020T16:40:00 ,2020-03-10,OW Finance,"(4029886.132004339, 2940983.312252022)",1acc1f3549db45f7be78169426440215,21,Work,8ed19edfefdf418c910a86cf0d79a17d,36,Work
2405,03/10/2020T16:50:00 ,2020-03-10,Hotel,"(4039845.6103672986, 2941449.460067877)",8712d947b96e42f98b8f0fa914ce6bc4,39,Work,47782099da5c456494ab7acd096bd963,49,Work
2406,03/10/2020T17:00:00 ,2020-03-10,OW Finance,"(4029886.132004339, 2940983.312252022)",96bf8cd1bf0945f98857070357f02fc7,37,Work,74d15a3f5c974a498c313325505bceed,55,Work
2406,03/10/2020T17:00:00 ,2020-03-10,Hotel,"(4039845.6103672986, 2941449.460067877)",3f01c6c7f1574b188b9bc9fb2bf12dba,34,Work,309fd12ee55a46db9f5940d18a0c5bac,54,Work
2406,03/10/2020T17:00:00 ,2020-03-10,House,"(4041721.7279350115, 2953369.4434525487)",fde6750a31bc42eb9e698f552f23e36a,48,House,125319fa9a9b401da2bf1f4b4fcd2890,21,House
2407,03/10/2020T17:10:00 ,2020-03-10,Care Home,"(4039528.9994623875, 2952253.717866595)",94340278acb0420aac2009fe50d07105,34,Work,591c45c1c15b43699353e243530acbdf,95,House
2407,03/10/2020T17:10:00 ,2020-03-10,OW Manufacturing,"(4033152.122280112, 2937616.4047832955)",2d9ff7f99b934d8fb4210178852da31d,48,Work,a74076ab74e94e07a9033a5a5138e56e,55,Work
2407,03/10/2020T17:10:00 ,2020-03-10,Hotel,"(4039845.6103672986, 2941449.460067877)",c0eda1039847495981d579b4fa8c07b2,22,Work,f71021d928b14d1dbbb51b2463f00957,37,Work
2408,03/10/2020T17:20:00 ,2020-03-10,Shop,"(4035835.5297417524, 2951371.855012576)",303d812c855b4dd7aea670394f9b817a,51,Work,ab5e5ff1ac174694a6fea74b080086cb,21,Work
2411,03/10/2020T17:50:00 ,2020-03-10,OW Manufacturing,"(4033152.122280112, 2937616.4047832955)",b5d7b3082b1d4e40969f31f8958db1a6,62,Work,1f290174cf5b4d428f3ce5de1034737f,48,Work
2416,03/10/2020T18:40:00 ,2020-03-10,OW Manufacturing,"(4033152.122280112, 2937616.4047832955)",96a04c56322b4b669277fe76ac22984e,54,Work,c4f2db6ca21c47d4821b060375839835,49,Work
2416,03/10/2020T18:40:00 ,2020-03-10,Indoor Sport,"(4019880.958581018, 2946276.85752558)",cc7dfcdb7c6e4840828c53fe5cd89ee1,18,Indoor Sport,133e2467ac9c4691bd3e84fc1838a768,25,Indoor Sport
2417,03/10/2020T18:50:00 ,2020-03-10,OW Manufacturing,"(4041994.9357273723, 2949416.2223347416)",b8526e489fc34e03864e76affa18342a,43,Work,94f194dce2f9420c8e35993c8593b652,33,Work
2418,03/10/2020T19:00:00 ,2020-03-10,House,"(4034209.7229210855, 2938496.943195321)",a69bba7b2cd24c80a1d9132178cb0028,78,House,a1a99aa684364e4589359337a5897c90,22,Visit
2421,03/10/2020T19:30:00 ,2020-03-10,Indoor Sport,"(4019880.958581018, 2946276.85752558)",51871d7a16b04dbf8d71b4a1f9aff7f2,25,Indoor Sport,133e2467ac9c4691bd3e84fc1838a768,25,Indoor Sport
2422,03/10/2020T19:40:00 ,2020-03-10,OW Manufacturing,"(4033152.122280112, 2937616.4047832955)",741ba2a4ffc14437a0096847ad5c4945,41,Work,b8d272abb47e4abfa4c199c90cfa1f52,42,Work
2423,03/10/2020T19:50:00 ,2020-03-10,House,"(4050372.2750598593, 2962108.7691766834)",5bcfd5fd77554597b96daae7c8715b3a,29,House,9fff9d9e477a4acd9aa9a8fa21a441cb,27,House
2424,03/10/2020T20:00:00 ,2020-03-10,Cinema or Theatre,"(4054162.863186943, 2964086.570923044)",fadf7858655c46c9b35c8a166b5f57b7,48,Cinema or Theatre,30f501fd65934ef79ffc898b1e6f2f3c,41,Cinema or Theatre
2429,03/10/2020T20:50:00 ,2020-03-10,Cinema or Theatre,"(4039544.103704769, 2952649.7747523347)",f74a16e34faa440eb4f64614a3ebced0,69,Cinema or Theatre,300b89980356407ea9079b394610d382,28,Cinema or Theatre
2429,03/10/2020T20:50:00 ,2020-03-10,House,"(4029320.158244926, 2940931.57994878)",e86b9cbafd7649f6adb974ea7dc7673c,54,House,82634ae35e42460c9b219c52a0199bef,29,House
2431,03/10/2020T21:10:00 ,2020-03-10,Cinema or Theatre,"(4054162.863186943, 2964086.570923044)",29cc576fe79f4538b4be52662eca3e55,57,Cinema or Theatre,30f501fd65934ef79ffc898b1e6f2f3c,41,Cinema or Theatre
2433,03/10/2020T21:30:00 ,2020-03-10,Restaurant,"(4027949.6683894545, 2941907.6329284525)",fbe1e35d2d4640a99f1848ac10035358,36,Restaurant,100618b4e1874adb87a471a5dfa0e646,38,Restaurant
2438,03/10/2020T22:20:00 ,2020-03-10,House,"(4023943.573196065, 2942290.367513549)",564d223f5bc643068ae5a04089d7729e,12,House,e8fe4c6fc3ad4f8dbbf38722f91717a1,35,House
2444,03/10/2020T23:20:00 ,2020-03-10,House,"(4043994.70106904, 2953975.383752393)",3aa1809533df4b80b07b0b0043d995fa,31,House,49135dc1ae6947ff932bf89befdfb64e,55,House
2448,03/11/2020T00:00:00 ,2020-03-11,House,"(4029320.158244926, 2940931.57994878)",1fdda64d478f488cab09ca7899168f48,44,House,82634ae35e42460c9b219c52a0199bef,29,House
2453,03/11/2020T00:50:00 ,2020-03-11,House,"(4024934.669123156, 2942914.0080463695)",6e2a2b4aee2142a5b412d1ef50a9dd99,28,House,dc457dbad63846ffadccf8e79cf1525d,38,House
2454,03/11/2020T01:00:00 ,2020-03-11,House,"(4040537.5592348007, 2949510.095107256)",1c94b2da816042f98998ac734777d47e,58,House,8591cd779c854290a29d258914409999,43,House
2456,03/11/2020T01:20:00 ,2020-03-11,House,"(4045453.7022411055, 2980782.3092128257)",fe5cca1845be417db1a5d989b94036d9,7,House,685a88d7800442aa95574c44b3f5b1c1,17,House
2456,03/11/2020T01:20:00 ,2020-03-11,House,"(4049654.8373440714, 2956864.9587317524)",89b09d46e5e34ff1a7e2a62bdc66b828,34,House,000713f120344ba1b4d38e848b98ae21,27,House
2464,03/11/2020T02:40:00 ,2020-03-11,House,"(4043084.620559989, 2951609.7615579013)",55f002a5ca954d12b5b276a0595eed2a,51,House,50b13605b96d4e759afb2999418deb08,26,House
2466,03/11/2020T03:00:00 ,2020-03-11,House,"(4053133.504884102, 2940168.667144558)",eedccf022cf94e78bba1dd52c795d817,15,House,a5fb7fbf24ae4b7c82da7a0635906fb8,30,House
2467,03/11/2020T03:10:00 ,2020-03-11,House,"(4040317.5677974517, 2958267.2662061453)",3e18a6f769534c9895e867efc4a313df,14,House,87291c0271fc43319e85401348e04385,3,House
2467,03/11/2020T03:10:00 ,2020-03-11,House,"(4044398.4481084775, 2979557.5298715294)",668da2c739eb45548dedd0f62f680672,54,House,c0d42b2b0ce64e9bae1ef8e582000fb9,20,House
2472,03/11/2020T04:00:00 ,2020-03-11,House,"(4039276.6531394063, 2952890.5839971113)",268739afa04a4184a75744a589aacdb8,37,House,d9e70badf1a24e3ea20c587aed58c045,47,House
2485,03/11/2020T06:10:00 ,2020-03-11,House,"(4039174.2657340514, 2951520.094723758)",012839e710bf4cbca9c27f896f53cd58,37,House,133e2467ac9c4691bd3e84fc1838a768,25,House
2490,03/11/2020T07:00:00 ,2020-03-11,House,"(4045453.7022411055, 2980782.3092128257)",12aa2be0806b4ab9ac18c6841d673c25,3,House,685a88d7800442aa95574c44b3f5b1c1,17,House
2495,03/11/2020T07:50:00 ,2020-03-11,OW Manufacturing,"(4033152.122280112, 2937616.4047832955)",d142a04d946c4a759d46800667b6bd5b,37,Work,abae606d961a4a3d8b1df653be9c3621,31,Work
2495,03/11/2020T07:50:00 ,2020-03-11,OW Manufacturing,"(4033152.122280112, 2937616.4047832955)",4c5956d2f4c647aead9ae42e407f022d,33,Work,098cc26d42f840aa87df6d7a9728f67d,34,Work
2495,03/11/2020T07:50:00 ,2020-03-11,Hotel,"(4039845.6103672986, 2941449.460067877)",cfce4894d8b044e4ae54021198da408b,49,Work,77817ffd7f564ea6a2d7df734eb30ae6,32,Work
2495,03/11/2020T07:50:00 ,2020-03-11,Indoor Sport,"(4050206.9476461597, 2951923.276650936)",944c014191e24694b34c406c74909f9e,50,Work,49508a04bed641a6879dcf2fbaf027be,60,Work
2496,03/11/2020T08:00:00 ,2020-03-11,OW Manufacturing,"(4041994.9357273723, 2949416.2223347416)",67532cc104ad449f97915f9ef71e00ec,2,Work,4783b7e6e7ab4d6ba3cc3e448a8365aa,20,Work
2496,03/11/2020T08:00:00 ,2020-03-11,OW Manufacturing,"(4033152.122280112, 2937616.4047832955)",eeeaf8ab453e423cb48c32d5c2f9d573,39,Work,837a26b79e68487babb41135f7c841a6,45,Work
2496,03/11/2020T08:00:00 ,2020-03-11,OW Finance,"(4023314.6408982556, 2946277.926834426)",b5acb8d86d2a436a848bb3fa00f90228,59,Work,08e2fb2dd4ac4a62a424d327749b0c58,64,Work
2496,03/11/2020T08:00:00 ,2020-03-11,OW Finance,"(4029886.132004339, 2940983.312252022)",8979d27e23c44cc6a5d287cba2a3b198,44,Work,a22c7526a4d44bc384f6e97cba707e30,57,Work
2497,03/11/2020T08:10:00 ,2020-03-11,OW Manufacturing,"(4033152.122280112, 2937616.4047832955)",7730b802b42f4933829b74a809c3aa7f,44,Work,dffac714f8f842588f26d6d45ee3853e,58,Work
2497,03/11/2020T08:10:00 ,2020-03-11,OW Manufacturing,"(4033152.122280112, 2937616.4047832955)",2adaa768877748a68c0c4b12ead70635,31,Work,cbb70386be1840dc958d565884de524a,22,Work
2497,03/11/2020T08:10:00 ,2020-03-11,OW ICT,"(4038124.8254480036, 2950113.3998562694)",9a7942996dd846279f0df07eccad2b5e,55,Work,88d3adf116024e93ac5ca5d2d11c32a9,61,Work
2497,03/11/2020T08:10:00 ,2020-03-11,OW Finance,"(4029886.132004339, 2940983.312252022)",a8657794d40546ee8b1a386ec8c4bd40,33,Work,578753d001c74f979172a5b85867322e,54,Work
2498,03/11/2020T08:20:00 ,2020-03-11,OW Water,"(4033053.181326103, 2934678.575774782)",a11d139765b54d048c6a521c70d63c87,53,Work,532b83e9e4d74b558c26bcdb4cf3c740,46,Work
2498,03/11/2020T08:20:00 ,2020-03-11,OW ICT,"(4038124.8254480036, 2950113.3998562694)",cf96db59a0c9417daffeb54812b45cf2,26,Work,a3f7ee84daa5401e833a7b715e6a7812,31,Work
2498,03/11/2020T08:20:00 ,2020-03-11,OW Administration,"(4037093.952595035, 2937035.4484564867)",c3344847536442e8ba15fdcfb28c98cc,63,Work,cb016b43f4c24e2f9ba29bd1ef97e36d,40,Work
2499,03/11/2020T08:30:00 ,2020-03-11,OW ICT,"(4038124.8254480036, 2950113.3998562694)",2a5ebab9ed034602892d078e76619251,52,Work,21c3a1bb8fdb46c1b043147edcb36abe,55,Work
2499,03/11/2020T08:30:00 ,2020-03-11,OW Finance,"(4023314.6408982556, 2946277.926834426)",475e8bba8ed74159b71bef93e5674614,36,Work,0733ec4506c548c19fbc3fa25b68d598,26,Work
2499,03/11/2020T08:30:00 ,2020-03-11,OW Finance,"(4029886.132004339, 2940983.312252022)",72709feff29b4eea9e323a9d69f1ca5e,33,Work,d7f99c7fe9914d268f6d5b23bba229c7,57,Work
2499,03/11/2020T08:30:00 ,2020-03-11,Hospital,"(4058154.76725065, 2949603.507869995)",b9929495a61c4f6c9c6c22c064eb9a5c,29,Work,b45532970144460197b8421744a0ccb5,82,House
2500,03/11/2020T08:40:00 ,2020-03-11,Care Home,"(4039528.9994623875, 2952253.717866595)",f144ad8f2acf4958b1511fbc0a7fb46a,27,Work,60278611b6334d25b958eee1972cd72e,19,Work
2500,03/11/2020T08:40:00 ,2020-03-11,OW Transport,"(4055931.5178130977, 2950463.4801956057)",08bf3b8056ff4dffb2a74d434581b6c9,37,Work,55b3c4bd21eb4a3dbe7c876791ff4b7f,47,Work
2500,03/11/2020T08:40:00 ,2020-03-11,OW Finance,"(4044087.0435225195, 2951850.7264003935)",c8adb675adeb490e9e960017711bfa4f,52,Work,56d1fc2cbf564d48bfc0c2df7d64353f,43,Work
2500,03/11/2020T08:40:00 ,2020-03-11,OW Finance,"(4029886.132004339, 2940983.312252022)",ddb31908cb054611a43a62b2d0525da8,21,Work,ab740bb8128c41039c45c0c266c5cb17,50,Work
2500,03/11/2020T08:40:00 ,2020-03-11,OW Finance,"(4029886.132004339, 2940983.312252022)",5298049182684072a14dc0856de81d39,33,Work,82b4750d90f1459d9cca0db2efbf219b,46,Work
2500,03/11/2020T08:40:00 ,2020-03-11,OW Administration,"(4037093.952595035, 2937035.4484564867)",1fba387f47f445d5bb5cbddf1bc164c3,52,Work,7da845b534564f1f929af166720f3fe5,43,Work
2500,03/11/2020T08:40:00 ,2020-03-11,Hotel,"(4039845.6103672986, 2941449.460067877)",4abe59fdaaff4e53902840f80ad69fdc,56,Work,d75c241ccd3248d0ac480c8d1ebaf13a,37,Work
2501,03/11/2020T08:50:00 ,2020-03-11,OW Manufacturing,"(4041994.9357273723, 2949416.2223347416)",420b9d2e2b884d528ef86e72255dda6b,30,Work,779f80ba0ca4448b87299d0139f8136d,55,Work
2501,03/11/2020T08:50:00 ,2020-03-11,OW Manufacturing,"(4033152.122280112, 2937616.4047832955)",ea9ae0cacc9b45cc8eee76d0c38f07d4,41,Work,3d569ca2aeba4c9aaaa3d228ff02ed7e,47,Work
2501,03/11/2020T08:50:00 ,2020-03-11,OW ICT,"(4038124.8254480036, 2950113.3998562694)",87685246b75c480181afbf1292956421,46,Work,42a41c33023f47e79e4b29dc000a5ce3,36,Work
2501,03/11/2020T08:50:00 ,2020-03-11,OW Finance,"(4023314.6408982556, 2946277.926834426)",c78cc13e2c61412988c29854621b6d71,37,Work,355f8d0a8df846cbbfa922640723ce75,23,Work
2501,03/11/2020T08:50:00 ,2020-03-11,OW Finance,"(4023314.6408982556, 2946277.926834426)",9d0cc150f4984c6bb87ffb797a47a73f,63,Work,8e32afc3a9c243db913403d2c5bfef01,20,Work
2502,03/11/2020T09:00:00 ,2020-03-11,Care Home,"(4039528.9994623875, 2952253.717866595)",e446568b908b4b5da60988bbcf427080,39,Work,f0de076cdec54af8981b8330c8216372,94,Car
2502,03/11/2020T09:00:00 ,2020-03-11,OW Manufacturing,"(4033152.122280112, 2937616.4047832955)",cffee6716c8c4c41bf05bf913e872715,28,Work,abae606d961a4a3d8b1df653be9c3621,31,Work
2502,03/11/2020T09:00:00 ,2020-03-11,OW Manufacturing,"(4033152.122280112, 2937616.4047832955)",2e36a0e75d6e46778cd2ba57465e8ee2,30,Work,2886e2d5f9714a4ea013656418ee19ce,23,Work
2502,03/11/2020T09:00:00 ,2020-03-11,OW Transport,"(4055931.5178130977, 2950463.4801956057)",71d831b7a5b7448a9b97e8ace96ffed3,56,Work,f3e3649b58af4fc3af6ccb0875360ff0,27,Work
2502,03/11/2020T09:00:00 ,2020-03-11,OW Transport,"(4055931.5178130977, 2950463.4801956057)",3d84ef7aa04a4912986c94b103d91fcb,54,Work,12e90353335c485b919b44b1b61559d3,46,Work
2502,03/11/2020T09:00:00 ,2020-03-11,OW Transport,"(4055931.5178130977, 2950463.4801956057)",6d1040fd4f1f4d7e8f71c2da22a62e0d,45,Work,2654701b1fe34498a6daaa8320230c04,19,Work
2502,03/11/2020T09:00:00 ,2020-03-11,OW ICT,"(4038124.8254480036, 2950113.3998562694)",1c8b57693a4b40559dd14b2afafc4db0,53,Work,99897b04c8824f1c975d8ee541eac024,64,Work
2502,03/11/2020T09:00:00 ,2020-03-11,OW Finance,"(4044087.0435225195, 2951850.7264003935)",24fa03bd67c44790af89b97ca1cdf2c7,22,Work,e7d826acb2834657be019718ad0a5d7a,48,Work
2502,03/11/2020T09:00:00 ,2020-03-11,OW Finance,"(4029886.132004339, 2940983.312252022)",f698bc385f0c41dc95e18b1e54f657c9,18,Work,cf0d4b49325b46708365290cf9a56269,30,Work
2502,03/11/2020T09:00:00 ,2020-03-11,OW Finance,"(4029886.132004339, 2940983.312252022)",0b73d69a558545498b7fe20e52db61a2,35,Work,2ef3c2e7bd6148c0a4c8571d60e4940e,27,Work
2502,03/11/2020T09:00:00 ,2020-03-11,OW Administration,"(4037093.952595035, 2937035.4484564867)",ad88f3b577a04a9bb8c7558d9d12a574,26,Work,1ee101e288384596a18201a6af3d16dd,50,Work
2503,03/11/2020T09:10:00 ,2020-03-11,OW Manufacturing,"(4041994.9357273723, 2949416.2223347416)",be89100adc974295acbaf7f504a63d45,47,Work,da65a822898d4f1a85c5e743cf3b1756,51,Work
2503,03/11/2020T09:10:00 ,2020-03-11,OW Administration,"(4037093.952595035, 2937035.4484564867)",55ba29fd217b4251b9c440c372b7a744,47,Work,a88d01583d4d450f81d5d53efe50ddc1,46,Work
2503,03/11/2020T09:10:00 ,2020-03-11,Hospital,"(4058154.76725065, 2949603.507869995)",d6d74fc9cf3240479f5bece280f65b06,53,Work,5731d496fd374e6eb3a37df970ec0277,39,House
2503,03/11/2020T09:10:00 ,2020-03-11,Secondary School,"(4038231.4573233607, 2941585.605677152)",d5f7fbb3fb7d4d699acc3870a416f9fc,13,School,80ffc50cdb7f4c2ebf61a07026b7612f,14,School
2504,03/11/2020T09:20:00 ,2020-03-11,OW Water,"(4033053.181326103, 2934678.575774782)",0baa537c6e0b4cf39cb72ef3618f15c3,42,Work,532b83e9e4d74b558c26bcdb4cf3c740,46,Work
2504,03/11/2020T09:20:00 ,2020-03-11,OW ICT,"(4038124.8254480036, 2950113.3998562694)",a6e5e385b59743cf941c6dcf31f8f19f,24,Work,1451b29279a74774968ba087a9f96b3b,46,Work
2504,03/11/2020T09:20:00 ,2020-03-11,OW Finance,"(4029886.132004339, 2940983.312252022)",69ca9da2ec154d93bead3deb24d0b7ea,28,Work,aded25e35b064c22964a51ce23be20fd,26,Work
2504,03/11/2020T09:20:00 ,2020-03-11,OW Finance,"(4029886.132004339, 2940983.312252022)",dd4b0fed34d242e699b03a0f9e97b279,39,Work,27f04bba406d47eba962361312f3b391,45,Work
2504,03/11/2020T09:20:00 ,2020-03-11,Indoor Sport,"(4050206.9476461597, 2951923.276650936)",1bae69fbea444ae0a79c6f376461ee24,41,Work,274267155d684e45be24db80dde80f2e,30,Work
2505,03/11/2020T09:30:00 ,2020-03-11,Care Home,"(4039528.9994623875, 2952253.717866595)",de4c04945b8545bbac2674e613917273,39,Work,5d3102ad3bb9464fa0b6f1620daeee21,57,Work
2505,03/11/2020T09:30:00 ,2020-03-11,OW Finance,"(4029886.132004339, 2940983.312252022)",2772e2121708401fbb4dd2a777fc1825,51,Work,afb89b777cf246f08cca33604c283b03,28,Work
2505,03/11/2020T09:30:00 ,2020-03-11,OW Finance,"(4029886.132004339, 2940983.312252022)",067ca81c3fed4031a272209fa26cf4d6,56,Work,ed231a5b53b34524badad790ac4c5a5b,61,Work
2505,03/11/2020T09:30:00 ,2020-03-11,OW Administration,"(4037093.952595035, 2937035.4484564867)",65630087944844578b8acb296092d040,36,Work,83011bbb8139441fa462b778d9159bc6,39,Work
2505,03/11/2020T09:30:00 ,2020-03-11,Indoor Sport,"(4050206.9476461597, 2951923.276650936)",de05894e8c2d44eba5a81fa4505db4de,37,Work,eebf41f8e11f4415997b816df22f67be,40,Work
2506,03/11/2020T09:40:00 ,2020-03-11,OW Manufacturing,"(4033152.122280112, 2937616.4047832955)",3c86fc45261847dc95041107fa0974ac,26,Work,12b068eaaad64323bd3befaa443aa817,33,Work
2506,03/11/2020T09:40:00 ,2020-03-11,OW ICT,"(4038124.8254480036, 2950113.3998562694)",fad6198c59344100afeefa1108e04d28,36,Work,bf1098abe57b434596ea46682f2aa1e7,37,Work
2506,03/11/2020T09:40:00 ,2020-03-11,OW Finance,"(4023314.6408982556, 2946277.926834426)",14b519c40ea649b58865b0eb77636f5e,59,Work,6030769fb4864ef69cd04942690c8798,53,Work
2506,03/11/2020T09:40:00 ,2020-03-11,OW Administration,"(4037093.952595035, 2937035.4484564867)",a834d2609059458a8af59cd0874607bf,23,Work,b5a43b8e20ee4a95a1754bb8c73b5809,19,Work
2507,03/11/2020T09:50:00 ,2020-03-11,OW Manufacturing,"(4033152.122280112, 2937616.4047832955)",1b5f7fdd2f22427cbba9c27ab2c2b2e2,32,Work,5f5e4d9ace1e4de38f897c59a9e89bbf,32,Work
2507,03/11/2020T09:50:00 ,2020-03-11,OW Transport,"(4055931.5178130977, 2950463.4801956057)",f74382f811664dea8c7a88a7d06ec0a6,49,Work,eb7be5e91c6d4ac8886f77d4dbb1145b,51,Work
2507,03/11/2020T09:50:00 ,2020-03-11,OW Transport,"(4055931.5178130977, 2950463.4801956057)",0bee48f72343444480c673e235054e85,32,Work,12f91725586c446eba80a422ef48e32b,33,Work
2507,03/11/2020T09:50:00 ,2020-03-11,OW Administration,"(4037093.952595035, 2937035.4484564867)",f4269e8ea3994ea5a09ccffeda4b3052,48,Work,b5a43b8e20ee4a95a1754bb8c73b5809,19,Work
2507,03/11/2020T09:50:00 ,2020-03-11,Hotel,"(4039845.6103672986, 2941449.460067877)",4be5229cab1a4b9a93afa9ec4c371d45,18,Work,ec5c12a948af48cb8279a57be8533326,31,Work
2508,03/11/2020T10:00:00 ,2020-03-11,OW Manufacturing,"(4033152.122280112, 2937616.4047832955)",cf2b1bc19b5f4febb6ef044cac2068cf,36,Work,fe17e89921d247a4afeb8a79d0ba85b6,23,Work
2508,03/11/2020T10:00:00 ,2020-03-11,OW Finance,"(4029886.132004339, 2940983.312252022)",e8314a4353d743009c3d4d636230427e,48,Work,5a2f8de53329422eafd0e89c50c73ffc,36,Work
2508,03/11/2020T10:00:00 ,2020-03-11,OW Finance,"(4029886.132004339, 2940983.312252022)",0f8ce3d2937d454496cec5502e527275,55,Work,3db9432a4c39448583ca91372cf464ee,47,Work
2508,03/11/2020T10:00:00 ,2020-03-11,OW Finance,"(4029886.132004339, 2940983.312252022)",1b41e1391bab49d8a746081672eceb66,48,Work,50b13605b96d4e759afb2999418deb08,26,Work
2508,03/11/2020T10:00:00 ,2020-03-11,Hotel,"(4041905.981629138, 2953161.4380196705)",a6fe37bce3554aecbaf4ff6b0e436096,44,Work,2024ab712d4d40e588e88f5b61b218f0,48,Work
2509,03/11/2020T10:10:00 ,2020-03-11,OW Manufacturing,"(4041994.9357273723, 2949416.2223347416)",54b4a1649d0f4b4594583f0e77ec49ef,67,Work,a8df987c90e34dfdb44a9efbfb6df753,38,Work
2509,03/11/2020T10:10:00 ,2020-03-11,OW Manufacturing,"(4033152.122280112, 2937616.4047832955)",a27c748556d842a6a0f09dff11e12c80,52,Work,6ebd0227fd2046818f54456a77c330c7,35,Work
2509,03/11/2020T10:10:00 ,2020-03-11,OW Manufacturing,"(4033152.122280112, 2937616.4047832955)",5e6ad755a4aa4b75af5b79ebf43b69f1,62,Work,1f290174cf5b4d428f3ce5de1034737f,48,Work
2509,03/11/2020T10:10:00 ,2020-03-11,OW Manufacturing,"(4033152.122280112, 2937616.4047832955)",210ad726db644a86a7dd80129a6b75d6,45,Work,964196e7cb944ddb858597eaadb88ff3,26,Work
2509,03/11/2020T10:10:00 ,2020-03-11,OW ICT,"(4038124.8254480036, 2950113.3998562694)",b2705c7595bc41d58aaae7405c6cc667,39,Work,1ccaefd1a22c4553b7fcb6cbc8f54fff,21,Work
2509,03/11/2020T10:10:00 ,2020-03-11,OW Finance,"(4023314.6408982556, 2946277.926834426)",18065df1495d498ba7f25704ccc95c00,27,Work,84593740532d42bb9b80ad9774966a16,37,Work
2509,03/11/2020T10:10:00 ,2020-03-11,OW Finance,"(4023314.6408982556, 2946277.926834426)",c7e83b61b5ff4aec9e8e6ec5df22f6e9,59,Work,d9257fe39b2f4e93b30535ec81a61ce6,8,Work
2509,03/11/2020T10:10:00 ,2020-03-11,Restaurant,"(4031221.692032112, 2940236.0308193862)",490626f279c749e1bb1ff5f436684078,27,Work,80cda018b35c424fb810e204dae8d442,63,Restaurant
2510,03/11/2020T10:20:00 ,2020-03-11,Care Home,"(4039528.9994623875, 2952253.717866595)",9451722570b44acd8460835b045f4cfb,59,Work,7f12e8e7ff0a490092b13828c6f702ee,28,Work
2510,03/11/2020T10:20:00 ,2020-03-11,OW Finance,"(4023314.6408982556, 2946277.926834426)",fbc427a07bb64241887a87dfb93cc81e,40,Work,c1c63744fb1e4a1facab9e75d8724b03,57,Work
2510,03/11/2020T10:20:00 ,2020-03-11,OW Finance,"(4029886.132004339, 2940983.312252022)",fe5044ae58a94ef7aea1df618f84896e,50,Work,136bf7ea1c4d46deabdd580a0f9ca0b3,57,Work
2510,03/11/2020T10:20:00 ,2020-03-11,Shop,"(4035835.5297417524, 2951371.855012576)",7196c8c26bfa4d79ad9c43634b22613f,31,Work,ab5e5ff1ac174694a6fea74b080086cb,21,Work
2510,03/11/2020T10:20:00 ,2020-03-11,Hotel,"(4041905.981629138, 2953161.4380196705)",56e0510602f944d8be28287326c22eb2,63,Work,2024ab712d4d40e588e88f5b61b218f0,48,Work
2510,03/11/2020T10:20:00 ,2020-03-11,Hotel,"(4039845.6103672986, 2941449.460067877)",592943fdfeaa41eca34997e6c4a28699,52,Work,18d17a7bd4bf420b9bd26aa2434a3850,31,Work
2510,03/11/2020T10:20:00 ,2020-03-11,Indoor Sport,"(4050206.9476461597, 2951923.276650936)",ac126575f4e3427685f00fbe9c5e9ef2,36,Work,de85e2b5dfb44b1c9dbeadf390360d39,49,Work
2511,03/11/2020T10:30:00 ,2020-03-11,OW Manufacturing,"(4033152.122280112, 2937616.4047832955)",0bf827fd160147feb3d87e555f403272,58,Work,dffac714f8f842588f26d6d45ee3853e,58,Work
2511,03/11/2020T10:30:00 ,2020-03-11,OW Manufacturing,"(4033152.122280112, 2937616.4047832955)",c373cf6339784ccda55b86569386cb11,29,Work,a712d36e770a4d28aeafcf8a6c6e4aac,60,Work
2511,03/11/2020T10:30:00 ,2020-03-11,OW Manufacturing,"(4033152.122280112, 2937616.4047832955)",aa4e548b48d543928bc08a441cd1f0d2,22,Work,c4f2db6ca21c47d4821b060375839835,49,Work
2511,03/11/2020T10:30:00 ,2020-03-11,Shop,"(4035835.5297417524, 2951371.855012576)",f38a9adcc0cd4c3ea7ba2a80d7eb71f9,79,Shop,2537368bc1ef4d0ea200d4d06669a37e,45,Work
2512,03/11/2020T10:40:00 ,2020-03-11,OW Manufacturing,"(4033152.122280112, 2937616.4047832955)",b582221b005548cea74d5b05b29c61b8,21,Work,80cbc87f2a6443a69d6d51a84e0e724f,47,Work
2512,03/11/2020T10:40:00 ,2020-03-11,OW Water,"(4033053.181326103, 2934678.575774782)",aa5b083152824567bb4204520c6a832d,34,Work,532b83e9e4d74b558c26bcdb4cf3c740,46,Work
2512,03/11/2020T10:40:00 ,2020-03-11,OW ICT,"(4038124.8254480036, 2950113.3998562694)",f5c8aa9e6a19453ea85da814f111c80f,48,Work,b70d61ff01b948cdbc5ecf870fb80320,47,Work
2512,03/11/2020T10:40:00 ,2020-03-11,Hotel,"(4039845.6103672986, 2941449.460067877)",9ec96ff649a943c195ffcbcd1b256606,25,Work,5051f490dc4849768658c90e98982bff,49,Work
2513,03/11/2020T10:50:00 ,2020-03-11,Hotel,"(4039845.6103672986, 2941449.460067877)",267ab09b1b3a424ea58fe0938759c727,62,Work,90d15304ce1f4c9b9d48b4380261f401,55,Work
2514,03/11/2020T11:00:00 ,2020-03-11,Care Home,"(4039528.9994623875, 2952253.717866595)",ffb0bea1c0904df49fc15107bc631e96,45,Work,c451fe2077cc42a2abe341325721a3c5,95,Outdoor
2514,03/11/2020T11:00:00 ,2020-03-11,Care Home,"(4039528.9994623875, 2952253.717866595)",b8b22f85ef5f423880b26321fc097633,40,Work,f0d1dcc7d57c4c61a2c239de15a2e296,32,Work
2514,03/11/2020T11:00:00 ,2020-03-11,OW ICT,"(4035155.2916662665, 2952573.727983958)",a8cabd6035cc448d8ed25c6cd160c3b2,39,Work,c334007c1073452bb4bcf13c9de39020,20,Work
2514,03/11/2020T11:00:00 ,2020-03-11,Shop,"(4035835.5297417524, 2951371.855012576)",929c05fdbe284fdea4a7894075586828,40,Work,a6519e77c7c647029664cf6cc8935e79,34,Work
2514,03/11/2020T11:00:00 ,2020-03-11,Indoor Sport,"(4050206.9476461597, 2951923.276650936)",33dbacc5ce58414483081dce6f1c36d5,18,Work,cdad46860ad24ff9988740e39e23fe90,51,Work
2515,03/11/2020T11:10:00 ,2020-03-11,OW Manufacturing,"(4033152.122280112, 2937616.4047832955)",792a82c0840a44f3b19924991ab088e0,27,Work,05cf0d4a803d4ae4bbdda500be9f123d,39,Work
2515,03/11/2020T11:10:00 ,2020-03-11,OW Manufacturing,"(4033152.122280112, 2937616.4047832955)",588c2e5ca66842298414290d9063a508,29,Work,3d25bf074833476caa464792879fc9b1,62,Work
2515,03/11/2020T11:10:00 ,2020-03-11,OW Transport,"(4055931.5178130977, 2950463.4801956057)",cc1695476df840f39f511995de16cc0f,20,Work,4ed0e4dbc3bd4b90bd1f135e138abb54,50,Work
2515,03/11/2020T11:10:00 ,2020-03-11,OW Finance,"(4023314.6408982556, 2946277.926834426)",e4ac8bfd4c0b41779f94e7501434b5dc,34,Work,58ea1080648a4786a9a6b2b14d984eaf,33,Work
2515,03/11/2020T11:10:00 ,2020-03-11,Indoor Sport,"(4050206.9476461597, 2951923.276650936)",babf9a3127174d28bed35ac63f9e0759,57,Work,51574f9c7a0d452d97010985056c55b9,46,Work
2515,03/11/2020T11:10:00 ,2020-03-11,Indoor Sport,"(4050206.9476461597, 2951923.276650936)",f7fca76b2f0f44d38a1f5f68ab70b600,38,Work,eebf41f8e11f4415997b816df22f67be,40,Work
2516,03/11/2020T11:20:00 ,2020-03-11,OW Manufacturing,"(4041994.9357273723, 2949416.2223347416)",933219824f7b43f29a35d182f111178e,22,Work,478be899b9d04fcd888e274ca568da02,42,Work
2516,03/11/2020T11:20:00 ,2020-03-11,OW Manufacturing,"(4033152.122280112, 2937616.4047832955)",c57298261fb14f1ea116fdc76de3f1ec,58,Work,8be191d758a04de8a6b61342d6a57eac,44,Work
2516,03/11/2020T11:20:00 ,2020-03-11,OW Finance,"(4023314.6408982556, 2946277.926834426)",07c7e5ba39bd4f519a7278972a8eded8,53,Work,ccaf49a70ba54c828c224d7efb024889,29,Work
2516,03/11/2020T11:20:00 ,2020-03-11,OW Finance,"(4023314.6408982556, 2946277.926834426)",18f08da911384879b88931ed924f5ff1,42,Work,6030769fb4864ef69cd04942690c8798,53,Work
2516,03/11/2020T11:20:00 ,2020-03-11,OW Administration,"(4037093.952595035, 2937035.4484564867)",509f328eb5704a9193b31e28a119248f,32,Work,cb016b43f4c24e2f9ba29bd1ef97e36d,40,Work
2516,03/11/2020T11:20:00 ,2020-03-11,Shop,"(4035835.5297417524, 2951371.855012576)",14c9ea6423744876a84ee71b14771aea,34,Work,a6519e77c7c647029664cf6cc8935e79,34,Work
2516,03/11/2020T11:20:00 ,2020-03-11,Indoor Sport,"(4050206.9476461597, 2951923.276650936)",be67712182ae41f2bed8ec5fe9ad1108,29,Work,a62fdfd4e5864371adbd4d09e44a0749,50,Work
2517,03/11/2020T11:30:00 ,2020-03-11,Care Home,"(4039528.9994623875, 2952253.717866595)",fab3deb5d0ae41789ea794675fd0ab85,61,Work,38773b47053b4687b9ff1b3a8bf53bd9,40,Work
2517,03/11/2020T11:30:00 ,2020-03-11,OW Manufacturing,"(4033152.122280112, 2937616.4047832955)",d0c7c3323dd74ced8e0e162fa0d3c934,56,Work,a40af36a72934ac38bca2e743c9d1362,18,Work
2517,03/11/2020T11:30:00 ,2020-03-11,OW Finance,"(4044087.0435225195, 2951850.7264003935)",0763449cfa8f4f569158467fc94cf75d,29,Work,e7d826acb2834657be019718ad0a5d7a,48,Work
2517,03/11/2020T11:30:00 ,2020-03-11,OW Finance,"(4029886.132004339, 2940983.312252022)",7bc79c6388c944418ee22dd50ab768db,33,Work,7f6dc7a3c2d64e5296ee446325710f5e,34,Work
2518,03/11/2020T11:40:00 ,2020-03-11,OW Manufacturing,"(4041994.9357273723, 2949416.2223347416)",85efacfcd5534ed1ae2bc3c303f43852,54,Work,3c4b681bd1fd4a57bd984df81c4f95a4,26,Work
2518,03/11/2020T11:40:00 ,2020-03-11,OW Manufacturing,"(4033152.122280112, 2937616.4047832955)",707f908078b14b0e8c5a4780efaf460e,52,Work,299fb404c7a1430fbecff545d14d8b3a,39,Work
2518,03/11/2020T11:40:00 ,2020-03-11,OW ICT,"(4035155.2916662665, 2952573.727983958)",84011e7f54424c4fa37267823899aa92,27,Work,c334007c1073452bb4bcf13c9de39020,20,Work
2518,03/11/2020T11:40:00 ,2020-03-11,OW Administration,"(4037093.952595035, 2937035.4484564867)",854a957530bf49c3b4f0d391a3ed9bab,22,Work,83011bbb8139441fa462b778d9159bc6,39,Work
2518,03/11/2020T11:40:00 ,2020-03-11,Shop,"(4035835.5297417524, 2951371.855012576)",5d1ce573821e4043aeed702878fb30a8,55,Work,1f1eb8c51427425a987a389a48b345ca,21,Work
2518,03/11/2020T11:40:00 ,2020-03-11,Hotel,"(4039845.6103672986, 2941449.460067877)",f81d1aa91052414ea7749698b5d5b702,39,Work,18d17a7bd4bf420b9bd26aa2434a3850,31,Work
2518,03/11/2020T11:40:00 ,2020-03-11,Primary School,"(4040955.5355510665, 2950723.945915237)",0179e1864fdc4a8bb1d64acb80798bdc,5,School,cec9ba887a514d86a3efe4807a536a7b,11,School
2519,03/11/2020T11:50:00 ,2020-03-11,Care Home,"(4039528.9994623875, 2952253.717866595)",8b706678ccae4265866e3f493fe85e17,53,Work,d5d5cf7fe240426c89284d53f13c0a37,95,House
2519,03/11/2020T11:50:00 ,2020-03-11,OW Manufacturing,"(4041994.9357273723, 2949416.2223347416)",d3bc2732d52d44659bf1cfdf6a0172f8,46,Work,5b0cf9500e774eb8bc603e028624fcf7,58,Work
2519,03/11/2020T11:50:00 ,2020-03-11,OW Manufacturing,"(4033152.122280112, 2937616.4047832955)",5d23953e39034dd18855e826c6807109,54,Work,a7bbf8fe128c4bcc9d58dc0568afc7e9,53,Work
2519,03/11/2020T11:50:00 ,2020-03-11,OW ICT,"(4035155.2916662665, 2952573.727983958)",631e0293aad04bee98f535a1bb7f8973,49,Work,c334007c1073452bb4bcf13c9de39020,20,Work
2519,03/11/2020T11:50:00 ,2020-03-11,OW Finance,"(4044087.0435225195, 2951850.7264003935)",6f929905dc624b4f9137b91f5fba089f,37,Work,200e26a250454633818a97054a95c5ba,7,Work
2519,03/11/2020T11:50:00 ,2020-03-11,OW Finance,"(4023314.6408982556, 2946277.926834426)",7569867681b44628baa114a0a92e90c3,23,Work,3f2198ada7ad4d6e8ac03289603c75b0,48,Work
2519,03/11/2020T11:50:00 ,2020-03-11,OW Finance,"(4029886.132004339, 2940983.312252022)",62b8be45514c4a799e9b13a11d81c98a,33,Work,6cc5fea267d046e3a10d2d6bfac0f7fb,27,Work
2519,03/11/2020T11:50:00 ,2020-03-11,OW Finance,"(4029886.132004339, 2940983.312252022)",20b2f875e9b24e6dbc8085b67217da41,37,Work,82b4750d90f1459d9cca0db2efbf219b,46,Work
2519,03/11/2020T11:50:00 ,2020-03-11,Shop,"(4026138.8109881002, 2945851.965113407)",e7b078e06dc0465b91156a02ba2a4f58,27,Work,98dd882cea884b7b986e7dd09f2c91c1,34,Shop
2519,03/11/2020T11:50:00 ,2020-03-11,Shop,"(4035835.5297417524, 2951371.855012576)",c00c1fe7615344a384d6c99a5ee9efda,64,Work,ab5e5ff1ac174694a6fea74b080086cb,21,Work
2519,03/11/2020T11:50:00 ,2020-03-11,Hotel,"(4039845.6103672986, 2941449.460067877)",7d37b832c4ff4679afde895a7251a19c,53,Work,0b5bb2c47b144436a26d35688044fd37,24,Work
2519,03/11/2020T11:50:00 ,2020-03-11,Indoor Sport,"(4050206.9476461597, 2951923.276650936)",27eb466a1abf46a9aac13b45f513397a,59,Work,2b18827d972140b892f397d667830b37,19,Work
2520,03/11/2020T12:00:00 ,2020-03-11,OW Manufacturing,"(4033152.122280112, 2937616.4047832955)",4dfbe58b8efd44479664b50d1e305717,56,Work,098cc26d42f840aa87df6d7a9728f67d,34,Work
2520,03/11/2020T12:00:00 ,2020-03-11,OW Administration,"(4037093.952595035, 2937035.4484564867)",b95058ee54df4d859c55765601fbbc44,27,Work,f718fc9729c64d9ca4b4532b560325cd,58,Work
2520,03/11/2020T12:00:00 ,2020-03-11,OW Administration,"(4037093.952595035, 2937035.4484564867)",1308840f3c0341d4b38a39106e5f4033,36,Work,e41009826032420891a9e838ba31a5c1,37,Work
2520,03/11/2020T12:00:00 ,2020-03-11,Hotel,"(4039845.6103672986, 2941449.460067877)",2efaa99461f04c3bb4da2e6a1432866f,50,Work,c77f5d7d74904af4a9049324b160f9bc,30,Work
2520,03/11/2020T12:00:00 ,2020-03-11,Indoor Sport,"(4050206.9476461597, 2951923.276650936)",b302e4b769d64d67bde91ce123b49ef1,38,Work,7f4df50979f74aa389b028586d92d7c6,56,Work
2520,03/11/2020T12:00:00 ,2020-03-11,Indoor Sport,"(4050206.9476461597, 2951923.276650936)",49a039fb57cc43c2bfadc23bac6f3afe,49,Work,cafbad97712d49e282fdd08316a2154f,61,Work
2520,03/11/2020T12:00:00 ,2020-03-11,Indoor Sport,"(4050206.9476461597, 2951923.276650936)",b88ddcd931204ce4a0a4d72b37dd2f5b,58,Work,5a8e9211cd9c4a91abadb65f9b03b20c,25,Work
2521,03/11/2020T12:10:00 ,2020-03-11,Care Home,"(4039528.9994623875, 2952253.717866595)",f154751e7df443a0b4ff61dbc4901885,93,House,61b8d0ac12c544979206041f485f70a7,50,Work
2521,03/11/2020T12:10:00 ,2020-03-11,OW Transport,"(4055931.5178130977, 2950463.4801956057)",351b3471b7d8423a90b882611ec9ebeb,44,Work,769443d15a1246e2b46629ccc9fd5af8,46,Work
2521,03/11/2020T12:10:00 ,2020-03-11,OW Finance,"(4029886.132004339, 2940983.312252022)",4462cef8637f4f8dbe3557e9bc4ab09b,48,Work,e2818d7e536f4e7baf35c42e20f03d18,26,Work
2521,03/11/2020T12:10:00 ,2020-03-11,OW Administration,"(4037093.952595035, 2937035.4484564867)",fde9d18da0fd4fb797d44937d6f190c5,30,Work,83011bbb8139441fa462b778d9159bc6,39,Work
2521,03/11/2020T12:10:00 ,2020-03-11,Indoor Sport,"(4050206.9476461597, 2951923.276650936)",df1dbfccb942420bbb964dd9dce8e4d7,28,Work,05d53a720d0f455688ddc04b2ed1bf8a,22,Work
2522,03/11/2020T12:20:00 ,2020-03-11,Care Home,"(4039528.9994623875, 2952253.717866595)",b808d4384ecc40b38417d3e71e0cc162,20,Work,5dad49b537ac4c439c9a2cc5336c861c,95,House
2522,03/11/2020T12:20:00 ,2020-03-11,OW Manufacturing,"(4033152.122280112, 2937616.4047832955)",7122c6ca7c9b484e8ee528ccd1f78ece,24,Work,34f9966b7d6c45f5a1d73fd623cf666a,45,Work
2522,03/11/2020T12:20:00 ,2020-03-11,OW Transport,"(4055931.5178130977, 2950463.4801956057)",61e80f17d43c49729a55fac58278955c,22,Work,937179f2c02748c99405c120a63f8f30,54,Work
2522,03/11/2020T12:20:00 ,2020-03-11,OW Administration,"(4037093.952595035, 2937035.4484564867)",a5141bb13365499db31309562212566f,62,Work,1ee101e288384596a18201a6af3d16dd,50,Work
2522,03/11/2020T12:20:00 ,2020-03-11,Shop,"(4030853.6684093513, 2939596.475549419)",4f10eb8158b243059af087d4c8b1b0ef,57,Work,156e4d529b25430db1dcf3cdcfbd0d5b,62,Work
2523,03/11/2020T12:30:00 ,2020-03-11,OW Finance,"(4044087.0435225195, 2951850.7264003935)",371f531c2d434fe2a0e36667eaff615b,48,Work,e7d826acb2834657be019718ad0a5d7a,48,Work
2523,03/11/2020T12:30:00 ,2020-03-11,OW Administration,"(4037093.952595035, 2937035.4484564867)",85b522260e0b486b9fbf8c1eab2f0e82,22,Work,f718fc9729c64d9ca4b4532b560325cd,58,Work
2523,03/11/2020T12:30:00 ,2020-03-11,Hotel,"(4041905.981629138, 2953161.4380196705)",7a9a5687bb264b208f838789d739aabb,31,Work,2024ab712d4d40e588e88f5b61b218f0,48,Work
2523,03/11/2020T12:30:00 ,2020-03-11,Indoor Sport,"(4050206.9476461597, 2951923.276650936)",729e05c65e574c90955336e70446213c,44,Work,fc22085f0d4b482d8c866c548b53ad84,23,Work
2524,03/11/2020T12:40:00 ,2020-03-11,Restaurant,"(4042716.834716103, 2947859.3061612314)",f92405d6c741464dbd66c3e0d4fffa79,31,Restaurant,7c152f4287ba4513a1baba4751a41150,28,Restaurant
2524,03/11/2020T12:40:00 ,2020-03-11,Indoor Sport,"(4050206.9476461597, 2951923.276650936)",ee491de21c0b49369034293df6e74229,20,Work,1c1b2e318d174cc7aa844bf62cf9e75a,41,Work
2525,03/11/2020T12:50:00 ,2020-03-11,OW Finance,"(4029886.132004339, 2940983.312252022)",9804917c0b64475cac295ffd1330dd42,34,Work,b54e07657bbe4c8a926737056c3b6401,40,Work
2525,03/11/2020T12:50:00 ,2020-03-11,Hotel,"(4039845.6103672986, 2941449.460067877)",6067b85f702249418611df84990908dd,52,Work,c77f5d7d74904af4a9049324b160f9bc,30,Work
2525,03/11/2020T12:50:00 ,2020-03-11,Indoor Sport,"(4050206.9476461597, 2951923.276650936)",cf8c6bffd59f42b6a3f2c236522de2a6,38,Work,9f546dbe16374224b75518e1acaa6ad3,55,Work
2526,03/11/2020T13:00:00 ,2020-03-11,OW Manufacturing,"(4033152.122280112, 2937616.4047832955)",e209cf2759384ccdb242dd445f0dc462,38,Work,18ca6f48728d4267ad4a1f9d93bfac44,18,Work
2527,03/11/2020T13:10:00 ,2020-03-11,Care Home,"(4039528.9994623875, 2952253.717866595)",6ed2e63ee0544cbebe2b6046d86fc01c,43,Work,38773b47053b4687b9ff1b3a8bf53bd9,40,Work
2527,03/11/2020T13:10:00 ,2020-03-11,OW Manufacturing,"(4041994.9357273723, 2949416.2223347416)",8f0efc55d73043568841d9c78b560402,29,Work,05f7c184d02e49d799e36c74556aaa67,39,Work
2527,03/11/2020T13:10:00 ,2020-03-11,OW Transport,"(4055931.5178130977, 2950463.4801956057)",e28a3bc65a5e403ca939886085d8977b,35,Work,12f91725586c446eba80a422ef48e32b,33,Work
2527,03/11/2020T13:10:00 ,2020-03-11,OW Finance,"(4029886.132004339, 2940983.312252022)",681a62306876474191d3b971c60372fc,56,Work,50b13605b96d4e759afb2999418deb08,26,Work
2527,03/11/2020T13:10:00 ,2020-03-11,Indoor Sport,"(4050206.9476461597, 2951923.276650936)",e95348c8228642e7a75a3f5e467db193,45,Work,906fd2e55219432488bb109c178164a0,33,Work
2528,03/11/2020T13:20:00 ,2020-03-11,OW Manufacturing,"(4041994.9357273723, 2949416.2223347416)",d6114b29c7594e58a14e6da41d511c9a,20,Work,76da7e65f08c460e81a3bc4c759f1b6b,40,Work
2528,03/11/2020T13:20:00 ,2020-03-11,OW Manufacturing,"(4041994.9357273723, 2949416.2223347416)",2295f3d96cf645c3bb74ed3777c42233,26,Work,acb9b7c411604822bfbd2ca7806e4bf4,26,Work
2528,03/11/2020T13:20:00 ,2020-03-11,OW Manufacturing,"(4029131.0862367842, 2991358.317873216)",3957f84e3fa94fc48dd8101002664794,53,Work,685a88d7800442aa95574c44b3f5b1c1,17,Work
2528,03/11/2020T13:20:00 ,2020-03-11,OW Finance,"(4029886.132004339, 2940983.312252022)",4eb583895cde431aaf9b6751a35adc9d,45,Work,de1f51956ce946e9a4c94a1908cda23a,61,Work
2529,03/11/2020T13:30:00 ,2020-03-11,OW Manufacturing,"(4033152.122280112, 2937616.4047832955)",b28bc7c7ba384ad5ad0e1898ef163180,40,Work,a7997cfc8aa142b7856c59c8480acff9,34,Work
2529,03/11/2020T13:30:00 ,2020-03-11,Shop,"(4035835.5297417524, 2951371.855012576)",19fd97c185f34057992aea9836c0b598,49,Work,ab5e5ff1ac174694a6fea74b080086cb,21,Work
2530,03/11/2020T13:40:00 ,2020-03-11,OW Transport,"(4055931.5178130977, 2950463.4801956057)",8afa4d9ffb86447d9dfc241e1be90e9d,46,Work,b71fa7a3eb7b4382b41cf6ce4745306b,31,Work
2530,03/11/2020T13:40:00 ,2020-03-11,Hotel,"(4039845.6103672986, 2941449.460067877)",5f10e42199a4441e9b17585b9b5372c1,23,Work,e3fd046f221b4c1186a48a0805ea40c0,46,Work
2531,03/11/2020T13:50:00 ,2020-03-11,OW Manufacturing,"(4033152.122280112, 2937616.4047832955)",6a001e973cc5445c9b0897df53c16113,53,Work,a5fb7fbf24ae4b7c82da7a0635906fb8,30,Work
2531,03/11/2020T13:50:00 ,2020-03-11,OW Finance,"(4023314.6408982556, 2946277.926834426)",a1d788f2425d46b1b39d70101c5eb387,39,Work,ba19b295897844c6b5d9e33be81b3731,54,Work
2531,03/11/2020T13:50:00 ,2020-03-11,OW Finance,"(4029886.132004339, 2940983.312252022)",c3c3f88851eb4f699002934073e86c36,34,Work,71afc68dd8e441c090577e807d159fb6,25,Work
2531,03/11/2020T13:50:00 ,2020-03-11,Secondary School,"(4023572.0606558337, 2941851.910132927)",99553a4399fd409b9d54e0f17bfe3a88,17,School,0de5a51fb16840f695ea326e20c90ce8,32,School
2532,03/11/2020T14:00:00 ,2020-03-11,OW ICT,"(4038124.8254480036, 2950113.3998562694)",df9771ee4b7a40369016bfbce83d21d6,35,Work,b4b59fc625094488924d2396e6d7948a,29,Work
2532,03/11/2020T14:00:00 ,2020-03-11,OW Finance,"(4044087.0435225195, 2951850.7264003935)",897eabeb1bcd49d3997c1189e13d895f,26,Work,200e26a250454633818a97054a95c5ba,7,Work
2532,03/11/2020T14:00:00 ,2020-03-11,OW Administration,"(4037093.952595035, 2937035.4484564867)",46da4de8c0f64c27b73429a0328d17e6,39,Work,deacd762349b480485124a9bd95d362f,38,Work
2533,03/11/2020T14:10:00 ,2020-03-11,OW Finance,"(4044087.0435225195, 2951850.7264003935)",005dc4ba5644481f9dbe60c6c39aa592,43,Work,e7d826acb2834657be019718ad0a5d7a,48,Work
2533,03/11/2020T14:10:00 ,2020-03-11,OW Finance,"(4029886.132004339, 2940983.312252022)",82568172acde4566a9e607f9348f4e6a,26,Work,8241fd7e0083497eb8fa6fa61c95c7b1,42,Work
2533,03/11/2020T14:10:00 ,2020-03-11,OW Finance,"(4029886.132004339, 2940983.312252022)",dcfae58742744e40b9ddef947d9174ef,34,Work,4bed13798c624b80adfa699b3622deb2,36,Work
2533,03/11/2020T14:10:00 ,2020-03-11,Shop,"(4035835.5297417524, 2951371.855012576)",3aa9ff7f08444c7a9da6b01a57fced25,27,Work,2537368bc1ef4d0ea200d4d06669a37e,45,Work
2533,03/11/2020T14:10:00 ,2020-03-11,Indoor Sport,"(4050206.9476461597, 2951923.276650936)",adecf65f77f24ce48bfae9ea790cda69,31,Work,906fd2e55219432488bb109c178164a0,33,Work
2534,03/11/2020T14:20:00 ,2020-03-11,OW Manufacturing,"(4068332.2126111374, 2961060.5823687455)",ad5607ca142046a589560a4d51f90983,44,Work,2d4fd910ea6545dfa1d971689f3a66d1,26,Work
2534,03/11/2020T14:20:00 ,2020-03-11,OW Finance,"(4023314.6408982556, 2946277.926834426)",49c40112175a41cf93d0ceba6c9be63a,44,Work,08e2fb2dd4ac4a62a424d327749b0c58,64,Work
2534,03/11/2020T14:20:00 ,2020-03-11,OW Administration,"(4037093.952595035, 2937035.4484564867)",6c9ea1fe76524b28ac7ef3a489fa55ca,57,Work,ddd8f438d6c5478d90c93f2a588a94e2,24,Work
2534,03/11/2020T14:20:00 ,2020-03-11,Hotel,"(4039845.6103672986, 2941449.460067877)",ed47a0e6e1a84b3ca53e4ab95e0b79a6,53,Work,b8544bb691c24301b5bf44b6874d1847,32,Work
2534,03/11/2020T14:20:00 ,2020-03-11,Hotel,"(4039845.6103672986, 2941449.460067877)",1773bf15c4fb456eaaa5a44dbad74828,36,Work,f3028acf506b42c88ba2dbc17ea15ddb,39,Work
2534,03/11/2020T14:20:00 ,2020-03-11,Indoor Sport,"(4050206.9476461597, 2951923.276650936)",314bbfd3853840578e8f3368d20d1089,64,Work,a62fdfd4e5864371adbd4d09e44a0749,50,Work
2535,03/11/2020T14:30:00 ,2020-03-11,Care Home,"(4039528.9994623875, 2952253.717866595)",8bc0c0339a2c4034b94664f874558b1c,40,Work,b5b2124333e24d5fb9c3ce7660c2e3e3,58,Work
2535,03/11/2020T14:30:00 ,2020-03-11,OW Finance,"(4029886.132004339, 2940983.312252022)",d24721c1ef334a4091b5d198083f6276,52,Work,1183129cb8f245e29f4ad72222c2f16a,59,Work
2535,03/11/2020T14:30:00 ,2020-03-11,OW Administration,"(4037093.952595035, 2937035.4484564867)",514b6aee8c0e44ae85ed00983dfc7e3b,34,Work,b8dd727c91324c3ab55a9c2983d2d4f2,47,Work
2535,03/11/2020T14:30:00 ,2020-03-11,Hotel,"(4039845.6103672986, 2941449.460067877)",333394abc1eb4064bd9895646f46b7c5,34,Work,ac753b8b6e0942a2876727a16aa60275,30,Work
2536,03/11/2020T14:40:00 ,2020-03-11,Care Home,"(4039528.9994623875, 2952253.717866595)",7818eaf54973470bae28245a5081baf2,30,Work,b4e328f0d31b42ed84cddfd5234ebc76,48,Work
2536,03/11/2020T14:40:00 ,2020-03-11,OW Manufacturing,"(4033152.122280112, 2937616.4047832955)",05529cde24a74b6f93f2fd4fc5f51a05,46,Work,9d1ced335fb8496d989121e3ba062428,59,Work
2536,03/11/2020T14:40:00 ,2020-03-11,OW Transport,"(4055931.5178130977, 2950463.4801956057)",c0f8aa515b9341b0be6e56ea63b996e9,35,Work,6cbab4f33b834cf9a3567287800495e9,63,Work
2536,03/11/2020T14:40:00 ,2020-03-11,OW Finance,"(4023314.6408982556, 2946277.926834426)",51725a80336447e7976155d7e66e5f42,59,Work,9b22bee84620464da3ddcae0dab68e5b,49,Work
2536,03/11/2020T14:40:00 ,2020-03-11,OW Administration,"(4037093.952595035, 2937035.4484564867)",c1a656334322478a9831ee81fa1efd9e,35,Work,deacd762349b480485124a9bd95d362f,38,Work
2536,03/11/2020T14:40:00 ,2020-03-11,Hotel,"(4039845.6103672986, 2941449.460067877)",f70690772c6b4cad827c5db6ab528a57,28,Work,75f95b839fa84cdc8404186a926ada38,34,Work
2536,03/11/2020T14:40:00 ,2020-03-11,Indoor Sport,"(4050206.9476461597, 2951923.276650936)",34f301677f4a47e6acce42635b6691d8,30,Work,4159e22d1ef34dfab685449fb253968f,56,Work
2537,03/11/2020T14:50:00 ,2020-03-11,OW Water,"(4033053.181326103, 2934678.575774782)",d302ffca25584cb9beebda89f1b7cc44,55,Work,532b83e9e4d74b558c26bcdb4cf3c740,46,Work
2537,03/11/2020T14:50:00 ,2020-03-11,OW Water,"(4033053.181326103, 2934678.575774782)",fc80e6a1a1c24b85be693e7c22dea21f,25,Work,532b83e9e4d74b558c26bcdb4cf3c740,46,Work
2537,03/11/2020T14:50:00 ,2020-03-11,OW Administration,"(4037093.952595035, 2937035.4484564867)",f9a9a7e441ac40e0ad5a39856e2763a8,33,Work,2f35e75907054c5eac245defb8584603,1,Work
2537,03/11/2020T14:50:00 ,2020-03-11,Indoor Sport,"(4050206.9476461597, 2951923.276650936)",4c91f929bef6462cafed479f5d4bdf42,61,Work,de85e2b5dfb44b1c9dbeadf390360d39,49,Work
2538,03/11/2020T15:00:00 ,2020-03-11,OW Finance,"(4044087.0435225195, 2951850.7264003935)",40e5567e866a4a1ca5c39ae670addcbc,49,Work,56d1fc2cbf564d48bfc0c2df7d64353f,43,Work
2538,03/11/2020T15:00:00 ,2020-03-11,OW Finance,"(4044087.0435225195, 2951850.7264003935)",87c28213b77d480b88d7acec84bc20bd,56,Work,e7d826acb2834657be019718ad0a5d7a,48,Work
2538,03/11/2020T15:00:00 ,2020-03-11,OW Finance,"(4029886.132004339, 2940983.312252022)",4c52b99a37de4e1da591747aa08ca6d4,43,Work,b54e07657bbe4c8a926737056c3b6401,40,Work
2538,03/11/2020T15:00:00 ,2020-03-11,OW Other Services,"(4041043.900585172, 2952821.0993778985)",94601caff1d04ba090a5018a15329cd5,18,Work,8ba99ba307e0439e9dc04dcd80502fd0,28,Work
2539,03/11/2020T15:10:00 ,2020-03-11,Care Home,"(4039528.9994623875, 2952253.717866595)",9334fda6197341488dbcbcac7194d51a,47,Work,632c5622cabd4f7284d74b9352119e1f,42,Work
2539,03/11/2020T15:10:00 ,2020-03-11,OW ICT,"(4038124.8254480036, 2950113.3998562694)",c2966de8c5584258bb3404541d415690,31,Work,1451b29279a74774968ba087a9f96b3b,46,Work
2539,03/11/2020T15:10:00 ,2020-03-11,OW Finance,"(4023314.6408982556, 2946277.926834426)",e1b31e0a745844278465ab1bab926f39,25,Work,0ff446cd6d93478cbc2a9714037fc33b,34,Work
2539,03/11/2020T15:10:00 ,2020-03-11,OW Finance,"(4029886.132004339, 2940983.312252022)",7ac79d9713b34641924e1dcbd49d334d,24,Work,b54e07657bbe4c8a926737056c3b6401,40,Work
2539,03/11/2020T15:10:00 ,2020-03-11,OW Finance,"(4029886.132004339, 2940983.312252022)",08efc76dbdaf437bb6eb537ccc030e36,64,Work,5a2f8de53329422eafd0e89c50c73ffc,36,Work
2539,03/11/2020T15:10:00 ,2020-03-11,Indoor Sport,"(4050206.9476461597, 2951923.276650936)",3165788a195b4cee90f6c6eceaf7c00d,33,Work,51574f9c7a0d452d97010985056c55b9,46,Work
2540,03/11/2020T15:20:00 ,2020-03-11,OW Manufacturing,"(4041994.9357273723, 2949416.2223347416)",5c6d5ad4a13747d6a6d4ef5011acccb7,48,Work,05f7c184d02e49d799e36c74556aaa67,39,Work
2540,03/11/2020T15:20:00 ,2020-03-11,OW Manufacturing,"(4041994.9357273723, 2949416.2223347416)",83b08204de7c4b65ae62d6ec0d8138be,53,Work,42cf895dc90f4a2fbb58ff47340f93de,51,Work
2540,03/11/2020T15:20:00 ,2020-03-11,OW Manufacturing,"(4033152.122280112, 2937616.4047832955)",5d477724fe314e44aeec94a7ab4adfd9,55,Work,34f9966b7d6c45f5a1d73fd623cf666a,45,Work
2540,03/11/2020T15:20:00 ,2020-03-11,OW Manufacturing,"(4033152.122280112, 2937616.4047832955)",8b8eaccc9c0848fcb03d806dac662959,52,Work,098cc26d42f840aa87df6d7a9728f67d,34,Work
2540,03/11/2020T15:20:00 ,2020-03-11,OW Manufacturing,"(4033152.122280112, 2937616.4047832955)",09656ecc997f4a95bb0d8f8973c0ba02,33,Work,fa8a99fcac774d24916fcb36f50df543,32,Work
2540,03/11/2020T15:20:00 ,2020-03-11,OW ICT,"(4038124.8254480036, 2950113.3998562694)",f046ccd9c97d4c34bd1459dc780f5ad2,23,Work,d300366b233e487d95a2ee616ab74040,43,Work
2540,03/11/2020T15:20:00 ,2020-03-11,OW Finance,"(4023314.6408982556, 2946277.926834426)",9cf60a98be1f4b8ba5ed068f6acc44a2,33,Work,0ff446cd6d93478cbc2a9714037fc33b,34,Work
2540,03/11/2020T15:20:00 ,2020-03-11,OW Technical,"(4031466.3386383117, 2955069.0080003496)",32e27d3eb7c6444fbab6f15bed979065,55,Work,4c71991eb0814972815a9ce805edd554,40,Work
2540,03/11/2020T15:20:00 ,2020-03-11,Indoor Sport,"(4050206.9476461597, 2951923.276650936)",7dfaae27df0640d5a75b08aa0ec7c468,33,Work,aff2e829f0ad4c909122c17e97e37b00,19,Work
2540,03/11/2020T15:20:00 ,2020-03-11,Indoor Sport,"(4050206.9476461597, 2951923.276650936)",b0563a00d5e944689eba9e4aca589c94,50,Work,4159e22d1ef34dfab685449fb253968f,56,Work
2540,03/11/2020T15:20:00 ,2020-03-11,Indoor Sport,"(4050206.9476461597, 2951923.276650936)",7d65ae803ff64f0bb5ef36516e301d88,10,Indoor Sport,9f546dbe16374224b75518e1acaa6ad3,55,Work
2541,03/11/2020T15:30:00 ,2020-03-11,OW ICT,"(4038124.8254480036, 2950113.3998562694)",9007f9a2a5804c9b89bb3ee10df15a14,26,Work,2d0e4f3560354d91ad9f5962dca1d0e4,24,Work
2541,03/11/2020T15:30:00 ,2020-03-11,OW Finance,"(4029886.132004339, 2940983.312252022)",92efc54398384741bbaa5f2c5efb8591,27,Work,240474650f924344b99cc29e88d2401a,49,Work
2541,03/11/2020T15:30:00 ,2020-03-11,OW Administration,"(4037093.952595035, 2937035.4484564867)",ba9ee449430f4b188874f2d0b6a6212f,57,Work,e9ab8da8860c48d4bbfeb7f692957d7c,28,Work
2541,03/11/2020T15:30:00 ,2020-03-11,OW Administration,"(4037093.952595035, 2937035.4484564867)",5591be55e181469aa349381478584f75,50,Work,ddd8f438d6c5478d90c93f2a588a94e2,24,Work
2541,03/11/2020T15:30:00 ,2020-03-11,Indoor Sport,"(4050206.9476461597, 2951923.276650936)",05543a21d5824a9998ee63c5eb5a05bb,56,Work,fc22085f0d4b482d8c866c548b53ad84,23,Work
2542,03/11/2020T15:40:00 ,2020-03-11,OW Administration,"(4037093.952595035, 2937035.4484564867)",8b7ce265b50848a9b503dad0885da9c3,52,Work,acbb8636cecd4c76bde350b01c4ac3f2,24,Work
2542,03/11/2020T15:40:00 ,2020-03-11,Hotel,"(4039845.6103672986, 2941449.460067877)",b373bd9ddc7e4053b91702dbef3ab7bc,38,Work,30d1464e30c14f2c8cc5feaa469932a9,54,Work
2543,03/11/2020T15:50:00 ,2020-03-11,OW ICT,"(4038124.8254480036, 2950113.3998562694)",80b36d6ccda54294a57d6228b646db37,32,Work,d2ac12f24e044cba90722706e712b975,54,Work
2543,03/11/2020T15:50:00 ,2020-03-11,Shop,"(4030853.6684093513, 2939596.475549419)",9eef3c4649614f4b996d42924d75b1ad,69,Shop,156e4d529b25430db1dcf3cdcfbd0d5b,62,Work
2543,03/11/2020T15:50:00 ,2020-03-11,Shop,"(4042148.2497908273, 2958103.7183371945)",bc0968e1fac748929ba9f601a4825067,72,Shop,ded1efc0a95c4e4c8941cbc641e88507,48,Shop
2543,03/11/2020T15:50:00 ,2020-03-11,Indoor Sport,"(4050206.9476461597, 2951923.276650936)",8ce5de8552264c25aeb165c09c1c07af,29,Work,7f4df50979f74aa389b028586d92d7c6,56,Work
2543,03/11/2020T15:50:00 ,2020-03-11,Indoor Sport,"(4050206.9476461597, 2951923.276650936)",fb7b30cf5f76451c929cd95403349160,48,Indoor Sport,54fd4079903c448b9d1b8c301fb5f47f,21,Work
2544,03/11/2020T16:00:00 ,2020-03-11,OW Finance,"(4023314.6408982556, 2946277.926834426)",30bcaa4dacf3425ca6dafa0e4456f3e6,31,Work,188b9d4892ea4ddfbfcc5730ced76e5d,29,Work
2544,03/11/2020T16:00:00 ,2020-03-11,OW Administration,"(4037093.952595035, 2937035.4484564867)",685cc68aedee44eeb662d433aef2324c,41,Work,d9bfcb42223d45b5ab5c2539f7720886,54,Work
2544,03/11/2020T16:00:00 ,2020-03-11,Hotel,"(4039845.6103672986, 2941449.460067877)",8c2d6dcd30194f2b88db7bf9e775c1b5,50,Work,d1d052ba74b44fe7968cad9aa77ad3de,19,Work
2544,03/11/2020T16:00:00 ,2020-03-11,Hotel,"(4039845.6103672986, 2941449.460067877)",13dc2d4c6b83458a8af8a6e8a014aff0,59,Work,dd954493aea349f1bc3deb72616fa0b3,53,Work
2544,03/11/2020T16:00:00 ,2020-03-11,Indoor Sport,"(4050206.9476461597, 2951923.276650936)",a768cd31a49547278aa76f0306622b71,20,Work,538c59751d8e47b2bbb9a297d3cce970,53,Work
2544,03/11/2020T16:00:00 ,2020-03-11,Secondary School,"(4038231.4573233607, 2941585.605677152)",ecbde97ebe374ecda061aed74f5bfcf3,16,School,e305e65f87334720a25bb3152541a287,49,Work
2545,03/11/2020T16:10:00 ,2020-03-11,OW Manufacturing,"(4041994.9357273723, 2949416.2223347416)",dc2933ca30724990add9e909a8347fb3,32,Work,01e1c0ff53a24e8ba2eafc4e2a1deadd,42,Work
2545,03/11/2020T16:10:00 ,2020-03-11,Shop,"(4035835.5297417524, 2951371.855012576)",3964de3456a543009b01adab33822058,48,Work,2537368bc1ef4d0ea200d4d06669a37e,45,Work
2545,03/11/2020T16:10:00 ,2020-03-11,Indoor Sport,"(4050206.9476461597, 2951923.276650936)",c18ae761b66e4d939e3c38970f8d0ebd,54,Work,e7873f9d3d7044d1bde437c1211b95f9,35,Work
2545,03/11/2020T16:10:00 ,2020-03-11,Indoor Sport,"(4050206.9476461597, 2951923.276650936)",c086a02708ee4bbf879a46b6acc5d549,49,Work,51574f9c7a0d452d97010985056c55b9,46,Work
2545,03/11/2020T16:10:00 ,2020-03-11,Indoor Sport,"(4050206.9476461597, 2951923.276650936)",77ef7430b5c4482c9d995791215c4417,41,Indoor Sport,39ef181d6024433681b58d41ec7667e7,48,Work
2546,03/11/2020T16:20:00 ,2020-03-11,OW Manufacturing,"(4041994.9357273723, 2949416.2223347416)",b92293252d1f412097f06e1d826e2158,47,Work,63dd2b13553e4d3bb35551538111267b,53,Work
2546,03/11/2020T16:20:00 ,2020-03-11,OW Transport,"(4039385.8012878024, 2979458.8174780845)",cd9de3f3e36b498ab036941f52b75a84,46,Work,1e65db4486874eeeb45c0ca9951369b2,41,Work
2546,03/11/2020T16:20:00 ,2020-03-11,OW Transport,"(4055931.5178130977, 2950463.4801956057)",4791ceac87ce434da8c447a80adfca0c,37,Work,ac090bb47b4b401d936f352a3095af3f,50,Work
2546,03/11/2020T16:20:00 ,2020-03-11,OW ICT,"(4038124.8254480036, 2950113.3998562694)",a6ec31f06656434dadccb13f9fc93718,48,Work,e878c30a1f7e4fb5a5c5b950a752d5fd,43,Work
2546,03/11/2020T16:20:00 ,2020-03-11,OW Finance,"(4044087.0435225195, 2951850.7264003935)",e340eeaafca74e73b9309e93f87eb3f9,30,Work,e7d826acb2834657be019718ad0a5d7a,48,Work
2546,03/11/2020T16:20:00 ,2020-03-11,OW Technical,"(4031466.3386383117, 2955069.0080003496)",d7e05f085b974f9eb5590a0b34e6e463,37,Work,4c71991eb0814972815a9ce805edd554,40,Work
2547,03/11/2020T16:30:00 ,2020-03-11,OW Administration,"(4037093.952595035, 2937035.4484564867)",4f11065219564c838ca2d3618578deb6,63,Work,417e43b4ebe24c5b8b0455a87f287be4,29,Work
2547,03/11/2020T16:30:00 ,2020-03-11,OW Administration,"(4037093.952595035, 2937035.4484564867)",1c8e0b8dfe3d459aba455f061cdbb885,40,Work,a88d01583d4d450f81d5d53efe50ddc1,46,Work
2547,03/11/2020T16:30:00 ,2020-03-11,Indoor Sport,"(4050206.9476461597, 2951923.276650936)",bba0ffa3a64f429a893713d4a7d3b2b9,61,Work,4301fad4c98c4417b64e6dd6c24b36b0,22,Work
2547,03/11/2020T16:30:00 ,2020-03-11,Indoor Sport,"(4050206.9476461597, 2951923.276650936)",4ac026ddf3a3424c97cd301ea44e43e4,13,Indoor Sport,1c1b2e318d174cc7aa844bf62cf9e75a,41,Work
2548,03/11/2020T16:40:00 ,2020-03-11,OW Transport,"(4055931.5178130977, 2950463.4801956057)",52fb2cbcecea43e394e3685facd4a686,43,Work,d10b6d1ba21d436ab0326cf9670b76bd,25,Work
2548,03/11/2020T16:40:00 ,2020-03-11,OW ICT,"(4038124.8254480036, 2950113.3998562694)",a9f0a2dad39f4347a469daf1f7bc1ceb,62,Work,88d3adf116024e93ac5ca5d2d11c32a9,61,Work
2548,03/11/2020T16:40:00 ,2020-03-11,OW Finance,"(4029886.132004339, 2940983.312252022)",10fa1f1ecd1046c187ab4a2d9bda71d6,27,Work,8937a0b019ed4703b10f802fddc0fac7,26,Work
2548,03/11/2020T16:40:00 ,2020-03-11,OW Finance,"(4041352.149863414, 2950118.0940126437)",6f5a415354a5440297e940c66243e9b8,30,Work,aa03c1153a3d492b8e9c6bd78d619aca,40,Work
2548,03/11/2020T16:40:00 ,2020-03-11,OW Administration,"(4037093.952595035, 2937035.4484564867)",118809aafb174dcc953c84e54c2ef96c,43,Work,f00fcd3e3f234e79a72157b369143dc4,38,Work
2549,03/11/2020T16:50:00 ,2020-03-11,OW Manufacturing,"(4033152.122280112, 2937616.4047832955)",5b53f07a1905433c8c85bbe65619190a,30,Work,a38694007a66456cb96e6443a0473589,51,Work
2549,03/11/2020T16:50:00 ,2020-03-11,OW Finance,"(4044087.0435225195, 2951850.7264003935)",86f2232e389a4a689dc24456a0017958,37,Work,56d1fc2cbf564d48bfc0c2df7d64353f,43,Work
2549,03/11/2020T16:50:00 ,2020-03-11,Indoor Sport,"(4050206.9476461597, 2951923.276650936)",30c6f4067fa44a89875fa2b0ee849691,55,Work,2b18827d972140b892f397d667830b37,19,Work
2550,03/11/2020T17:00:00 ,2020-03-11,Care Home,"(4039528.9994623875, 2952253.717866595)",6fd90f0a30fa4f5ba3bfb5c65c3ba149,25,Work,cf34639b4e2945418cb6b00ff596d79a,26,Work
2550,03/11/2020T17:00:00 ,2020-03-11,OW Administration,"(4037093.952595035, 2937035.4484564867)",705057372db24381b0f71fd9fb4e5050,57,Work,d95ed15a62504a3b877ce91a13c96067,32,Work
2551,03/11/2020T17:10:00 ,2020-03-11,Care Home,"(4039528.9994623875, 2952253.717866595)",01600d1dcc834d299e131e97bee6fa88,46,Work,50f1d76ff9094d079eda68cb04a0073f,27,Work
2551,03/11/2020T17:10:00 ,2020-03-11,OW Manufacturing,"(4033152.122280112, 2937616.4047832955)",bd136757c53a42b7b4cf051409e880ad,35,Work,e26b4c57fc9f40628fe000947cae2e15,60,Work
2551,03/11/2020T17:10:00 ,2020-03-11,OW ICT,"(4038124.8254480036, 2950113.3998562694)",d080a56e00934e90b1cae0c644c3dd83,38,Work,e878c30a1f7e4fb5a5c5b950a752d5fd,43,Work
2551,03/11/2020T17:10:00 ,2020-03-11,OW Finance,"(4029886.132004339, 2940983.312252022)",6aef4f29bb0347a6941ab3c46d517dc4,31,Work,f7cd5280b49b4dfcb69aac12a24b56e3,45,Work
2554,03/11/2020T17:40:00 ,2020-03-11,OW Transport,"(4055931.5178130977, 2950463.4801956057)",ee292f944f1a478db0f4e983973efbb8,57,Work,48537940a1be461e9d4befc51548eaf3,46,Work
2555,03/11/2020T17:50:00 ,2020-03-11,House,"(4041420.741750154, 2967943.3439059136)",ab299a6a55b94b53aaf87428afd9bbf5,47,House,d9257fe39b2f4e93b30535ec81a61ce6,8,House
2557,03/11/2020T18:10:00 ,2020-03-11,Indoor Sport,"(4050206.9476461597, 2951923.276650936)",562fa395d2b946e69e45c002c07b0767,29,Work,eec4b7a1b3ae4a44b74cd430223be02b,58,Work
2559,03/11/2020T18:30:00 ,2020-03-11,Indoor Sport,"(4050206.9476461597, 2951923.276650936)",36167c4a6274432d97d5b93bdc27c357,8,Indoor Sport,54fd4079903c448b9d1b8c301fb5f47f,21,Work
2559,03/11/2020T18:30:00 ,2020-03-11,Indoor Sport,"(4030502.763184144, 2976515.5432930677)",ac18a17bfb4e43f6941514097e4e538e,39,Indoor Sport,150f165e05e847c9b59cda3336dd69fb,54,Indoor Sport
2559,03/11/2020T18:30:00 ,2020-03-11,Indoor Sport,"(4019880.958581018, 2946276.85752558)",ae49b89478194fa69125678a1dfc1503,5,Indoor Sport,133e2467ac9c4691bd3e84fc1838a768,25,Indoor Sport
2561,03/11/2020T18:50:00 ,2020-03-11,Indoor Sport,"(4040198.7034566184, 2951861.978380759)",91111cbb6f3646d994d5bf28bb10f494,3,Indoor Sport,12e90353335c485b919b44b1b61559d3,46,Indoor Sport
2566,03/11/2020T19:40:00 ,2020-03-11,Cinema or Theatre,"(4040182.1356564923, 2951412.220097515)",08e48e68a15e45f6a22b9f99b10e0c68,3,Cinema or Theatre,30f501fd65934ef79ffc898b1e6f2f3c,41,Cinema or Theatre
2566,03/11/2020T19:40:00 ,2020-03-11,Cinema or Theatre,"(4040182.1356564923, 2951412.220097515)",299c47492f34434199c87798722d9771,20,Cinema or Theatre,30f501fd65934ef79ffc898b1e6f2f3c,41,Cinema or Theatre
2570,03/11/2020T20:20:00 ,2020-03-11,Cinema or Theatre,"(4033953.552010101, 2936046.8340850812)",0d16c643f9a041c8972ad03dfb84b536,37,Cinema or Theatre,0f3f423d13ce421a8db629471f82361b,69,Cinema or Theatre
2577,03/11/2020T21:30:00 ,2020-03-11,Cinema or Theatre,"(4033953.552010101, 2936046.8340850812)",74dc3e46810944bf9a12d955525976e7,13,Cinema or Theatre,0f3f423d13ce421a8db629471f82361b,69,Cinema or Theatre
2577,03/11/2020T21:30:00 ,2020-03-11,Cinema or Theatre,"(4069470.2846899107, 2966147.9277069275)",a1fc232cbd4540a9a273e153d2b41b5d,28,Cinema or Theatre,80cda018b35c424fb810e204dae8d442,63,Cinema or Theatre
2583,03/11/2020T22:30:00 ,2020-03-11,House,"(4041420.741750154, 2967943.3439059136)",20a1cc784e594d6b9fcc44358c61ac85,29,House,d9257fe39b2f4e93b30535ec81a61ce6,8,House
2584,03/11/2020T22:40:00 ,2020-03-11,House,"(4043029.423518071, 2946128.72100364)",dc4311945b7940e5af52c116c4ef1939,29,House,116e2c25dfb8492bb73390042c026807,57,House
2585,03/11/2020T22:50:00 ,2020-03-11,House,"(4021479.788482226, 2945883.410054568)",d7b9ba23d98e4c3db9ada3e08486b7e7,48,House,2549728a9a0b4224bcf76e33574f6987,30,House
2592,03/12/2020T00:00:00 ,2020-03-12,House,"(4050372.2750598593, 2962108.7691766834)",19fef254c7f84751ad285749739cb9b7,38,House,9fff9d9e477a4acd9aa9a8fa21a441cb,27,House
2597,03/12/2020T00:50:00 ,2020-03-12,House,"(4039654.0794455414, 2951661.2516658194)",52b54f554ffd4abe8325bd5cac28a44e,41,House,fb2e605ffb2b4bb2b2f345db41dc8b82,26,House
2599,03/12/2020T01:10:00 ,2020-03-12,House,"(4029139.6567195132, 2939973.9575828975)",54882e91cb1e4547a70d6910310d1cba,20,House,dc37268b74414c089854b58e60b9f895,28,House
2613,03/12/2020T03:30:00 ,2020-03-12,House,"(4039513.712998309, 2951266.5157274525)",cd35db7badd94330a8f2bb51fa999947,54,House,b04cb68317a041088cbcb39b22925e3d,48,House
2615,03/12/2020T03:50:00 ,2020-03-12,House,"(4033887.2322700643, 2938465.7180219684)",a8b24ee87b454f52bbdcccfe03431a64,26,House,d75c241ccd3248d0ac480c8d1ebaf13a,37,House
2616,03/12/2020T04:00:00 ,2020-03-12,House,"(4030000.604921621, 2941297.9469265277)",290afe82efda42488d9eaaf65ae01021,50,House,8c0c7688759345a092d029c39c2a257a,40,House
2617,03/12/2020T04:10:00 ,2020-03-12,House,"(4060254.809003809, 2953457.1515349634)",987379cdc6634b399fe02f1773b3bd3c,28,House,66d48e1c34b44b4c8d9a9c38c97b2161,57,House
2618,03/12/2020T04:20:00 ,2020-03-12,House,"(4042533.135090723, 2953028.0981994835)",47b4afbb741f4df7a0e7c9ed0ee43e30,12,House,16182d18b0cc45e1985c5956a7e98982,40,House
2621,03/12/2020T04:50:00 ,2020-03-12,Public Transport,"(4039172.5510888183, 2951071.7055862495)",d18b6da50fd14e56a9ac657c174a9ecd,42,Public Transport,9c0f8549a6664336940eb8bab027fb5b,42,Public Transport
2627,03/12/2020T05:50:00 ,2020-03-12,OW Finance,"(4029886.132004339, 2940983.312252022)",13ba751720e348b19917f79dc324a0f8,36,Work,17a118507bf14fe79f9c424e52516c8a,24,Work
2635,03/12/2020T07:10:00 ,2020-03-12,House,"(4023331.4271503272, 2943346.2525808564)",b50993622abc45ad82f5c03e3fb7ad47,32,House,9f546dbe16374224b75518e1acaa6ad3,55,House
2635,03/12/2020T07:10:00 ,2020-03-12,House,"(4056753.9218239724, 2941707.4007623903)",8787321fc88547638ad19883a4ab2499,7,House,4d97d200119f444db752f254cf077ad6,14,House
2639,03/12/2020T07:50:00 ,2020-03-12,OW Manufacturing,"(4041994.9357273723, 2949416.2223347416)",12dbc7e4cdf6436fb678a677827c5062,26,Work,4c79a9c757b9487489a47351221be1a3,51,Work
2639,03/12/2020T07:50:00 ,2020-03-12,OW ICT,"(4038124.8254480036, 2950113.3998562694)",f29804aad6b047eeb00cda13ded80630,25,Work,b70d61ff01b948cdbc5ecf870fb80320,47,Work
2639,03/12/2020T07:50:00 ,2020-03-12,Public Transport,"(4042689.7310041725, 2947205.5184772266)",44acfe41b71c4533a0baf9b818b8acd5,17,Public Transport,c35a3699989047259f393e083998e646,21,Public Transport
2640,03/12/2020T08:00:00 ,2020-03-12,OW Manufacturing,"(4033152.122280112, 2937616.4047832955)",bc69421d1a3e4a099cdd875671a3d2da,29,Work,a712d36e770a4d28aeafcf8a6c6e4aac,60,Work
2640,03/12/2020T08:00:00 ,2020-03-12,OW Manufacturing,"(4033152.122280112, 2937616.4047832955)",76459204f5fa4efeada6620e41e78355,43,Work,05cf0d4a803d4ae4bbdda500be9f123d,39,Work
2640,03/12/2020T08:00:00 ,2020-03-12,Public Transport,"(4042245.1331804185, 2949715.908886372)",85c2be372feb4ff0a3b9f52129a29535,66,Public Transport,cec9ba887a514d86a3efe4807a536a7b,11,Public Transport
2641,03/12/2020T08:10:00 ,2020-03-12,Public Transport,"(4026688.2080823784, 2942398.3588190917)",fed2573238724e37ba4f174a5b9458d6,13,Public Transport,b8544bb691c24301b5bf44b6874d1847,32,Public Transport
2642,03/12/2020T08:20:00 ,2020-03-12,OW Manufacturing,"(4033152.122280112, 2937616.4047832955)",a1d75daa98494395894dc190ee12b8f7,25,Work,34f9966b7d6c45f5a1d73fd623cf666a,45,Work
2642,03/12/2020T08:20:00 ,2020-03-12,OW Manufacturing,"(4033152.122280112, 2937616.4047832955)",cac0698b01b54dfe8dc171deaccdc923,49,Work,5f5e4d9ace1e4de38f897c59a9e89bbf,32,Work
2642,03/12/2020T08:20:00 ,2020-03-12,OW Finance,"(4029886.132004339, 2940983.312252022)",aeb9a11b28eb4b40a057f6a72c255f24,45,Work,3dccc885abd1405fbecb17ee608ec0b0,19,Work
2642,03/12/2020T08:20:00 ,2020-03-12,OW Administration,"(4037093.952595035, 2937035.4484564867)",d087a6fd55b54f459da81755716220f5,57,Work,ddd8f438d6c5478d90c93f2a588a94e2,24,Work
2642,03/12/2020T08:20:00 ,2020-03-12,Indoor Sport,"(4050206.9476461597, 2951923.276650936)",fe5e36283a38435b98cf145b222c7673,30,Work,e7873f9d3d7044d1bde437c1211b95f9,35,Work
2644,03/12/2020T08:40:00 ,2020-03-12,Hotel,"(4039845.6103672986, 2941449.460067877)",307b246fb3484d9cb379a1c6282d2d89,41,Work,4d39941c85f047aead4490f8697e0aa7,30,Work
2646,03/12/2020T09:00:00 ,2020-03-12,OW Transport,"(4055931.5178130977, 2950463.4801956057)",a29eebbf7f9044b7affac745edb6c339,45,Work,ad6341624ec54c2e908f5204ffed6651,34,Work
2646,03/12/2020T09:00:00 ,2020-03-12,OW ICT,"(4035155.2916662665, 2952573.727983958)",ad2eb1779c104bcfa10fc827193d7064,29,Work,c334007c1073452bb4bcf13c9de39020,20,Work
2646,03/12/2020T09:00:00 ,2020-03-12,OW Finance,"(4044087.0435225195, 2951850.7264003935)",8df4adaec849488f892711fa37b0c9af,59,Work,e7d826acb2834657be019718ad0a5d7a,48,Work
2647,03/12/2020T09:10:00 ,2020-03-12,OW Manufacturing,"(4041994.9357273723, 2949416.2223347416)",47952d8032b04b329c4ec6ceb604e90d,22,Work,430f5861930b43b19ea58205ce46a280,50,Work
2647,03/12/2020T09:10:00 ,2020-03-12,OW Manufacturing,"(4033152.122280112, 2937616.4047832955)",9f660da90c384917977c1bc772de5410,27,Work,18ca6f48728d4267ad4a1f9d93bfac44,18,Work
2647,03/12/2020T09:10:00 ,2020-03-12,OW Finance,"(4029886.132004339, 2940983.312252022)",1e9e253168234e9c9fbb836d0a733382,48,Work,f663d047aafc494fa667fe29198ceff6,24,Work
2647,03/12/2020T09:10:00 ,2020-03-12,OW Administration,"(4037093.952595035, 2937035.4484564867)",4200333183ab4e4a9260e5e01971cccf,25,Work,28da6f2c10b9423e9e2c7b6d0e06566d,30,Work
2648,03/12/2020T09:20:00 ,2020-03-12,Care Home,"(4039528.9994623875, 2952253.717866595)",63d2fd3f4a754fdd8fb1237d273e0a86,57,Work,eafd1c259c5944e180f810a67584fac0,32,Work
2648,03/12/2020T09:20:00 ,2020-03-12,OW Manufacturing,"(4033152.122280112, 2937616.4047832955)",e1bcc4de6c934230af6fe5cb29ed4c5d,27,Work,1e4082af2b2645a09e26195f95659c36,51,Work
2648,03/12/2020T09:20:00 ,2020-03-12,OW Administration,"(4037093.952595035, 2937035.4484564867)",c68c4488b7f349429fbc65cccfacdeee,61,Work,bf552cc96bd241789b60936f69fc0151,24,Work
2648,03/12/2020T09:20:00 ,2020-03-12,Shop,"(4030853.6684093513, 2939596.475549419)",8021531795a64436bcb8a86b386b1d35,19,Work,4f10eb8158b243059af087d4c8b1b0ef,57,Work
2648,03/12/2020T09:20:00 ,2020-03-12,Indoor Sport,"(4050206.9476461597, 2951923.276650936)",e66f37d268ad4fabbf2b62e6e50fe4e2,62,Work,9f546dbe16374224b75518e1acaa6ad3,55,Work
2648,03/12/2020T09:20:00 ,2020-03-12,Indoor Sport,"(4050206.9476461597, 2951923.276650936)",990b221de65c40d1968c1e83baa1d0a2,51,Work,5a8e9211cd9c4a91abadb65f9b03b20c,25,Work
2648,03/12/2020T09:20:00 ,2020-03-12,Secondary School,"(4038231.4573233607, 2941585.605677152)",81d93adda2804781a14878180989fe4c,19,School,80ffc50cdb7f4c2ebf61a07026b7612f,14,School
2649,03/12/2020T09:30:00 ,2020-03-12,OW Manufacturing,"(4033152.122280112, 2937616.4047832955)",30b0b30df3bb439fb148efd150c278d8,58,Work,478efc5fff6b4cd98acfe6e639300cc1,39,Work
2649,03/12/2020T09:30:00 ,2020-03-12,OW Manufacturing,"(4068332.2126111374, 2961060.5823687455)",7734f97e77eb458aae5c9041c64c173a,47,Work,2d4fd910ea6545dfa1d971689f3a66d1,26,Work
2649,03/12/2020T09:30:00 ,2020-03-12,OW Finance,"(4044087.0435225195, 2951850.7264003935)",8856d765c4c74f29bbe8570f497022ac,52,Work,371f531c2d434fe2a0e36667eaff615b,48,Work
2650,03/12/2020T09:40:00 ,2020-03-12,OW Manufacturing,"(4041994.9357273723, 2949416.2223347416)",24c8ac161a77433aba30085e765a883e,41,Work,dedd94b6468242a1942b02382476b1dd,27,Work
2650,03/12/2020T09:40:00 ,2020-03-12,OW Transport,"(4055931.5178130977, 2950463.4801956057)",8de14e9630f44cdebddad976c546ad31,38,Work,bbce1e878f014dc08885459938b18653,29,Work
2650,03/12/2020T09:40:00 ,2020-03-12,OW Finance,"(4044087.0435225195, 2951850.7264003935)",571f4ed0823a47a09f68f4aaff6b8825,36,Work,56d1fc2cbf564d48bfc0c2df7d64353f,43,Work
2650,03/12/2020T09:40:00 ,2020-03-12,Shop,"(4035835.5297417524, 2951371.855012576)",8956ec8aaf6b41ed9e7b97217cde2476,63,Shop,30f501fd65934ef79ffc898b1e6f2f3c,41,Work
2650,03/12/2020T09:40:00 ,2020-03-12,Hospital,"(4041018.9862266188, 2978524.81136002)",8631b7dbd3c146bca44db43ba36ac7e2,30,Work,5a4bee4d5ad94ce5a91bc68d3f1611da,77,House
2650,03/12/2020T09:40:00 ,2020-03-12,Hotel,"(4039845.6103672986, 2941449.460067877)",afdac35fd0024fbaa7bc0e4757a72f2b,34,Work,a62fe755b9de4fc79987f6283f0490db,63,Work
2651,03/12/2020T09:50:00 ,2020-03-12,Indoor Sport,"(4050206.9476461597, 2951923.276650936)",0075b3481cd043d191c3d8a4d92941d6,26,Work,712f97036a854c5d87e0e1b11dbbaf07,26,Work
2652,03/12/2020T10:00:00 ,2020-03-12,OW Finance,"(4044087.0435225195, 2951850.7264003935)",902fa82d45f04d72a22a60819bf0175b,44,Work,e7d826acb2834657be019718ad0a5d7a,48,Work
2652,03/12/2020T10:00:00 ,2020-03-12,OW Finance,"(4023314.6408982556, 2946277.926834426)",8b1faf446a4e4505955d90ce01915ee3,52,Work,16182d18b0cc45e1985c5956a7e98982,40,Work
2652,03/12/2020T10:00:00 ,2020-03-12,Indoor Sport,"(4050206.9476461597, 2951923.276650936)",860bd4ff7f2b485bbca2b1b2a34d6fd5,37,Work,538c59751d8e47b2bbb9a297d3cce970,53,Work
2653,03/12/2020T10:10:00 ,2020-03-12,OW Finance,"(4023314.6408982556, 2946277.926834426)",ca796e627454442db188ee6b2ddc3e2f,27,Work,16182d18b0cc45e1985c5956a7e98982,40,Work
2653,03/12/2020T10:10:00 ,2020-03-12,OW Finance,"(4023314.6408982556, 2946277.926834426)",174c1fb9bb7e432a8ab006b764cc0d6c,21,Work,7807bf51bb534b68957002683ef3aba4,35,Work
2653,03/12/2020T10:10:00 ,2020-03-12,Indoor Sport,"(4050206.9476461597, 2951923.276650936)",331145cf2ec14732a312fcf9c4f34cdc,25,Work,62ea3037c3eb46128cfb7d487043d081,58,Work
2653,03/12/2020T10:10:00 ,2020-03-12,Indoor Sport,"(4050206.9476461597, 2951923.276650936)",d393696d49dd4c01a6bdbcc232a17db8,38,Work,4301fad4c98c4417b64e6dd6c24b36b0,22,Work
2653,03/12/2020T10:10:00 ,2020-03-12,Indoor Sport,"(4050206.9476461597, 2951923.276650936)",50d239ee056d43058266d486e6054998,48,Work,0d815580ff0c42f28dfb69a131b87149,30,Indoor Sport
2654,03/12/2020T10:20:00 ,2020-03-12,OW Manufacturing,"(4033152.122280112, 2937616.4047832955)",08330668699847d6b0f1e5fdffede6ea,49,Work,18ca6f48728d4267ad4a1f9d93bfac44,18,Work
2654,03/12/2020T10:20:00 ,2020-03-12,OW Manufacturing,"(4033152.122280112, 2937616.4047832955)",f94da2db3087417d972dfd6b94ac31ef,34,Work,9d1ced335fb8496d989121e3ba062428,59,Work
2654,03/12/2020T10:20:00 ,2020-03-12,OW Transport,"(4055931.5178130977, 2950463.4801956057)",d71420875735406c86e12c49e11f71f7,25,Work,dcb58b6206e8455da302d6ef5f551175,26,Work
2654,03/12/2020T10:20:00 ,2020-03-12,OW Transport,"(4055931.5178130977, 2950463.4801956057)",da1e4ed5517b4036bc73d0c2196c2486,39,Work,9c32f83dac484e7a959ace485e5e8a3c,34,Work
2654,03/12/2020T10:20:00 ,2020-03-12,OW Finance,"(4023314.6408982556, 2946277.926834426)",406668862dea41f6bf5f4ef7bc58da45,23,Work,aec78d490fc448c4abf0d011b4a92605,30,Work
2654,03/12/2020T10:20:00 ,2020-03-12,OW Finance,"(4029886.132004339, 2940983.312252022)",ed3cabd9f40f40489a073a9434dc1027,37,Work,01bd638e567b4ce49858933fe456ed3e,24,Work
2654,03/12/2020T10:20:00 ,2020-03-12,Indoor Sport,"(4050206.9476461597, 2951923.276650936)",79ba88864dfa4961b67c9f7f92b60139,44,Work,ee9593ec4b3b443588ed5323181db4ef,45,Work
2655,03/12/2020T10:30:00 ,2020-03-12,OW Administration,"(4037093.952595035, 2937035.4484564867)",242819f3ecdf4318a0b51c991ef62460,24,Work,f00fcd3e3f234e79a72157b369143dc4,38,Work
2655,03/12/2020T10:30:00 ,2020-03-12,Indoor Sport,"(4050206.9476461597, 2951923.276650936)",1df2e9b4ec1a4a919eaaa8b221160fc9,56,Work,cafbad97712d49e282fdd08316a2154f,61,Work
2657,03/12/2020T10:50:00 ,2020-03-12,OW ICT,"(4035155.2916662665, 2952573.727983958)",e9b7f6ec3b9948d58d35bc808aaa57e9,27,Work,600f11846bd54762ba3c10e0ee2c9f3c,43,Work
2657,03/12/2020T10:50:00 ,2020-03-12,Hotel,"(4039845.6103672986, 2941449.460067877)",b2070e3f4e5d455c83a1b2760fe8a2e7,55,Work,a904a79c38464e03bc34dd357936ea27,31,Work
2657,03/12/2020T10:50:00 ,2020-03-12,Indoor Sport,"(4050206.9476461597, 2951923.276650936)",23f7d3e8ad3949cb8996e4bd24210abf,50,Work,e7873f9d3d7044d1bde437c1211b95f9,35,Work
2658,03/12/2020T11:00:00 ,2020-03-12,OW Water,"(4033053.181326103, 2934678.575774782)",bb9d7121da394062bfa178f5a9e3f5b1,37,Work,532b83e9e4d74b558c26bcdb4cf3c740,46,Work
2658,03/12/2020T11:00:00 ,2020-03-12,Hotel,"(4039845.6103672986, 2941449.460067877)",2238d1140ec74756b4fd9f05e1594f01,38,Work,02f88e8229b341089306caf43ffd6629,47,Work
2658,03/12/2020T11:00:00 ,2020-03-12,Indoor Sport,"(4050206.9476461597, 2951923.276650936)",1f1d7dede8d643c88f4535cb9e4a0633,52,Work,a62fdfd4e5864371adbd4d09e44a0749,50,Work
2658,03/12/2020T11:00:00 ,2020-03-12,Indoor Sport,"(4050206.9476461597, 2951923.276650936)",5faff340d0f34d4ab46ad697a62457d1,20,Work,0d815580ff0c42f28dfb69a131b87149,30,Indoor Sport
2658,03/12/2020T11:00:00 ,2020-03-12,Indoor Sport,"(4050206.9476461597, 2951923.276650936)",ee6a18acad094d25aa5cb21bc03ab1d1,64,Work,0072034f823648378d251ab38d67e8fb,23,Work
2659,03/12/2020T11:10:00 ,2020-03-12,OW Finance,"(4029886.132004339, 2940983.312252022)",15cf314450fc4bf7af7cd74a30f5f199,37,Work,427870d60252456cbf74d0f4de3f58b3,37,Work
2659,03/12/2020T11:10:00 ,2020-03-12,OW Finance,"(4029886.132004339, 2940983.312252022)",b8bfc4c524de4bfe8315f71776e6f68b,36,Work,bcad8a90311245019668ecdae164d5b2,40,Work
2659,03/12/2020T11:10:00 ,2020-03-12,OW Finance,"(4029886.132004339, 2940983.312252022)",f4cf5e6ac29649488c6e1339f334986b,53,Work,1cdd1f215de14efaa08a6cd3f7c0b110,40,Work
2659,03/12/2020T11:10:00 ,2020-03-12,OW Administration,"(4037093.952595035, 2937035.4484564867)",2b66219d92de4d92bdad98ddd0735e4b,55,Work,28da6f2c10b9423e9e2c7b6d0e06566d,30,Work
2659,03/12/2020T11:10:00 ,2020-03-12,Hotel,"(4039845.6103672986, 2941449.460067877)",9fe6160b19954f6b95db29effd4bc45e,57,Work,22772764d6284302945f81d73297b49a,55,Work
2659,03/12/2020T11:10:00 ,2020-03-12,Indoor Sport,"(4050206.9476461597, 2951923.276650936)",8b92e50478f448a08b0c1d1387518ce1,37,Work,826636ee2e7e47a19562b3d3bcc95f52,28,Work
2660,03/12/2020T11:20:00 ,2020-03-12,OW Manufacturing,"(4033152.122280112, 2937616.4047832955)",75a03a8691234ca5a4a3da8df34d8554,52,Work,299fb404c7a1430fbecff545d14d8b3a,39,Work
2660,03/12/2020T11:20:00 ,2020-03-12,OW Finance,"(4044087.0435225195, 2951850.7264003935)",cb13c6e793704c0898806466e33c83be,26,Work,56d1fc2cbf564d48bfc0c2df7d64353f,43,Work
2660,03/12/2020T11:20:00 ,2020-03-12,OW Finance,"(4044087.0435225195, 2951850.7264003935)",30df47fa766546a7863eb4096940c325,52,Work,56d1fc2cbf564d48bfc0c2df7d64353f,43,Work
2661,03/12/2020T11:30:00 ,2020-03-12,OW Manufacturing,"(4033152.122280112, 2937616.4047832955)",02ca7bec7d7945f8bef2fce5102a5622,36,Work,478efc5fff6b4cd98acfe6e639300cc1,39,Work
2661,03/12/2020T11:30:00 ,2020-03-12,OW ICT,"(4038124.8254480036, 2950113.3998562694)",abbfef7ef4c94d36a4129f4226ec2543,50,Work,21c3a1bb8fdb46c1b043147edcb36abe,55,Work
2661,03/12/2020T11:30:00 ,2020-03-12,Shop,"(4035835.5297417524, 2951371.855012576)",719960a581f444eaa90fa8025140dc78,30,Work,30f501fd65934ef79ffc898b1e6f2f3c,41,Work
2662,03/12/2020T11:40:00 ,2020-03-12,Care Home,"(4039528.9994623875, 2952253.717866595)",334353cbdebb4f8da2a5d28c8820b021,30,Work,806e7c79e6334cf08cdb81b71b2050da,30,Work
2662,03/12/2020T11:40:00 ,2020-03-12,OW Finance,"(4044087.0435225195, 2951850.7264003935)",7bdf541ea35e4be0921f3c45bfc9dcc4,25,Work,e7d826acb2834657be019718ad0a5d7a,48,Work
2662,03/12/2020T11:40:00 ,2020-03-12,Hotel,"(4039845.6103672986, 2941449.460067877)",2dc19af6a7014ba188171b6b7068129d,22,Work,da2348bbc6fb4f248089069cd0803727,53,Work
2662,03/12/2020T11:40:00 ,2020-03-12,Indoor Sport,"(4050206.9476461597, 2951923.276650936)",481ade7e8da247b8968391188c9fa59e,56,Work,0072034f823648378d251ab38d67e8fb,23,Work
2663,03/12/2020T11:50:00 ,2020-03-12,OW Transport,"(4055931.5178130977, 2950463.4801956057)",fe14071215ca4cd180ca42614007cd9c,46,Work,f4d93f9939ca4c7ab58fac1231c73624,61,Work
2663,03/12/2020T11:50:00 ,2020-03-12,OW ICT,"(4038124.8254480036, 2950113.3998562694)",8f15a5589ea942f09911664397165f9c,51,Work,d7f6d12e3437458c85fac93977896288,38,Work
2663,03/12/2020T11:50:00 ,2020-03-12,OW Finance,"(4044087.0435225195, 2951850.7264003935)",e622976aa3954cce817d04c8cfac7995,34,Work,e7d826acb2834657be019718ad0a5d7a,48,Work
2663,03/12/2020T11:50:00 ,2020-03-12,Shop,"(4035835.5297417524, 2951371.855012576)",8b40208eea95491985b616629b42db2e,37,Work,90d8b0d18d234dd2ace6b3309e945ff2,59,Work
2663,03/12/2020T11:50:00 ,2020-03-12,Shop,"(4035835.5297417524, 2951371.855012576)",033f30bd745a475ab330ab4829db8f97,46,Work,a6519e77c7c647029664cf6cc8935e79,34,Work
2663,03/12/2020T11:50:00 ,2020-03-12,Indoor Sport,"(4050206.9476461597, 2951923.276650936)",a0722569e53b4f9ab4618c880bc52502,32,Work,aff2e829f0ad4c909122c17e97e37b00,19,Work
2664,03/12/2020T12:00:00 ,2020-03-12,Hotel,"(4039845.6103672986, 2941449.460067877)",d132206bc4d148af989ac2c09ae6b0d0,33,Work,c5b1099a6cd24e82bc8526365e4fae7c,24,Work
2664,03/12/2020T12:00:00 ,2020-03-12,Hotel,"(4039845.6103672986, 2941449.460067877)",70c742abc211446492dc64d59bf6423d,40,Work,18243c0718104af88a954e932b332f6e,58,Work
2664,03/12/2020T12:00:00 ,2020-03-12,Indoor Sport,"(4050206.9476461597, 2951923.276650936)",826a44c6c6874f4f9544fa5b243b82f2,29,Work,0072034f823648378d251ab38d67e8fb,23,Work
2665,03/12/2020T12:10:00 ,2020-03-12,Hospital,"(4041018.9862266188, 2978524.81136002)",53a997c2b3084dbda99472fcfabc7bc9,23,Work,c451fe2077cc42a2abe341325721a3c5,95,House
2666,03/12/2020T12:20:00 ,2020-03-12,OW Manufacturing,"(4033152.122280112, 2937616.4047832955)",c78010f41d34478f961eff7d225029ef,21,Work,3cd210436b1345e3b036587dd17adfa7,56,Work
2666,03/12/2020T12:20:00 ,2020-03-12,OW Finance,"(4041352.149863414, 2950118.0940126437)",59097d02e34d4e65abe1c658114ac3d4,56,Work,aa03c1153a3d492b8e9c6bd78d619aca,40,Work
2666,03/12/2020T12:20:00 ,2020-03-12,Hospital,"(4058154.76725065, 2949603.507869995)",fde1f7de38754e3ebd9bea667e500ccb,30,Work,87291c0271fc43319e85401348e04385,3,Outdoor
2666,03/12/2020T12:20:00 ,2020-03-12,Indoor Sport,"(4050206.9476461597, 2951923.276650936)",23060752856040adaf42644598020eff,20,Work,182c582ef4584208b50c1544f2492d6a,23,Work
2667,03/12/2020T12:30:00 ,2020-03-12,OW Finance,"(4044087.0435225195, 2951850.7264003935)",c72a8236b7034f5badc7e30dc1d3e1ab,36,Work,371f531c2d434fe2a0e36667eaff615b,48,Work
2667,03/12/2020T12:30:00 ,2020-03-12,Shop,"(4035835.5297417524, 2951371.855012576)",f352fcd822184ec9aa38c44e258f1d87,26,Work,d7fad502c58b4dd6a81e9e5c0d43fb5d,31,Work
2667,03/12/2020T12:30:00 ,2020-03-12,Hotel,"(4039845.6103672986, 2941449.460067877)",49de6de4a4d3451c831c2a7ad1495e57,49,Work,12f73b490847468ab14db36bc711f5af,20,Work
2667,03/12/2020T12:30:00 ,2020-03-12,Hotel,"(4039845.6103672986, 2941449.460067877)",37cae35386894f18a90030c0a8068d92,26,Work,c77f5d7d74904af4a9049324b160f9bc,30,Work
2667,03/12/2020T12:30:00 ,2020-03-12,Hotel,"(4039845.6103672986, 2941449.460067877)",3953bc5000de49339ee4b5210ad44b80,36,Work,a904a79c38464e03bc34dd357936ea27,31,Work
2667,03/12/2020T12:30:00 ,2020-03-12,Indoor Sport,"(4050206.9476461597, 2951923.276650936)",82998ead0b1c495a9d16ea3bb6bc38ab,53,Work,906fd2e55219432488bb109c178164a0,33,Work
2667,03/12/2020T12:30:00 ,2020-03-12,Indoor Sport,"(4050206.9476461597, 2951923.276650936)",10b02edf1d614c79a46d25c2268e19b4,43,Work,0afb34583bef43cd8f8b9ca753145d0f,21,Work
2668,03/12/2020T12:40:00 ,2020-03-12,OW Manufacturing,"(4033152.122280112, 2937616.4047832955)",598d17cca35c4e8cb010bf252c6313d1,24,Work,098cc26d42f840aa87df6d7a9728f67d,34,Work
2668,03/12/2020T12:40:00 ,2020-03-12,OW Transport,"(4055931.5178130977, 2950463.4801956057)",98f846b800b34065896ea00ea9676116,31,Work,c9dd749be9894df78256c147141d3cc8,44,Work
2668,03/12/2020T12:40:00 ,2020-03-12,Hotel,"(4039845.6103672986, 2941449.460067877)",4a9e4cbaec5f4e23aaa2847c12b0984b,53,Work,18d17a7bd4bf420b9bd26aa2434a3850,31,Work
2668,03/12/2020T12:40:00 ,2020-03-12,Indoor Sport,"(4050206.9476461597, 2951923.276650936)",069400c79f84459ab8f61cfdc7f3c154,22,Work,cafbad97712d49e282fdd08316a2154f,61,Work
2668,03/12/2020T12:40:00 ,2020-03-12,Secondary School,"(4038231.4573233607, 2941585.605677152)",02ad0b49f0544bb59ba4385e4342dd9d,22,School,80ffc50cdb7f4c2ebf61a07026b7612f,14,School
2669,03/12/2020T12:50:00 ,2020-03-12,Indoor Sport,"(4050206.9476461597, 2951923.276650936)",c60bbc1ec76c49c185259fdffbd96d92,45,Work,182c582ef4584208b50c1544f2492d6a,23,Work
2670,03/12/2020T13:00:00 ,2020-03-12,Indoor Sport,"(4050206.9476461597, 2951923.276650936)",debf3e88986f40be81f0bb9dd671e5fb,26,Work,182c582ef4584208b50c1544f2492d6a,23,Work
2671,03/12/2020T13:10:00 ,2020-03-12,OW Finance,"(4044087.0435225195, 2951850.7264003935)",360f7dbf3c724f9d834ef5fea7e313eb,21,Work,e7d826acb2834657be019718ad0a5d7a,48,Work
2671,03/12/2020T13:10:00 ,2020-03-12,Shop,"(4035835.5297417524, 2951371.855012576)",5e4ed0df1a154eefb1d5d335c67f7a8e,36,Work,5772c07a392b445ba77f7d913ed9ba4d,34,Work
2671,03/12/2020T13:10:00 ,2020-03-12,Indoor Sport,"(4050206.9476461597, 2951923.276650936)",824ec12cfd524e94864ea57af54ee83d,34,Work,e7873f9d3d7044d1bde437c1211b95f9,35,Work
2672,03/12/2020T13:20:00 ,2020-03-12,OW Administration,"(4037093.952595035, 2937035.4484564867)",e5860f6e20a34af8b568835814654218,23,Work,b40b51c1091647259158311d7f3c8787,24,Work
2672,03/12/2020T13:20:00 ,2020-03-12,Hotel,"(4041905.981629138, 2953161.4380196705)",a41a3c59096846d89737ce5e2ba203da,18,Work,e04676fb92d34d3a9462d318d61d7020,50,Work
2672,03/12/2020T13:20:00 ,2020-03-12,Indoor Sport,"(4050206.9476461597, 2951923.276650936)",30df874f4fdd4fdaa5cf85d4556693fa,55,Work,aff2e829f0ad4c909122c17e97e37b00,19,Work
2673,03/12/2020T13:30:00 ,2020-03-12,OW Finance,"(4041352.149863414, 2950118.0940126437)",b1bba77e0e9b43e5a09fc0389d174d17,26,Work,aa03c1153a3d492b8e9c6bd78d619aca,40,Work
2673,03/12/2020T13:30:00 ,2020-03-12,Indoor Sport,"(4050206.9476461597, 2951923.276650936)",c2fc24acdae94dd08bb9633603dbcf39,54,Work,49508a04bed641a6879dcf2fbaf027be,60,Work
2674,03/12/2020T13:40:00 ,2020-03-12,Hotel,"(4039845.6103672986, 2941449.460067877)",11868c23e94e438d8c53074b4274c16a,40,Work,2cf5e89620b94159836c6e47d5929ebc,38,Work
2675,03/12/2020T13:50:00 ,2020-03-12,OW Manufacturing,"(4033152.122280112, 2937616.4047832955)",92b5b770974f42848e0df85fa852387a,62,Work,06b166b9df1b4372838dc12c4466a305,57,Work
2675,03/12/2020T13:50:00 ,2020-03-12,OW Administration,"(4037093.952595035, 2937035.4484564867)",ca94772cfa82452c8ba1b2fe30f39ea5,48,Work,55ba29fd217b4251b9c440c372b7a744,47,Work
2675,03/12/2020T13:50:00 ,2020-03-12,OW Administration,"(4037093.952595035, 2937035.4484564867)",533e9cfaf2154ce6bd8c4f4a29bb33e2,38,Work,7336bf0a30db4d33b0f71d5acdb6912d,38,Work
2675,03/12/2020T13:50:00 ,2020-03-12,Restaurant,"(4029286.2984581557, 2956247.5875353212)",0e7ac179ffa848aabe1949ab50e5aba5,78,Restaurant,d223b2a4f5d846498d630aaf296fe84e,64,Restaurant
2675,03/12/2020T13:50:00 ,2020-03-12,Shop,"(4035835.5297417524, 2951371.855012576)",f38ceefc87eb4797b1c6d3b6e15aa240,25,Work,5772c07a392b445ba77f7d913ed9ba4d,34,Work
2675,03/12/2020T13:50:00 ,2020-03-12,Indoor Sport,"(4050206.9476461597, 2951923.276650936)",6361435903804505a5f6d9e499862fb1,36,Work,44163b4c7b574e26bb7873075c969574,40,Work
2675,03/12/2020T13:50:00 ,2020-03-12,Indoor Sport,"(4050206.9476461597, 2951923.276650936)",76be773a8c4049a6b9851d190eaf405b,42,Work,aff2e829f0ad4c909122c17e97e37b00,19,Work
2676,03/12/2020T14:00:00 ,2020-03-12,Care Home,"(4039528.9994623875, 2952253.717866595)",1c628fbc48984efda55502c989b36f3d,23,Work,16ba0fcb48f649f8898b92a545ca0a0b,36,Work
2676,03/12/2020T14:00:00 ,2020-03-12,OW Administration,"(4037093.952595035, 2937035.4484564867)",205dba47efc846cd8e78e63be6cc03dc,58,Work,3021e15635e74a8d8b261202b3b553ab,63,Work
2676,03/12/2020T14:00:00 ,2020-03-12,Hotel,"(4039845.6103672986, 2941449.460067877)",48ab1977e35d4d24b2548effe79a330d,56,Work,02f88e8229b341089306caf43ffd6629,47,Work
2676,03/12/2020T14:00:00 ,2020-03-12,Indoor Sport,"(4050206.9476461597, 2951923.276650936)",16a4d0d03da24c369c87f09c9a104584,34,Work,39ef181d6024433681b58d41ec7667e7,48,Work
2676,03/12/2020T14:00:00 ,2020-03-12,Indoor Sport,"(4050206.9476461597, 2951923.276650936)",5e0857e0952a40128c4997f6d08ea0d5,57,Work,2617675245e44aeaa86bd0e9097473ed,46,Work
2677,03/12/2020T14:10:00 ,2020-03-12,OW Finance,"(4044087.0435225195, 2951850.7264003935)",8b3f8939f99d400a812641e91bac7591,52,Work,56d1fc2cbf564d48bfc0c2df7d64353f,43,Work
2678,03/12/2020T14:20:00 ,2020-03-12,OW Transport,"(4055931.5178130977, 2950463.4801956057)",2b72210099e247e1bcbc6e6b779c6bef,47,Work,65d07f495f704d7fbaa778d483973d1c,22,Work
2678,03/12/2020T14:20:00 ,2020-03-12,OW Finance,"(4023314.6408982556, 2946277.926834426)",88712104fbc845bdaddd5bf56c8f5681,55,Work,204a4d938f5447aeb267cfe5996b6f53,39,Work
2679,03/12/2020T14:30:00 ,2020-03-12,OW Administration,"(4037093.952595035, 2937035.4484564867)",027c26ee3e264f79813d45d2faaf99c0,27,Work,cb016b43f4c24e2f9ba29bd1ef97e36d,40,Work
2680,03/12/2020T14:40:00 ,2020-03-12,Care Home,"(4039528.9994623875, 2952253.717866595)",36ca2dbcbc4642a983a7a93b41440363,56,Work,8e55627ded654728a998a6219342d485,94,House
2680,03/12/2020T14:40:00 ,2020-03-12,Indoor Sport,"(4050206.9476461597, 2951923.276650936)",cca5abbc05ff45e7bef55c297fe2ce0c,35,Work,28c4536ed78e4130846a490e563ab6ee,25,Work
2681,03/12/2020T14:50:00 ,2020-03-12,OW Manufacturing,"(4033152.122280112, 2937616.4047832955)",846e1ffb5e9446b9a5274f770e7c9c48,51,Work,18ca6f48728d4267ad4a1f9d93bfac44,18,Work
2682,03/12/2020T15:00:00 ,2020-03-12,OW Finance,"(4044087.0435225195, 2951850.7264003935)",245d994160994386878e75248c981b60,22,Work,65106b2d9b7c486fb5ae9ad5fb533912,50,Work
2682,03/12/2020T15:00:00 ,2020-03-12,OW Administration,"(4037093.952595035, 2937035.4484564867)",f36801ad74654878a89c9ca9cfafe1ed,45,Work,55ba29fd217b4251b9c440c372b7a744,47,Work
2682,03/12/2020T15:00:00 ,2020-03-12,Hotel,"(4039845.6103672986, 2941449.460067877)",9c33741941f54b909198a8761840b8c2,20,Work,75f95b839fa84cdc8404186a926ada38,34,Work
2682,03/12/2020T15:00:00 ,2020-03-12,Indoor Sport,"(4050206.9476461597, 2951923.276650936)",b28e9439f6634393b83c71cd3c82e59e,58,Work,54fd4079903c448b9d1b8c301fb5f47f,21,Work
2683,03/12/2020T15:10:00 ,2020-03-12,OW Finance,"(4044087.0435225195, 2951850.7264003935)",9b822c605bf74837a557afd400159654,47,Work,03fa6a36c44d44ef9f1ca5163aa3aeb9,47,Work
2684,03/12/2020T15:20:00 ,2020-03-12,OW Finance,"(4044087.0435225195, 2951850.7264003935)",8d74b82dfad64db0bcc018e34fd82146,44,Work,54798d35b3f249d697e153057246e0cc,53,Work
2684,03/12/2020T15:20:00 ,2020-03-12,OW Administration,"(4037093.952595035, 2937035.4484564867)",edbd9f8fc04b4e96b7902016c8c319f4,37,Work,c9d228b85c5147e591499d6f76310150,29,Work
2684,03/12/2020T15:20:00 ,2020-03-12,Indoor Sport,"(4050206.9476461597, 2951923.276650936)",aede4e9a8b604b9d9a9039fe10af90a7,41,Indoor Sport,eebf41f8e11f4415997b816df22f67be,40,Work
2685,03/12/2020T15:30:00 ,2020-03-12,OW Water,"(4033053.181326103, 2934678.575774782)",e608ecad5020415dbb62f6f77a7bbfc1,30,Work,532b83e9e4d74b558c26bcdb4cf3c740,46,Work
2685,03/12/2020T15:30:00 ,2020-03-12,OW Finance,"(4044087.0435225195, 2951850.7264003935)",faae52136cd84ffe8bae50d908f3b763,29,Work,371f531c2d434fe2a0e36667eaff615b,48,Work
2685,03/12/2020T15:30:00 ,2020-03-12,OW Finance,"(4023314.6408982556, 2946277.926834426)",5e1d114e464a43b08988a47706556347,41,Work,75b61fbb1a054deb9fbae53a640e1448,32,Work
2685,03/12/2020T15:30:00 ,2020-03-12,OW Finance,"(4029886.132004339, 2940983.312252022)",98add5bb42fc447f827283895b3a43a6,56,Work,e2818d7e536f4e7baf35c42e20f03d18,26,Work
2685,03/12/2020T15:30:00 ,2020-03-12,OW Finance,"(4041352.149863414, 2950118.0940126437)",23fe06b61b014eca88388e9767b79fb1,33,Work,aa03c1153a3d492b8e9c6bd78d619aca,40,Work
2685,03/12/2020T15:30:00 ,2020-03-12,Hotel,"(4041905.981629138, 2953161.4380196705)",063f269025cc4be5bd3aacd1c9e7559e,40,Work,e04676fb92d34d3a9462d318d61d7020,50,Work
2686,03/12/2020T15:40:00 ,2020-03-12,OW Manufacturing,"(4033152.122280112, 2937616.4047832955)",2c1885f1bc134187b232fd0072a5f621,61,Work,8cbf3690f56f47058adf5c19d0c25d32,41,Work
2686,03/12/2020T15:40:00 ,2020-03-12,Hotel,"(4039845.6103672986, 2941449.460067877)",e20878b354604afcaa978f6ffb26df51,48,Work,a904a79c38464e03bc34dd357936ea27,31,Work
2687,03/12/2020T15:50:00 ,2020-03-12,OW Finance,"(4044087.0435225195, 2951850.7264003935)",a3f56b0abeaf401b9eba4c32c05b03d6,42,Work,54798d35b3f249d697e153057246e0cc,53,Work
2688,03/12/2020T16:00:00 ,2020-03-12,Care Home,"(4039528.9994623875, 2952253.717866595)",a3df09ec368e483abd6bacf5807b0f4a,34,Work,11dc5aab32fc4cceb25c9e210c4b3a5d,45,Work
2688,03/12/2020T16:00:00 ,2020-03-12,OW Administration,"(4037093.952595035, 2937035.4484564867)",8545444de6ef445a970e10b3b6c3d18c,38,Work,d95ed15a62504a3b877ce91a13c96067,32,Work
2688,03/12/2020T16:00:00 ,2020-03-12,Indoor Sport,"(4050206.9476461597, 2951923.276650936)",47557bcf9a634f78acc3106c6b955f19,43,Work,3c970e29d6d84cc7ad12a95f9624989c,49,Work
2688,03/12/2020T16:00:00 ,2020-03-12,Indoor Sport,"(4050206.9476461597, 2951923.276650936)",1f88737c3ba74b9ea1deca04543605a4,50,Work,44163b4c7b574e26bb7873075c969574,40,Work
2689,03/12/2020T16:10:00 ,2020-03-12,OW Manufacturing,"(4033152.122280112, 2937616.4047832955)",6c9421640f9b42129329b2a7d1c77ec3,50,Work,d429295faba148ddaea33dffa4108c86,26,Work
2689,03/12/2020T16:10:00 ,2020-03-12,OW Finance,"(4044087.0435225195, 2951850.7264003935)",5b057ea5538c4031a6215bc0b0c4ea5b,58,Work,03fa6a36c44d44ef9f1ca5163aa3aeb9,47,Work
2689,03/12/2020T16:10:00 ,2020-03-12,Shop,"(4035835.5297417524, 2951371.855012576)",7fd6b5e9333b4807b7e6dcf91c5b9756,42,Work,5c15cb74946749f2be4fc22fd953f68c,36,Work
2689,03/12/2020T16:10:00 ,2020-03-12,Hospital,"(4041018.9862266188, 2978524.81136002)",3f1d77ccde7243888ad84fbdd05a21d9,58,Work,c451fe2077cc42a2abe341325721a3c5,95,Visit
2689,03/12/2020T16:10:00 ,2020-03-12,Indoor Sport,"(4050206.9476461597, 2951923.276650936)",802d08292f15456ea8db5840425188b3,31,Work,182c582ef4584208b50c1544f2492d6a,23,Work
2690,03/12/2020T16:20:00 ,2020-03-12,OW Water,"(4033053.181326103, 2934678.575774782)",ff8deff7a4274f4e8d313406a5228421,56,Work,532b83e9e4d74b558c26bcdb4cf3c740,46,Work
2690,03/12/2020T16:20:00 ,2020-03-12,OW Finance,"(4044087.0435225195, 2951850.7264003935)",98755cb938c441c48454f286d7a35a34,60,Work,3ce793b5f2544d9ab40aa76b4faf277b,22,Work
2690,03/12/2020T16:20:00 ,2020-03-12,OW Finance,"(4044087.0435225195, 2951850.7264003935)",2e202af1d12e43f99e437b1da876f41c,41,Work,371f531c2d434fe2a0e36667eaff615b,48,Work
2691,03/12/2020T16:30:00 ,2020-03-12,OW ICT,"(4038124.8254480036, 2950113.3998562694)",bd605c96d22f429a8927f7c1fe281903,47,Work,830fb10a8aa84419ae3be4e24b68a5bf,51,Work
2692,03/12/2020T16:40:00 ,2020-03-12,OW Finance,"(4044087.0435225195, 2951850.7264003935)",405bba06315c456585b717e88b6add4d,32,Work,e7d826acb2834657be019718ad0a5d7a,48,Work
2692,03/12/2020T16:40:00 ,2020-03-12,Hotel,"(4039845.6103672986, 2941449.460067877)",93a08b593de841caad62261b993e2242,36,Work,5f6fff5b462e4aa7a7da424325e8b19d,59,Work
2692,03/12/2020T16:40:00 ,2020-03-12,Indoor Sport,"(4050206.9476461597, 2951923.276650936)",8db79822fbd146ed9b9c957d21952004,26,Work,4301fad4c98c4417b64e6dd6c24b36b0,22,Work
2692,03/12/2020T16:40:00 ,2020-03-12,Indoor Sport,"(4050206.9476461597, 2951923.276650936)",6994e10ca3204546bd70a0890e40bfd5,40,Work,0afb34583bef43cd8f8b9ca753145d0f,21,Work
2692,03/12/2020T16:40:00 ,2020-03-12,Indoor Sport,"(4050206.9476461597, 2951923.276650936)",c620fbad10e045dfbd82e07f6b8d3ce4,29,Work,538c59751d8e47b2bbb9a297d3cce970,53,Work
2692,03/12/2020T16:40:00 ,2020-03-12,Indoor Sport,"(4050206.9476461597, 2951923.276650936)",97d9da384a2842689fb20a50c0f9586e,30,Indoor Sport,7f4df50979f74aa389b028586d92d7c6,56,Work
2693,03/12/2020T16:50:00 ,2020-03-12,Public Transport,"(4054312.5087486473, 2955684.890214814)",f78067769edb4fe79f27dd1cbbb2e4e6,3,Public Transport,2dad909d3aa844679aba4ba15d31f543,10,Public Transport
2694,03/12/2020T17:00:00 ,2020-03-12,OW Water,"(4033053.181326103, 2934678.575774782)",3b8a783507364b8cae3cbf7342a6652f,45,Work,532b83e9e4d74b558c26bcdb4cf3c740,46,Work
2694,03/12/2020T17:00:00 ,2020-03-12,OW Administration,"(4037093.952595035, 2937035.4484564867)",cfeb56bb76634f3e80b8ce78c2a9aff1,52,Work,61d50d214d1a40b78cf55e70b27e58d4,50,Work
2694,03/12/2020T17:00:00 ,2020-03-12,Indoor Sport,"(4050206.9476461597, 2951923.276650936)",ae79bb9d89b44fa68f40b3376da94a44,48,Work,44163b4c7b574e26bb7873075c969574,40,Work
2694,03/12/2020T17:00:00 ,2020-03-12,Indoor Sport,"(4050206.9476461597, 2951923.276650936)",c1efe256aa4c476ab3ec8b796d1f1c4c,56,Indoor Sport,2b18827d972140b892f397d667830b37,19,Work
2695,03/12/2020T17:10:00 ,2020-03-12,Indoor Sport,"(4050206.9476461597, 2951923.276650936)",502adc712cd34c1984eb65513393c679,34,Work,cafbad97712d49e282fdd08316a2154f,61,Work
2696,03/12/2020T17:20:00 ,2020-03-12,Shop,"(4024941.060218488, 2942340.690874714)",5d2638ebbf2948a0b43347c644223300,58,Shop,22772764d6284302945f81d73297b49a,55,Shop
2697,03/12/2020T17:30:00 ,2020-03-12,Hotel,"(4039845.6103672986, 2941449.460067877)",27a7cfbff96141d7b57f27aedba6e161,50,Work,18d17a7bd4bf420b9bd26aa2434a3850,31,Work
2697,03/12/2020T17:30:00 ,2020-03-12,Indoor Sport,"(4050206.9476461597, 2951923.276650936)",1bca2ca48c38438d9bd23934e40b0d03,43,Work,0afb34583bef43cd8f8b9ca753145d0f,21,Work
2697,03/12/2020T17:30:00 ,2020-03-12,Indoor Sport,"(4030502.763184144, 2976515.5432930677)",c3ae6e9df7f94813af092a6aac68f84b,27,Indoor Sport,150f165e05e847c9b59cda3336dd69fb,54,Indoor Sport
2700,03/12/2020T18:00:00 ,2020-03-12,OW Water,"(4033053.181326103, 2934678.575774782)",5857fc7eaff6421aa259a013a0bd43a3,48,Work,532b83e9e4d74b558c26bcdb4cf3c740,46,Work
2713,03/12/2020T20:10:00 ,2020-03-12,Indoor Sport,"(4019880.958581018, 2946276.85752558)",8975c0d38a244ffc9688fb83b19e3958,24,Indoor Sport,133e2467ac9c4691bd3e84fc1838a768,25,Indoor Sport
2714,03/12/2020T20:20:00 ,2020-03-12,Cinema or Theatre,"(4039544.103704769, 2952649.7747523347)",6937ff5de175410d9ef376db8d6d57ad,72,Cinema or Theatre,0ad9865ea0ec490f80629347b4a8fa6e,65,Cinema or Theatre
2715,03/12/2020T20:30:00 ,2020-03-12,OW Administration,"(4037093.952595035, 2937035.4484564867)",924a029bfa944fb1bd5d099914fd6044,47,Work,eaa6339d1f05411391fc0ec2d38cbe73,28,Work
2720,03/12/2020T21:20:00 ,2020-03-12,Indoor Sport,"(4057909.6885247934, 2952555.139408131)",71a952fde25d4594b6f3bcfe9dd54d6f,28,Indoor Sport,3162e865c1434e5db6ba14419bc70279,28,Indoor Sport
2734,03/12/2020T23:40:00 ,2020-03-12,House,"(4039764.2657805155, 2967362.9617061983)",7b6e03d7d55440c1b2a632980cdc120e,16,House,b3504935e8c5482c83c9bb97053437fa,52,House
2738,03/13/2020T00:20:00 ,2020-03-13,House,"(4029882.7586405645, 2938939.244924299)",93fde5b0abbc4adfbb21b1c84c28ab7b,57,House,100618b4e1874adb87a471a5dfa0e646,38,House
2754,03/13/2020T03:00:00 ,2020-03-13,House,"(4035838.0388104683, 2951918.986548773)",0eff8b219c9e49048d34aa6b2522bc00,2,House,c8a2d58cdfeb40cea8bfa3bd57ae0cda,23,House
2754,03/13/2020T03:00:00 ,2020-03-13,House,"(4067536.993461249, 2960752.0560964234)",7cd0a325b9b4424fa3f4d1ab6191ffc3,35,House,13edde87ccc64a258bac72a51a77c8a4,43,House
2757,03/13/2020T03:30:00 ,2020-03-13,House,"(4044398.4481084775, 2979557.5298715294)",a3561fac693c4c9b85a8f199efbdc23e,49,House,c0d42b2b0ce64e9bae1ef8e582000fb9,20,House
2758,03/13/2020T03:40:00 ,2020-03-13,House,"(4023545.3351733554, 2942407.8115004497)",00ca13289c3145afb278714955554bfb,11,House,2dad909d3aa844679aba4ba15d31f543,10,House
2762,03/13/2020T04:20:00 ,2020-03-13,House,"(4037910.699627408, 2936746.6832724065)",caaf2070998c47179ae92b567b7e01a9,50,House,ca878fc0c4b64f399f1ab186e9fe4634,30,House
2765,03/13/2020T04:50:00 ,2020-03-13,House,"(4051896.480345632, 2952400.6236690474)",169fce205b2f4d4591fbbf4f15096f64,59,House,e988d6e8c10e4a33899cf5572d9ea706,48,House
2768,03/13/2020T05:20:00 ,2020-03-13,House,"(4047434.8861495666, 2951795.551385312)",02173f6921d04d888946c344c991d874,10,House,7f247685bccb412bbf5d1be990a9527a,13,House
2769,03/13/2020T05:30:00 ,2020-03-13,House,"(4041111.1211549416, 2952775.866960002)",39c735f26da54be785eb4c33d73221eb,62,House,12e90353335c485b919b44b1b61559d3,46,House
2771,03/13/2020T05:50:00 ,2020-03-13,Care Home,"(4039528.9994623875, 2952253.717866595)",932b93752f0d4dc7bc7d51c4b124471f,31,Work,e0275dc35e0d4aef84fe57db4bebe9b3,95,House
2776,03/13/2020T06:40:00 ,2020-03-13,House,"(4021467.6865171115, 2945039.3563407045)",ff6d0239d5674860a5471ad6ce07d803,81,House,0ad9865ea0ec490f80629347b4a8fa6e,65,House
2781,03/13/2020T07:30:00 ,2020-03-13,House,"(4039253.2985079098, 2949818.4612559252)",1c31946290914ba39094ef4758c9e47d,22,House,3e599d1a736f4123a93a395f611c2b95,48,House
2783,03/13/2020T07:50:00 ,2020-03-13,OW Finance,"(4044087.0435225195, 2951850.7264003935)",edd28f8033b24f0d89fcea374619bbd3,31,Work,56d1fc2cbf564d48bfc0c2df7d64353f,43,Work
2783,03/13/2020T07:50:00 ,2020-03-13,Hotel,"(4039845.6103672986, 2941449.460067877)",032cad83c2104f7fbd57922120fcb9b8,57,Work,5051f490dc4849768658c90e98982bff,49,Work
2783,03/13/2020T07:50:00 ,2020-03-13,Indoor Sport,"(4050206.9476461597, 2951923.276650936)",175c187a8ba143d3bdadcf3ea1aa9f2e,41,Work,49508a04bed641a6879dcf2fbaf027be,60,Work
2785,03/13/2020T08:10:00 ,2020-03-13,OW Transport,"(4055931.5178130977, 2950463.4801956057)",dc9e94f7ea6d4b8f8c9d64d493d5ac95,35,Work,5d5e1b3ebdb140c3986670859189a045,41,Work
2785,03/13/2020T08:10:00 ,2020-03-13,Hospital,"(4041018.9862266188, 2978524.81136002)",1c0fb8109eda477e983085897a4c80cd,60,Work,5a4bee4d5ad94ce5a91bc68d3f1611da,77,House
2785,03/13/2020T08:10:00 ,2020-03-13,Indoor Sport,"(4050206.9476461597, 2951923.276650936)",a2543343de1449e6944d2fed59cc6b35,39,Work,62ea3037c3eb46128cfb7d487043d081,58,Work
2786,03/13/2020T08:20:00 ,2020-03-13,OW Finance,"(4044087.0435225195, 2951850.7264003935)",47655d11156f47fc8f02da296094fe2c,42,Work,03fa6a36c44d44ef9f1ca5163aa3aeb9,47,Work
2786,03/13/2020T08:20:00 ,2020-03-13,OW Finance,"(4041352.149863414, 2950118.0940126437)",a7e321af549c468fb08429e085395926,28,Work,aa03c1153a3d492b8e9c6bd78d619aca,40,Work
2786,03/13/2020T08:20:00 ,2020-03-13,Hotel,"(4041905.981629138, 2953161.4380196705)",3f20e6db32614419a8885d88ba35ffed,46,Work,e04676fb92d34d3a9462d318d61d7020,50,Work
2786,03/13/2020T08:20:00 ,2020-03-13,Hotel,"(4039845.6103672986, 2941449.460067877)",f8144eef201149bc995fa65aeb11a756,42,Work,30d1464e30c14f2c8cc5feaa469932a9,54,Work
2787,03/13/2020T08:30:00 ,2020-03-13,OW Technical,"(4039992.052727616, 2941584.7248215135)",1f5020d6982a4dfab5d553d188d48b6c,47,Work,e9e7a1266bee4f35a1539f89425e79e0,26,Work
2788,03/13/2020T08:40:00 ,2020-03-13,OW ICT,"(4035155.2916662665, 2952573.727983958)",e6f1e912c454412fb0300fd109be0443,62,Work,a8cabd6035cc448d8ed25c6cd160c3b2,39,Work
2788,03/13/2020T08:40:00 ,2020-03-13,Restaurant,"(4042629.6282218597, 2953079.8663891763)",8a50ddb5d7674234b350f226d8291176,20,Work,59c3147e4d56452db93d4f69897a9257,27,Work
2789,03/13/2020T08:50:00 ,2020-03-13,OW Administration,"(4037093.952595035, 2937035.4484564867)",d7242f0e1c3149d9bb8eab7f05f2dd51,46,Work,8599ecd9d50d4d7e9353a66f15f77861,26,Work
2789,03/13/2020T08:50:00 ,2020-03-13,Indoor Sport,"(4050206.9476461597, 2951923.276650936)",5d6b6a36e53a47c49cd85bfeac5c3116,40,Work,49508a04bed641a6879dcf2fbaf027be,60,Work
2790,03/13/2020T09:00:00 ,2020-03-13,OW Transport,"(4055931.5178130977, 2950463.4801956057)",39baae17169b44819232de63d0f31578,43,Work,6160b1f039514d1d960d2636d5dcf394,42,Work
2790,03/13/2020T09:00:00 ,2020-03-13,Shop,"(4035835.5297417524, 2951371.855012576)",4a7aeb25c1bc4a7b87b76c22f10b0a43,40,Work,f352fcd822184ec9aa38c44e258f1d87,26,Work
2790,03/13/2020T09:00:00 ,2020-03-13,Hotel,"(4041905.981629138, 2953161.4380196705)",6fd46eadd8b648a2ab0c5160548bd1cd,50,Work,a6fe37bce3554aecbaf4ff6b0e436096,44,Work
2790,03/13/2020T09:00:00 ,2020-03-13,Indoor Sport,"(4050206.9476461597, 2951923.276650936)",512deb53ceba4d089df9fa25b242c369,51,Work,4301fad4c98c4417b64e6dd6c24b36b0,22,Work
2790,03/13/2020T09:00:00 ,2020-03-13,Indoor Sport,"(4050206.9476461597, 2951923.276650936)",23bc624191684f57b3bf871bd5b9132c,32,Work,2617675245e44aeaa86bd0e9097473ed,46,Work
2791,03/13/2020T09:10:00 ,2020-03-13,OW Manufacturing,"(4033152.122280112, 2937616.4047832955)",597a4a8aa72c4940b8cac639e34f4b0a,34,Work,34f9966b7d6c45f5a1d73fd623cf666a,45,Work
2791,03/13/2020T09:10:00 ,2020-03-13,OW ICT,"(4035155.2916662665, 2952573.727983958)",d282f49e91854e108b8691b8ccbbfdb1,22,Work,c334007c1073452bb4bcf13c9de39020,20,Work
2791,03/13/2020T09:10:00 ,2020-03-13,Hotel,"(4039845.6103672986, 2941449.460067877)",b96ec683598841bb83f08668a0587a54,48,Work,ac753b8b6e0942a2876727a16aa60275,30,Work
2792,03/13/2020T09:20:00 ,2020-03-13,OW Finance,"(4044087.0435225195, 2951850.7264003935)",b0cc5f86b333416a8291ddf2a5c5bc02,39,Work,56d1fc2cbf564d48bfc0c2df7d64353f,43,Work
2792,03/13/2020T09:20:00 ,2020-03-13,OW Finance,"(4044087.0435225195, 2951850.7264003935)",cb36cffaa06a4682b045aa8f882d5c6c,18,Work,56d1fc2cbf564d48bfc0c2df7d64353f,43,Work
2792,03/13/2020T09:20:00 ,2020-03-13,OW Finance,"(4044087.0435225195, 2951850.7264003935)",3d4b5586dc1e476c9511df61e2d4b20c,51,Work,c8adb675adeb490e9e960017711bfa4f,52,Work
2792,03/13/2020T09:20:00 ,2020-03-13,OW Technical,"(4039992.052727616, 2941584.7248215135)",1b29d92d66fe4b5b9518f0a146ec8c73,23,Work,e9e7a1266bee4f35a1539f89425e79e0,26,Work
2792,03/13/2020T09:20:00 ,2020-03-13,Indoor Sport,"(4050206.9476461597, 2951923.276650936)",2431cef97bf84768bf3b928c341038c2,58,Work,ee9593ec4b3b443588ed5323181db4ef,45,Work
2793,03/13/2020T09:30:00 ,2020-03-13,OW ICT,"(4038124.8254480036, 2950113.3998562694)",cafdddace6c14057a448b62bfc11e920,29,Work,0591825ba9c940f6be74a63891b8c743,49,Work
2793,03/13/2020T09:30:00 ,2020-03-13,OW ICT,"(4035155.2916662665, 2952573.727983958)",fc880966259c4b8181acc38bf4cf529a,31,Work,c334007c1073452bb4bcf13c9de39020,20,Work
2793,03/13/2020T09:30:00 ,2020-03-13,OW Finance,"(4029886.132004339, 2940983.312252022)",7e13f541d7334df9a06d7ef710df6cdc,39,Work,de1f51956ce946e9a4c94a1908cda23a,61,Work
2793,03/13/2020T09:30:00 ,2020-03-13,OW Administration,"(4037093.952595035, 2937035.4484564867)",94ba176c5acd43e69748182c1a47192e,53,Work,a7f115ad45d94f698aaa5b26df03cd8c,21,Work
2793,03/13/2020T09:30:00 ,2020-03-13,OW Administration,"(4037093.952595035, 2937035.4484564867)",8ea5f83edb2c483593189efc9e0fdfaf,38,Work,f00fcd3e3f234e79a72157b369143dc4,38,Work
2794,03/13/2020T09:40:00 ,2020-03-13,OW Catering and Accommodation,"(4033016.8969621263, 2954392.4969770927)",1e7612ff2db14bd6bd1394414d323cb9,39,Work,1c2affc1ba4a43c1b70f04c137e030b3,39,Work
2794,03/13/2020T09:40:00 ,2020-03-13,OW Finance,"(4044087.0435225195, 2951850.7264003935)",31506f5bc89d45efba75650e10dd3bad,26,Work,3ce793b5f2544d9ab40aa76b4faf277b,22,Work
2794,03/13/2020T09:40:00 ,2020-03-13,OW Finance,"(4041352.149863414, 2950118.0940126437)",31943707b5d340d4b397a64e9ff937aa,43,Work,aa03c1153a3d492b8e9c6bd78d619aca,40,Work
2794,03/13/2020T09:40:00 ,2020-03-13,Hospital,"(4041018.9862266188, 2978524.81136002)",978787578450479a956479d9d3f4c248,79,Medical,c451fe2077cc42a2abe341325721a3c5,95,Outdoor
2795,03/13/2020T09:50:00 ,2020-03-13,OW Manufacturing,"(4033152.122280112, 2937616.4047832955)",ea6e07427f98460cbee88e9f9a393bc2,52,Work,7b1b79f8d79a4912b11f2bb4dcebd666,37,Work
2795,03/13/2020T09:50:00 ,2020-03-13,OW Catering and Accommodation,"(4033016.8969621263, 2954392.4969770927)",6053910d9c9842cf8f11573ada68a4f7,32,Work,1c2affc1ba4a43c1b70f04c137e030b3,39,Work
2795,03/13/2020T09:50:00 ,2020-03-13,OW Administration,"(4037093.952595035, 2937035.4484564867)",a8222cca4bc1483884a2e9462662f609,23,Work,cce35c1bba46458aa60f0c358c34cbe3,26,Work
2795,03/13/2020T09:50:00 ,2020-03-13,Hotel,"(4039845.6103672986, 2941449.460067877)",04afb7c48c8b4cb7b7634b4cd0a27604,36,Work,c8a2d58cdfeb40cea8bfa3bd57ae0cda,23,Work
2796,03/13/2020T10:00:00 ,2020-03-13,OW Finance,"(4044087.0435225195, 2951850.7264003935)",c948654bacf44fa3a46b7a0de2eef0b9,40,Work,03fa6a36c44d44ef9f1ca5163aa3aeb9,47,Work
2796,03/13/2020T10:00:00 ,2020-03-13,OW Administration,"(4037093.952595035, 2937035.4484564867)",8db3cb0f8a5646a7bdaa0cb0473a9a38,46,Work,3dfb457f449147409e3d8853f8e06e2e,47,Work
2796,03/13/2020T10:00:00 ,2020-03-13,Hotel,"(4041905.981629138, 2953161.4380196705)",5d5565b00e0a489bb4eb3a92368c8260,58,Work,0e2f82620b8c45d88d8cb976c38465f4,24,Work
2796,03/13/2020T10:00:00 ,2020-03-13,Indoor Sport,"(4050206.9476461597, 2951923.276650936)",0311518119264f8195f29192b63e092e,41,Work,39ef181d6024433681b58d41ec7667e7,48,Work
2797,03/13/2020T10:10:00 ,2020-03-13,Indoor Sport,"(4050206.9476461597, 2951923.276650936)",e3d108474c87456ba7974042feb0cb16,55,Work,30c6f4067fa44a89875fa2b0ee849691,55,Work
2797,03/13/2020T10:10:00 ,2020-03-13,Indoor Sport,"(4050206.9476461597, 2951923.276650936)",5e237632d0e94145836d884d5637fa48,54,Work,39ef181d6024433681b58d41ec7667e7,48,Work
2798,03/13/2020T10:20:00 ,2020-03-13,Hospital,"(4041018.9862266188, 2978524.81136002)",4c9bda3b3686417c840f469a3b94de68,39,Work,ee4e93e2030e4bfaa70d31a1a59d90ce,36,Work
2798,03/13/2020T10:20:00 ,2020-03-13,Hotel,"(4039845.6103672986, 2941449.460067877)",c024668d31304f1c9bc3b8a934fa634b,60,Work,a904a79c38464e03bc34dd357936ea27,31,Work
2798,03/13/2020T10:20:00 ,2020-03-13,Primary School,"(4036817.0233141175, 2938678.4028911972)",c2d3d2669a8746e48553d4ac8646e782,5,School,4454f58117e04a77808e64dda4da3007,4,School
2799,03/13/2020T10:30:00 ,2020-03-13,OW Finance,"(4044087.0435225195, 2951850.7264003935)",c5120decfad847a7b10576d59cb6f3b5,18,Work,3ce793b5f2544d9ab40aa76b4faf277b,22,Work
2799,03/13/2020T10:30:00 ,2020-03-13,Hotel,"(4041905.981629138, 2953161.4380196705)",33e345c79771465492188fd0c5610490,42,Work,a6fe37bce3554aecbaf4ff6b0e436096,44,Work
2799,03/13/2020T10:30:00 ,2020-03-13,Hotel,"(4039845.6103672986, 2941449.460067877)",d2289171caf14639b02382ccada5275e,20,Work,18d17a7bd4bf420b9bd26aa2434a3850,31,Work
2799,03/13/2020T10:30:00 ,2020-03-13,Indoor Sport,"(4050206.9476461597, 2951923.276650936)",facc28bd5765448991a98401f5a1b4d2,59,Work,2b18827d972140b892f397d667830b37,19,Work
2799,03/13/2020T10:30:00 ,2020-03-13,Indoor Sport,"(4050206.9476461597, 2951923.276650936)",173a774ee435405fb4ee9fb40fa83b39,21,Work,e95348c8228642e7a75a3f5e467db193,45,Work
2799,03/13/2020T10:30:00 ,2020-03-13,Indoor Sport,"(4050206.9476461597, 2951923.276650936)",27d7cdc56089426b9565ce656779fc37,23,Work,712f97036a854c5d87e0e1b11dbbaf07,26,Work
2800,03/13/2020T10:40:00 ,2020-03-13,OW Transport,"(4055931.5178130977, 2950463.4801956057)",c0b4e5420d0746b79ea9f5f4b21b7713,38,Work,7fe1538d020b4e208d5b225748d626c2,28,Work
2800,03/13/2020T10:40:00 ,2020-03-13,OW Finance,"(4044087.0435225195, 2951850.7264003935)",fba0d90ddb7c4f62ad093c22665490db,56,Work,65106b2d9b7c486fb5ae9ad5fb533912,50,Work
2800,03/13/2020T10:40:00 ,2020-03-13,OW Finance,"(4029886.132004339, 2940983.312252022)",47ed7335011b47e6ab6c8fda5250e098,41,Work,01bd638e567b4ce49858933fe456ed3e,24,Work
2801,03/13/2020T10:50:00 ,2020-03-13,OW ICT,"(4035155.2916662665, 2952573.727983958)",7ca401a2ecba4c0894bd66e190dbd7c2,39,Work,84011e7f54424c4fa37267823899aa92,27,Work
2801,03/13/2020T10:50:00 ,2020-03-13,OW Finance,"(4044087.0435225195, 2951850.7264003935)",535e45df6988425fa6cf8b197fcbda90,21,Work,56d1fc2cbf564d48bfc0c2df7d64353f,43,Work
2801,03/13/2020T10:50:00 ,2020-03-13,OW Finance,"(4044087.0435225195, 2951850.7264003935)",1d6479b0e44c4012a5a77de047d6efe8,38,Work,56d1fc2cbf564d48bfc0c2df7d64353f,43,Work
2801,03/13/2020T10:50:00 ,2020-03-13,OW Administration,"(4037093.952595035, 2937035.4484564867)",e0be7696b8ed4b7984284f1095b64d67,25,Work,6048217814ee4c308c9ebd8a40f2ec16,53,Work
2801,03/13/2020T10:50:00 ,2020-03-13,OW Administration,"(4037093.952595035, 2937035.4484564867)",646b916b29a145888751458f02f4c157,30,Work,417e43b4ebe24c5b8b0455a87f287be4,29,Work
2801,03/13/2020T10:50:00 ,2020-03-13,Shop,"(4030853.6684093513, 2939596.475549419)",2a07d91b51a044a3ade5fb465831b2c0,63,Work,9364f3b16d5a4e789b00e3c083cb45c9,38,Work
2801,03/13/2020T10:50:00 ,2020-03-13,Shop,"(4035835.5297417524, 2951371.855012576)",f9a579072b174394bad0b1110155a504,40,Work,30f501fd65934ef79ffc898b1e6f2f3c,41,Work
2801,03/13/2020T10:50:00 ,2020-03-13,Hotel,"(4041905.981629138, 2953161.4380196705)",7ad2a7b909ea463484cef05b9f422af1,23,Work,0e2f82620b8c45d88d8cb976c38465f4,24,Work
2801,03/13/2020T10:50:00 ,2020-03-13,Hotel,"(4041905.981629138, 2953161.4380196705)",40cf8b79d8f446bbba80860248aa25d8,35,Work,e04676fb92d34d3a9462d318d61d7020,50,Work
2802,03/13/2020T11:00:00 ,2020-03-13,Care Home,"(4039528.9994623875, 2952253.717866595)",d94ccb73a46f4602b350e9aa8d9029d0,25,Work,e6fd49a182fc43969169a5676243de82,93,House
2802,03/13/2020T11:00:00 ,2020-03-13,OW Manufacturing,"(4033152.122280112, 2937616.4047832955)",d82911d0223e42fc91f4fbf9638a2bee,33,Work,a74076ab74e94e07a9033a5a5138e56e,55,Work
2802,03/13/2020T11:00:00 ,2020-03-13,OW ICT,"(4035155.2916662665, 2952573.727983958)",73c339a3e0064e469149d8c2dca7e7f8,37,Work,c334007c1073452bb4bcf13c9de39020,20,Work
2802,03/13/2020T11:00:00 ,2020-03-13,OW Administration,"(4037093.952595035, 2937035.4484564867)",f945f86624594a83b4352e14f79bb28f,25,Work,2b66219d92de4d92bdad98ddd0735e4b,55,Work
2803,03/13/2020T11:10:00 ,2020-03-13,OW Water,"(4033053.181326103, 2934678.575774782)",00716e837a6f412bbdeb443e89ac946b,54,Work,0baa537c6e0b4cf39cb72ef3618f15c3,42,Work
2803,03/13/2020T11:10:00 ,2020-03-13,OW ICT,"(4035155.2916662665, 2952573.727983958)",eb0a60f63fde4d629c50ccceaf66805c,54,Work,84011e7f54424c4fa37267823899aa92,27,Work
2803,03/13/2020T11:10:00 ,2020-03-13,OW Administration,"(4037093.952595035, 2937035.4484564867)",8e484b141e854dd68db6d3c2bcbb0685,28,Work,46da4de8c0f64c27b73429a0328d17e6,39,Work
2803,03/13/2020T11:10:00 ,2020-03-13,Indoor Sport,"(4050206.9476461597, 2951923.276650936)",490d8abc7708472cbfe0aee56e0ed6dd,44,Work,71a57457781c4995a128bfc4dd1b1a96,28,Work
2803,03/13/2020T11:10:00 ,2020-03-13,Indoor Sport,"(4050206.9476461597, 2951923.276650936)",bfd95a0e8dfc46b68f9a8bffae1a25be,33,Work,7dfaae27df0640d5a75b08aa0ec7c468,33,Work
2804,03/13/2020T11:20:00 ,2020-03-13,OW ICT,"(4038124.8254480036, 2950113.3998562694)",c57c9d83881642b3b60d468c914af7cb,23,Work,e3e7cf6934a24a2eb426fb295effe591,55,Work
2804,03/13/2020T11:20:00 ,2020-03-13,OW Administration,"(4037093.952595035, 2937035.4484564867)",5667e4de86374d4a8d2f68dafbb8b1c2,37,Work,18b989e37bad4edc92575e54e6761f04,37,Work
2804,03/13/2020T11:20:00 ,2020-03-13,Shop,"(4035835.5297417524, 2951371.855012576)",463ad38295fc4addb35ca8e2f6af90ec,55,Work,303d812c855b4dd7aea670394f9b817a,51,Work
2804,03/13/2020T11:20:00 ,2020-03-13,Hospital,"(4058154.76725065, 2949603.507869995)",e9d334b6940e445382ae192537ca4b49,34,Work,b9929495a61c4f6c9c6c22c064eb9a5c,29,Work
2804,03/13/2020T11:20:00 ,2020-03-13,Hotel,"(4041905.981629138, 2953161.4380196705)",78699b3188ec4fa29c33276057bb07ee,20,Work,2024ab712d4d40e588e88f5b61b218f0,48,Work
2804,03/13/2020T11:20:00 ,2020-03-13,Indoor Sport,"(4050206.9476461597, 2951923.276650936)",09733726494e4fdb8efd66a98c0b2514,39,Work,cdbd5cd2e5b24df4aad3e2dcd4693e60,58,Work
2805,03/13/2020T11:30:00 ,2020-03-13,OW Water,"(4033053.181326103, 2934678.575774782)",182f93ca51634496ba501296d10b99d8,18,Work,7336e18a69a04c00b79ac5b403422a7a,40,Work
2805,03/13/2020T11:30:00 ,2020-03-13,OW Catering and Accommodation,"(4033016.8969621263, 2954392.4969770927)",9f05f6912fe84657a59c21e4e6044802,41,Work,1c2affc1ba4a43c1b70f04c137e030b3,39,Work
2805,03/13/2020T11:30:00 ,2020-03-13,OW Finance,"(4044087.0435225195, 2951850.7264003935)",adb3654e6b5848b6b652440aca3a1af8,34,Work,005dc4ba5644481f9dbe60c6c39aa592,43,Work
2805,03/13/2020T11:30:00 ,2020-03-13,OW Finance,"(4044087.0435225195, 2951850.7264003935)",94b888fe5b0a4647b4b469fc75f53b6a,39,Work,24fa03bd67c44790af89b97ca1cdf2c7,22,Work
2805,03/13/2020T11:30:00 ,2020-03-13,Hotel,"(4039845.6103672986, 2941449.460067877)",c9edca9d4a384764a9c2949eaefcbf6d,39,Work,b8544bb691c24301b5bf44b6874d1847,32,Work
2806,03/13/2020T11:40:00 ,2020-03-13,OW Manufacturing,"(4033152.122280112, 2937616.4047832955)",d07f18adc7aa4109a2ceb190538cdebc,39,Work,06b166b9df1b4372838dc12c4466a305,57,Work
2806,03/13/2020T11:40:00 ,2020-03-13,OW Technical,"(4039992.052727616, 2941584.7248215135)",6021fa9e68b14655b49014c0934254c2,57,Work,e9e7a1266bee4f35a1539f89425e79e0,26,Work
2806,03/13/2020T11:40:00 ,2020-03-13,Indoor Sport,"(4050206.9476461597, 2951923.276650936)",1593f2960dff4fbabe8ec9021f8aab11,45,Work,0afb34583bef43cd8f8b9ca753145d0f,21,Work
2806,03/13/2020T11:40:00 ,2020-03-13,Secondary School,"(4028941.945504558, 2972528.6090870015)",92b1d16f910c4c1bb138adf4563f3273,15,School,685a88d7800442aa95574c44b3f5b1c1,17,School
2807,03/13/2020T11:50:00 ,2020-03-13,OW Finance,"(4044087.0435225195, 2951850.7264003935)",a187df2c494e409cb7703850051a2d33,32,Work,f10bf7661d544811b376fa6b7ad22925,25,Work
2807,03/13/2020T11:50:00 ,2020-03-13,OW Finance,"(4044087.0435225195, 2951850.7264003935)",c21d7bd1b8a542949d84fe3e179c0aa1,40,Work,005dc4ba5644481f9dbe60c6c39aa592,43,Work
2807,03/13/2020T11:50:00 ,2020-03-13,Hotel,"(4039845.6103672986, 2941449.460067877)",3f9346012baa448baa3b6f83043ec269,55,Work,5b69460239084d59bdc6a02e9647aa44,46,Work
2807,03/13/2020T11:50:00 ,2020-03-13,Indoor Sport,"(4050206.9476461597, 2951923.276650936)",2b6119bc2945448b968edb19f4fc118a,55,Indoor Sport,1c1b2e318d174cc7aa844bf62cf9e75a,41,Work
2808,03/13/2020T12:00:00 ,2020-03-13,OW Manufacturing,"(4068332.2126111374, 2961060.5823687455)",b6900439481c49d0b2f4067020366545,64,Work,2d4fd910ea6545dfa1d971689f3a66d1,26,Work
2808,03/13/2020T12:00:00 ,2020-03-13,OW ICT,"(4038124.8254480036, 2950113.3998562694)",cd47895271e1406ab6fce3c31bf862fc,23,Work,a6ec31f06656434dadccb13f9fc93718,48,Work
2808,03/13/2020T12:00:00 ,2020-03-13,OW Finance,"(4044087.0435225195, 2951850.7264003935)",e7d8ba3ae8ec4c70a9565a5fd920fd0e,25,Work,24fa03bd67c44790af89b97ca1cdf2c7,22,Work
2808,03/13/2020T12:00:00 ,2020-03-13,OW Administration,"(4037093.952595035, 2937035.4484564867)",c139d5ef0d9c4c3392f2d46615cc2e67,48,Work,6c9ea1fe76524b28ac7ef3a489fa55ca,57,Work
2808,03/13/2020T12:00:00 ,2020-03-13,Indoor Sport,"(4050206.9476461597, 2951923.276650936)",6f125c0b709a4c36814c68bf9c124495,26,Work,54fd4079903c448b9d1b8c301fb5f47f,21,Work
2809,03/13/2020T12:10:00 ,2020-03-13,OW Manufacturing,"(4068332.2126111374, 2961060.5823687455)",43a03df4b83a472e86b4c9a6369bb4a4,44,Work,2d4fd910ea6545dfa1d971689f3a66d1,26,Work
2809,03/13/2020T12:10:00 ,2020-03-13,OW Finance,"(4044087.0435225195, 2951850.7264003935)",638dd4f59798425cac9b2350e37f4120,61,Work,9946b6baa78a4ffca2ddbfd615b6bd4b,62,Work
2809,03/13/2020T12:10:00 ,2020-03-13,OW Finance,"(4044087.0435225195, 2951850.7264003935)",69b17dc5c0c84739ad4f87543eb3d7de,42,Work,24fa03bd67c44790af89b97ca1cdf2c7,22,Work
2809,03/13/2020T12:10:00 ,2020-03-13,OW Finance,"(4041352.149863414, 2950118.0940126437)",75c0dcc55ea84b22aa7d566d81f6c4db,26,Work,aa03c1153a3d492b8e9c6bd78d619aca,40,Work
2809,03/13/2020T12:10:00 ,2020-03-13,Shop,"(4035835.5297417524, 2951371.855012576)",5de22c2913cc4cbc8869a9247ce589df,10,Shop,30f501fd65934ef79ffc898b1e6f2f3c,41,Work
2809,03/13/2020T12:10:00 ,2020-03-13,Indoor Sport,"(4050206.9476461597, 2951923.276650936)",5aa3d1634d6940538c20f1ecfeefbd3f,42,Work,ee9593ec4b3b443588ed5323181db4ef,45,Work
2810,03/13/2020T12:20:00 ,2020-03-13,Restaurant,"(4023258.1018344965, 2950558.9688609433)",6a4b07bf862245c3b1c878181721933a,83,Restaurant,eb5dc22a8f384cc6af8e3d5b43aa5308,43,Restaurant
2810,03/13/2020T12:20:00 ,2020-03-13,Primary School,"(4036817.0233141175, 2938678.4028911972)",25d2ef4afe3e4eca8d7ed3c95f56f01c,10,School,4454f58117e04a77808e64dda4da3007,4,School
2812,03/13/2020T12:40:00 ,2020-03-13,OW Finance,"(4044087.0435225195, 2951850.7264003935)",3e16bce7c70f4c23a18f7c0be4bbe64b,38,Work,9946b6baa78a4ffca2ddbfd615b6bd4b,62,Work
2812,03/13/2020T12:40:00 ,2020-03-13,OW Finance,"(4044087.0435225195, 2951850.7264003935)",4ef4f8209198429f9eb3cdfadbc38f96,41,Work,e7d826acb2834657be019718ad0a5d7a,48,Work
2812,03/13/2020T12:40:00 ,2020-03-13,OW Finance,"(4044087.0435225195, 2951850.7264003935)",5e79934f91bf479a9016fb80c121391b,31,Work,9946b6baa78a4ffca2ddbfd615b6bd4b,62,Work
2813,03/13/2020T12:50:00 ,2020-03-13,OW ICT,"(4035155.2916662665, 2952573.727983958)",06b4d4c1d26a4b4699415ef62c57bcb0,39,Work,84011e7f54424c4fa37267823899aa92,27,Work
2814,03/13/2020T13:00:00 ,2020-03-13,OW Water,"(4033053.181326103, 2934678.575774782)",7d949a569cea454bacdfc4c7b7844ed5,33,Work,0baa537c6e0b4cf39cb72ef3618f15c3,42,Work
2814,03/13/2020T13:00:00 ,2020-03-13,OW ICT,"(4035155.2916662665, 2952573.727983958)",0cab4890cac84b04b3d8d86c97ff9a96,49,Work,a8cabd6035cc448d8ed25c6cd160c3b2,39,Work
2814,03/13/2020T13:00:00 ,2020-03-13,Indoor Sport,"(4050206.9476461597, 2951923.276650936)",cf31ea52e44d4947a808cb28125eb47b,18,Work,8db633e324b347168bda9a9ca393c3d9,58,Work
2815,03/13/2020T13:10:00 ,2020-03-13,OW ICT,"(4035155.2916662665, 2952573.727983958)",98e429fd9e264bc29b7e4e7cc8912de3,23,Work,a8cabd6035cc448d8ed25c6cd160c3b2,39,Work
2815,03/13/2020T13:10:00 ,2020-03-13,OW Finance,"(4044087.0435225195, 2951850.7264003935)",83172117147d4944addf6579fe985f87,50,Work,9946b6baa78a4ffca2ddbfd615b6bd4b,62,Work
2815,03/13/2020T13:10:00 ,2020-03-13,Restaurant,"(4025506.671500771, 2942127.942477037)",4afccb6d76c64971b9b911f6e4694cb3,37,Restaurant,24e908d0dd1347cd9a117ac25dc0a3ba,28,Restaurant
2815,03/13/2020T13:10:00 ,2020-03-13,Shop,"(4035835.5297417524, 2951371.855012576)",cb3f59955a984dfb98895de43978bcb8,50,Work,90d8b0d18d234dd2ace6b3309e945ff2,59,Work
2816,03/13/2020T13:20:00 ,2020-03-13,OW Manufacturing,"(4033152.122280112, 2937616.4047832955)",5f346435aaaf4c56b95b094c1f57b8fb,30,Work,1f290174cf5b4d428f3ce5de1034737f,48,Work
2816,03/13/2020T13:20:00 ,2020-03-13,Indoor Sport,"(4050206.9476461597, 2951923.276650936)",73d08d98017d4c00a7ca4e0d5028d9b0,64,Work,712f97036a854c5d87e0e1b11dbbaf07,26,Work
2817,03/13/2020T13:30:00 ,2020-03-13,OW Manufacturing,"(4041994.9357273723, 2949416.2223347416)",7010aec1cd5646a79c244c7d892f1cda,58,Work,1315dafb258a42ce82665e66bf76633f,40,Work
2817,03/13/2020T13:30:00 ,2020-03-13,OW Manufacturing,"(4033152.122280112, 2937616.4047832955)",be53ceeb464a4aebb61753ff6a544a76,34,Work,964196e7cb944ddb858597eaadb88ff3,26,Work
2817,03/13/2020T13:30:00 ,2020-03-13,OW Administration,"(4037093.952595035, 2937035.4484564867)",cb269326fea7488696f744e68e3e6269,58,Work,e41009826032420891a9e838ba31a5c1,37,Work
2817,03/13/2020T13:30:00 ,2020-03-13,Shop,"(4030853.6684093513, 2939596.475549419)",319a4dfa1a2b4a5881af32d48e3e9cd3,34,Work,44b75a97c1064630be6b5033656fab89,34,Work
2817,03/13/2020T13:30:00 ,2020-03-13,Hotel,"(4041905.981629138, 2953161.4380196705)",38399f142b0b46378f643ede6c82527a,32,Work,a6fe37bce3554aecbaf4ff6b0e436096,44,Work
2818,03/13/2020T13:40:00 ,2020-03-13,Care Home,"(4039528.9994623875, 2952253.717866595)",a59040bf6c32479f89f01622bcad0419,24,Work,38773b47053b4687b9ff1b3a8bf53bd9,40,Work
2818,03/13/2020T13:40:00 ,2020-03-13,OW Manufacturing,"(4068332.2126111374, 2961060.5823687455)",ccbfe08e229c4ad38d16b883d4fab76b,46,Work,2d4fd910ea6545dfa1d971689f3a66d1,26,Work
2818,03/13/2020T13:40:00 ,2020-03-13,OW ICT,"(4035155.2916662665, 2952573.727983958)",d89eb2dd602f499086cbba98e024c457,46,Work,600f11846bd54762ba3c10e0ee2c9f3c,43,Work
2818,03/13/2020T13:40:00 ,2020-03-13,Indoor Sport,"(4050206.9476461597, 2951923.276650936)",d404a9b290614266af8c71d65064ffca,63,Work,4159e22d1ef34dfab685449fb253968f,56,Work
2819,03/13/2020T13:50:00 ,2020-03-13,Care Home,"(4039528.9994623875, 2952253.717866595)",44e6e18c40eb495c81a90a2d9204f9c2,41,Work,f0d1dcc7d57c4c61a2c239de15a2e296,32,Work
2819,03/13/2020T13:50:00 ,2020-03-13,OW Manufacturing,"(4033152.122280112, 2937616.4047832955)",5bdf2482d6e24fb894abc082bf87b874,35,Work,35fe2949bfdb486fbd645d4b68ad506e,39,Work
2819,03/13/2020T13:50:00 ,2020-03-13,OW Finance,"(4044087.0435225195, 2951850.7264003935)",844d90fc8e014c479f16a5f835d51412,62,Work,e7d826acb2834657be019718ad0a5d7a,48,Work
2819,03/13/2020T13:50:00 ,2020-03-13,OW Finance,"(4044087.0435225195, 2951850.7264003935)",4f8618c71a1b49edbc86ce9c818b52ab,56,Work,005dc4ba5644481f9dbe60c6c39aa592,43,Work
2819,03/13/2020T13:50:00 ,2020-03-13,OW Finance,"(4044087.0435225195, 2951850.7264003935)",4ae6fb97be004d21b7e292c83e5bc9d2,43,Work,f10bf7661d544811b376fa6b7ad22925,25,Work
2819,03/13/2020T13:50:00 ,2020-03-13,OW Finance,"(4029886.132004339, 2940983.312252022)",b5ab1cd449e24de290d0489d6754fadc,46,Work,2fe9de87f36944c68de4ba061ed1b591,37,Work
2819,03/13/2020T13:50:00 ,2020-03-13,Hotel,"(4041905.981629138, 2953161.4380196705)",dae08820e95a49ef9584b0b3eeadf7b9,26,Work,e04676fb92d34d3a9462d318d61d7020,50,Work
2819,03/13/2020T13:50:00 ,2020-03-13,Indoor Sport,"(4050206.9476461597, 2951923.276650936)",0edb1f16c63d44788d7a1f95ee139ee8,55,Work,a4bcc02e04ad4735860a0b403949693b,58,Work
2820,03/13/2020T14:00:00 ,2020-03-13,OW Finance,"(4044087.0435225195, 2951850.7264003935)",4267dbbb55924a33ae1d82420f945158,27,Work,e7d826acb2834657be019718ad0a5d7a,48,Work
2820,03/13/2020T14:00:00 ,2020-03-13,OW Administration,"(4037093.952595035, 2937035.4484564867)",e63f2bc87ba946ad82ca6599b3b240ef,39,Work,3021e15635e74a8d8b261202b3b553ab,63,Work
2820,03/13/2020T14:00:00 ,2020-03-13,Indoor Sport,"(4050206.9476461597, 2951923.276650936)",6d3647bf0b494f8885724f1349ed1e4c,49,Work,cf8c6bffd59f42b6a3f2c236522de2a6,38,Work
2820,03/13/2020T14:00:00 ,2020-03-13,Indoor Sport,"(4050206.9476461597, 2951923.276650936)",7fc25f58975045b4a728d95b6cdf52f1,38,Work,ee491de21c0b49369034293df6e74229,20,Work
2821,03/13/2020T14:10:00 ,2020-03-13,Shop,"(4035835.5297417524, 2951371.855012576)",a3395987873c40fc9106882272f20f64,48,Work,293d4e678a2f4c4bb370b0288efb7d1d,57,Work
2821,03/13/2020T14:10:00 ,2020-03-13,Indoor Sport,"(4050206.9476461597, 2951923.276650936)",4abebc02ea364343a98b93930952b8f2,37,Work,4159e22d1ef34dfab685449fb253968f,56,Work
2822,03/13/2020T14:20:00 ,2020-03-13,OW Finance,"(4044087.0435225195, 2951850.7264003935)",4fe5b4e2a87f4028b873e0e327937491,48,Work,56d1fc2cbf564d48bfc0c2df7d64353f,43,Work
2823,03/13/2020T14:30:00 ,2020-03-13,OW Finance,"(4041352.149863414, 2950118.0940126437)",bf499e803b434a309597d816e09a45d3,50,Work,aa03c1153a3d492b8e9c6bd78d619aca,40,Work
2823,03/13/2020T14:30:00 ,2020-03-13,Shop,"(4030853.6684093513, 2939596.475549419)",dbfe0779449343888131e2f72e2d841b,20,Work,9364f3b16d5a4e789b00e3c083cb45c9,38,Work
2823,03/13/2020T14:30:00 ,2020-03-13,Hotel,"(4039845.6103672986, 2941449.460067877)",91b945401cdd47c995122b350dfe1039,21,Work,307b246fb3484d9cb379a1c6282d2d89,41,Work
2824,03/13/2020T14:40:00 ,2020-03-13,OW Finance,"(4044087.0435225195, 2951850.7264003935)",ab5bf4460bc64e22aee27c630708cbbe,30,Work,24fa03bd67c44790af89b97ca1cdf2c7,22,Work
2824,03/13/2020T14:40:00 ,2020-03-13,OW Finance,"(4029886.132004339, 2940983.312252022)",454eee57cb6846c9a1dca16036dd03cf,51,Work,781ca0a4c7c44f9cb6fd179790ccb030,40,Work
2825,03/13/2020T14:50:00 ,2020-03-13,OW Finance,"(4044087.0435225195, 2951850.7264003935)",fce8d009cb624a36951058a81a8774fe,54,Work,371f531c2d434fe2a0e36667eaff615b,48,Work
2825,03/13/2020T14:50:00 ,2020-03-13,OW Administration,"(4037093.952595035, 2937035.4484564867)",14efaeca630f47f3aa6d8c003ade68c4,40,Work,d95ed15a62504a3b877ce91a13c96067,32,Work
2825,03/13/2020T14:50:00 ,2020-03-13,OW Administration,"(4037093.952595035, 2937035.4484564867)",25151b78b02742728e15d80cd2d3fb2d,20,Work,e41009826032420891a9e838ba31a5c1,37,Work
2825,03/13/2020T14:50:00 ,2020-03-13,OW Administration,"(4037093.952595035, 2937035.4484564867)",e3b7285f44b64b83a5f28fbf15f0223c,58,Work,bd08648f7c394cbdb83b3a0652478568,37,Work
2825,03/13/2020T14:50:00 ,2020-03-13,Hotel,"(4039845.6103672986, 2941449.460067877)",26dcc34c12544a61a4133195f2000ce3,26,Work,b3b8cee7c33e44fc88ad3923e17fdaa1,42,Work
2826,03/13/2020T15:00:00 ,2020-03-13,OW Water,"(4033053.181326103, 2934678.575774782)",c2b6c4b5ad2c4ddbb38c5cbbd07fff71,53,Work,0baa537c6e0b4cf39cb72ef3618f15c3,42,Work
2826,03/13/2020T15:00:00 ,2020-03-13,OW Finance,"(4044087.0435225195, 2951850.7264003935)",5094dbebe1514dca816433f5d135e649,44,Work,9946b6baa78a4ffca2ddbfd615b6bd4b,62,Work
2826,03/13/2020T15:00:00 ,2020-03-13,OW Administration,"(4037093.952595035, 2937035.4484564867)",1de93c8a7ea14c1e8680431e62786d8a,32,Work,bec55956a5f44e8e9153cf13a17976b5,46,Work
2827,03/13/2020T15:10:00 ,2020-03-13,OW Administration,"(4037093.952595035, 2937035.4484564867)",ede4e234369643c8965b21bb76193b0c,47,Work,bec55956a5f44e8e9153cf13a17976b5,46,Work
2828,03/13/2020T15:20:00 ,2020-03-13,OW ICT,"(4038124.8254480036, 2950113.3998562694)",74bca9f08f12462ca927c4155c937faa,56,Work,5c3e4592ac06406b8b61493507e0ca5f,42,Work
2828,03/13/2020T15:20:00 ,2020-03-13,OW Finance,"(4044087.0435225195, 2951850.7264003935)",25ad7baca81e4fb5a1f8d9356544a9c4,50,Work,9b822c605bf74837a557afd400159654,47,Work
2828,03/13/2020T15:20:00 ,2020-03-13,House,"(4050156.565419716, 2949941.733218341)",558dd517c08f44f6ae3587d7374281c4,8,House,0d815580ff0c42f28dfb69a131b87149,30,House
2829,03/13/2020T15:30:00 ,2020-03-13,OW Finance,"(4044087.0435225195, 2951850.7264003935)",03b08548f71e4bcaa7308df48716d0c5,46,Work,9946b6baa78a4ffca2ddbfd615b6bd4b,62,Work
2829,03/13/2020T15:30:00 ,2020-03-13,OW Finance,"(4029886.132004339, 2940983.312252022)",99accfb044464fd08c4b66bd11e7ec0e,50,Work,633d465b08aa4b6bb1ce1578f832c186,24,Work
2829,03/13/2020T15:30:00 ,2020-03-13,OW Finance,"(4029886.132004339, 2940983.312252022)",5e42962786064ca69a89331c648922c4,35,Work,c0d42b2b0ce64e9bae1ef8e582000fb9,20,Work
2829,03/13/2020T15:30:00 ,2020-03-13,Shop,"(4035835.5297417524, 2951371.855012576)",0bb43d66699245edb4b2efd2e65f861b,25,Work,303d812c855b4dd7aea670394f9b817a,51,Work
2830,03/13/2020T15:40:00 ,2020-03-13,Shop,"(4030853.6684093513, 2939596.475549419)",6c5a632bf0df40b88cf546e45f736fdc,37,Shop,ec7321c5c50f409682f9b5e32650c43c,58,Work
2830,03/13/2020T15:40:00 ,2020-03-13,Indoor Sport,"(4050206.9476461597, 2951923.276650936)",f4aebd78c5d84601b7f76ec2b7e24ac7,0,Indoor Sport,0afb34583bef43cd8f8b9ca753145d0f,21,Work
2832,03/13/2020T16:00:00 ,2020-03-13,OW Finance,"(4044087.0435225195, 2951850.7264003935)",f0b724ad4b9145a5a214263a9346cbff,42,Work,9b822c605bf74837a557afd400159654,47,Work
2832,03/13/2020T16:00:00 ,2020-03-13,Shop,"(4035835.5297417524, 2951371.855012576)",795cefbc552446e49af4780550185b0c,50,Shop,3aa9ff7f08444c7a9da6b01a57fced25,27,Work
2832,03/13/2020T16:00:00 ,2020-03-13,Shop,"(4035835.5297417524, 2951371.855012576)",54aa6b5b7dcc4094a9a241195584d448,70,Shop,14c9ea6423744876a84ee71b14771aea,34,Work
2833,03/13/2020T16:10:00 ,2020-03-13,OW Finance,"(4044087.0435225195, 2951850.7264003935)",ea026123a68a40f68477c6e9a95b4360,58,Work,56d1fc2cbf564d48bfc0c2df7d64353f,43,Work
2833,03/13/2020T16:10:00 ,2020-03-13,OW Technical,"(4029200.3631112, 2939847.2296730066)",a20a9a6c09e0496d972bc7da8ee0c140,28,Work,1fdda64d478f488cab09ca7899168f48,44,Work
2833,03/13/2020T16:10:00 ,2020-03-13,OW Administration,"(4037093.952595035, 2937035.4484564867)",fd2300b3345146a3948bb8e7f4dc8374,29,Work,59bbbb8705384e97af41df2e9a1d0129,25,Work
2834,03/13/2020T16:20:00 ,2020-03-13,OW Finance,"(4044087.0435225195, 2951850.7264003935)",00c91a59488c4c70b4b6ee676a25787c,49,Work,005dc4ba5644481f9dbe60c6c39aa592,43,Work
2835,03/13/2020T16:30:00 ,2020-03-13,OW Water,"(4033053.181326103, 2934678.575774782)",fb917ba6f0244973b9707cf20072ceee,42,Work,532b83e9e4d74b558c26bcdb4cf3c740,46,Work
2835,03/13/2020T16:30:00 ,2020-03-13,OW ICT,"(4035155.2916662665, 2952573.727983958)",891a5eadd0f444038deb68ebb802ad74,25,Work,a8cabd6035cc448d8ed25c6cd160c3b2,39,Work
2835,03/13/2020T16:30:00 ,2020-03-13,OW Finance,"(4044087.0435225195, 2951850.7264003935)",f846b86d21394301a142ca57558df5bb,21,Work,c8adb675adeb490e9e960017711bfa4f,52,Work
2835,03/13/2020T16:30:00 ,2020-03-13,OW Finance,"(4044087.0435225195, 2951850.7264003935)",396f26fe27ce48778f5fe6f639f2e8c2,53,Work,f10bf7661d544811b376fa6b7ad22925,25,Work
2835,03/13/2020T16:30:00 ,2020-03-13,Indoor Sport,"(4050206.9476461597, 2951923.276650936)",a4714a9e68514a62ba95d20220a82f12,50,Work,de05894e8c2d44eba5a81fa4505db4de,37,Work
2836,03/13/2020T16:40:00 ,2020-03-13,OW ICT,"(4035155.2916662665, 2952573.727983958)",73f6fadf33494b95a5a6909fe3d4d9a5,38,Work,a8cabd6035cc448d8ed25c6cd160c3b2,39,Work
2836,03/13/2020T16:40:00 ,2020-03-13,OW Finance,"(4044087.0435225195, 2951850.7264003935)",69902fc0bb5a40aaa626776de5bd6482,48,Work,3ce793b5f2544d9ab40aa76b4faf277b,22,Work
2836,03/13/2020T16:40:00 ,2020-03-13,OW Finance,"(4044087.0435225195, 2951850.7264003935)",cad4dda5c9724572a561cff8718eda79,38,Work,e7d826acb2834657be019718ad0a5d7a,48,Work
2836,03/13/2020T16:40:00 ,2020-03-13,OW Finance,"(4041352.149863414, 2950118.0940126437)",4acc965d6a4a43c8bacf41b79801d4a0,33,Work,aa03c1153a3d492b8e9c6bd78d619aca,40,Work
2836,03/13/2020T16:40:00 ,2020-03-13,OW Administration,"(4037093.952595035, 2937035.4484564867)",f866f302623747a9898282086952e8be,49,Work,e41009826032420891a9e838ba31a5c1,37,Work
2836,03/13/2020T16:40:00 ,2020-03-13,Indoor Sport,"(4050206.9476461597, 2951923.276650936)",895a3ec6d2ed43fabed51beb2823ecef,26,Indoor Sport,91ffe129fbdf47cb86af43dfd92d9c70,19,Work
2837,03/13/2020T16:50:00 ,2020-03-13,OW Transport,"(4055931.5178130977, 2950463.4801956057)",7c510549d5894b39ac33deb3d36f7f37,46,Work,3d84ef7aa04a4912986c94b103d91fcb,54,Work
2837,03/13/2020T16:50:00 ,2020-03-13,OW Finance,"(4023314.6408982556, 2946277.926834426)",a8f006067e1049459926e771c0d4e02c,55,Work,dd5b582c18f2459d9b85fbf6c7f88293,33,Work
2837,03/13/2020T16:50:00 ,2020-03-13,OW Administration,"(4037093.952595035, 2937035.4484564867)",f10dce08b2e84eed9895a5b698e63506,33,Work,37796818744f448c9812144adca391a0,59,Work
2838,03/13/2020T17:00:00 ,2020-03-13,OW Water,"(4033053.181326103, 2934678.575774782)",f5a42f61ee834f70bba1d9b7482209e1,43,Work,7336e18a69a04c00b79ac5b403422a7a,40,Work
2838,03/13/2020T17:00:00 ,2020-03-13,OW Finance,"(4044087.0435225195, 2951850.7264003935)",211a1deb150d4399897a86c40c772506,18,Work,3ce793b5f2544d9ab40aa76b4faf277b,22,Work
2838,03/13/2020T17:00:00 ,2020-03-13,OW Administration,"(4037093.952595035, 2937035.4484564867)",8dd09b76e1774dbba796d18ed09af6ed,37,Work,c9ff3c3c8dc94b9097b50a89d5df6ad4,22,Work
2839,03/13/2020T17:10:00 ,2020-03-13,OW Technical,"(4029200.3631112, 2939847.2296730066)",6d7af570163a429da4ae507fc5277ba4,45,Work,1fdda64d478f488cab09ca7899168f48,44,Work
2842,03/13/2020T17:40:00 ,2020-03-13,OW Manufacturing,"(4033152.122280112, 2937616.4047832955)",546226936e47443f95c58d822496023a,37,Work,a27c748556d842a6a0f09dff11e12c80,52,Work
2847,03/13/2020T18:30:00 ,2020-03-13,Indoor Sport,"(4050206.9476461597, 2951923.276650936)",37f3b373812d43089b2629f3906a8e33,26,Indoor Sport,54fd4079903c448b9d1b8c301fb5f47f,21,Work
2847,03/13/2020T18:30:00 ,2020-03-13,Indoor Sport,"(4023439.274986559, 2945354.2366355187)",c0270c6f18bd4c328333475f51e87096,27,Indoor Sport,11957933ad344eac9351e9661c8e8c7d,56,Indoor Sport
2854,03/13/2020T19:40:00 ,2020-03-13,House,"(4045453.7022411055, 2980782.3092128257)",5130c52fcb294112ab076b5a8f6bf028,1,House,685a88d7800442aa95574c44b3f5b1c1,17,House
2860,03/13/2020T20:40:00 ,2020-03-13,Indoor Sport,"(4038897.9593311166, 2941028.2203026246)",e6d6050bf81c4dfcb05d5c6d6a4aa473,20,Indoor Sport,49b41350b9ff438888b264b2cd6695a2,20,Indoor Sport
2860,03/13/2020T20:40:00 ,2020-03-13,Cinema or Theatre,"(4039544.103704769, 2952649.7747523347)",9303194aa60f437ea898ad7cba414495,15,Cinema or Theatre,8c8b77ec7bf84a5f95b0404aa65a4b2a,37,Cinema or Theatre
2861,03/13/2020T20:50:00 ,2020-03-13,OW Finance,"(4023314.6408982556, 2946277.926834426)",2b20f84887134811bfeb3f4ca34c7dae,32,Work,07c7e5ba39bd4f519a7278972a8eded8,53,Work
2861,03/13/2020T20:50:00 ,2020-03-13,Cinema or Theatre,"(4054162.863186943, 2964086.570923044)",e9568996b5ee49579b813eca9d3f2f57,8,Cinema or Theatre,0ad9865ea0ec490f80629347b4a8fa6e,65,Cinema or Theatre
2861,03/13/2020T20:50:00 ,2020-03-13,Cinema or Theatre,"(4054162.863186943, 2964086.570923044)",13283cc41ff04aae90857fb1becc8951,2,Cinema or Theatre,f74a16e34faa440eb4f64614a3ebced0,69,Cinema or Theatre
2861,03/13/2020T20:50:00 ,2020-03-13,House,"(4060981.806662941, 2955004.185018681)",d30f20fb78924dc3ae9592dbfcb11a66,49,House,e93ec492dbc041a59d5ed9a9eaf9b64a,26,House
2864,03/13/2020T21:20:00 ,2020-03-13,House,"(4039226.915598396, 2951590.408444397)",e537b26642fd4f1cb5e08659aafdee15,34,House,c78cc13e2c61412988c29854621b6d71,37,House
2865,03/13/2020T21:30:00 ,2020-03-13,Cinema or Theatre,"(4054162.863186943, 2964086.570923044)",44c0a1484b004ef994bba6550084ec95,21,Cinema or Theatre,0ad9865ea0ec490f80629347b4a8fa6e,65,Cinema or Theatre
2867,03/13/2020T21:50:00 ,2020-03-13,Cinema or Theatre,"(4040808.900999939, 2950979.486017691)",c8d4b0d5fb2648aeb310e98b55840198,51,Cinema or Theatre,54fd4079903c448b9d1b8c301fb5f47f,21,Cinema or Theatre
2876,03/13/2020T23:20:00 ,2020-03-13,Public Transport,"(4041017.5295870155, 2959509.1960866973)",33cf1c6849aa45fbbe40a9369e364ec1,28,Public Transport,bf552cc96bd241789b60936f69fc0151,24,Public Transport
2877,03/13/2020T23:30:00 ,2020-03-13,House,"(4024533.9180689524, 2942639.3944208547)",5570e564ea2845a9baca1faf86e58f17,51,House,dabb728383ef4fcd9304b5f20b062e75,38,House
2877,03/13/2020T23:30:00 ,2020-03-13,House,"(4050478.067503291, 2948780.369694645)",88e7f5c0c4914ce08242d0f988ccdaf7,76,Visit,a8591481d0394a4bb4c63ed43f84992a,38,House
2880,03/14/2020T00:00:00 ,2020-03-14,House,"(4042319.1304293377, 2947309.385914676)",e82e73c80f13449ca22c0f4c62d829bc,73,House,c2fdcd5ad2dc482d8a397abcf0c92d3f,47,House
2880,03/14/2020T00:00:00 ,2020-03-14,House,"(4056338.833957253, 2938811.26562353)",9ea984da83fe462f9fa26ccfd7fbadf0,6,House,3c94df9bfb1949de9a4f08da17a7e253,33,House
2882,03/14/2020T00:20:00 ,2020-03-14,House,"(4032356.474462311, 2940022.0234467727)",29813f59c2904ab391e9cea1faee229c,33,House,3c2455f6701e4c7bb9f60f511d159898,51,House
2882,03/14/2020T00:20:00 ,2020-03-14,House,"(4030904.1854096935, 2940996.266497835)",db553053d0c8400891352e53ee52fd06,22,House,68263851531d4625991a6af625de0e03,56,House
2884,03/14/2020T00:40:00 ,2020-03-14,House,"(4063496.6296682167, 2972390.3520604116)",b5a09491b65a49c2abe632d8a99154b1,26,House,8c8b77ec7bf84a5f95b0404aa65a4b2a,37,House
2897,03/14/2020T02:50:00 ,2020-03-14,House,"(4040352.2076712996, 2956104.1042010174)",2c2c99e9441646e68d0f07daecccf5dc,68,House,5c39c7902c0f408891adb1dabd6bd491,25,House
2900,03/14/2020T03:20:00 ,2020-03-14,House,"(4030743.7964913985, 2995868.3926832676)",9c7fae06f31c4f6aba720459d904d588,58,House,3f2198ada7ad4d6e8ac03289603c75b0,48,House
2900,03/14/2020T03:20:00 ,2020-03-14,House,"(4041576.5787327047, 2954618.299725108)",f90ca22155744e09bfdc382167392969,24,House,ae49b89478194fa69125678a1dfc1503,5,House
2911,03/14/2020T05:10:00 ,2020-03-14,House,"(4025410.7668905696, 2947232.0135613782)",bcbe1dc8f89a480fbb8952543b792b4a,16,House,a81415cd78df46e39c98891e6988ed14,44,House
2911,03/14/2020T05:10:00 ,2020-03-14,House,"(4043084.620559989, 2951609.7615579013)",ce533f7d99194f87a03a4ac09077162a,39,House,50b13605b96d4e759afb2999418deb08,26,House
2912,03/14/2020T05:20:00 ,2020-03-14,House,"(4060254.809003809, 2953457.1515349634)",8eeaa5b3c74c43099c5960343978730a,16,House,66d48e1c34b44b4c8d9a9c38c97b2161,57,House
2915,03/14/2020T05:50:00 ,2020-03-14,House,"(4041556.7722239452, 2952589.0311453007)",13c4b90d987b4ce085914f2ec5fff521,38,House,b1bba77e0e9b43e5a09fc0389d174d17,26,House
2920,03/14/2020T06:40:00 ,2020-03-14,House,"(4042812.200837078, 2950945.05083707)",21c26487934c4974bf0533849f06dd62,28,House,d0524cc5995b4a769a95f6a650471d83,12,House
2921,03/14/2020T06:50:00 ,2020-03-14,House,"(4039524.8057117723, 2951082.748903275)",68dfbca1e1004ca28b7246d9e0ef308a,46,House,1189e6d2146d4fb1ae7dfb3ed4e45b89,36,House
2926,03/14/2020T07:40:00 ,2020-03-14,Public Transport,"(4039822.017597317, 2953153.6323210266)",9fc509ee557448b3ad78f2f3edaec754,12,Public Transport,3021e15635e74a8d8b261202b3b553ab,63,Public Transport
2927,03/14/2020T07:50:00 ,2020-03-14,OW Water,"(4033053.181326103, 2934678.575774782)",195e38948c0140f79ba5ccbcf7aaa206,34,Work,bb9d7121da394062bfa178f5a9e3f5b1,37,Work
2927,03/14/2020T07:50:00 ,2020-03-14,OW Water,"(4033053.181326103, 2934678.575774782)",b34be45c7f1143a7b8e69b0426f3422e,50,Work,d302ffca25584cb9beebda89f1b7cc44,55,Work
2927,03/14/2020T07:50:00 ,2020-03-14,OW ICT,"(4035155.2916662665, 2952573.727983958)",f1aeb679e1fa48d4820fe53771d3eafb,50,Work,ad2eb1779c104bcfa10fc827193d7064,29,Work
2927,03/14/2020T07:50:00 ,2020-03-14,Public Transport,"(4042640.093133648, 2953539.1464030268)",53c5ae6b010d46d1957907ca1e3aa8be,4,Public Transport,f144ad8f2acf4958b1511fbc0a7fb46a,27,Public Transport
2928,03/14/2020T08:00:00 ,2020-03-14,OW ICT,"(4035155.2916662665, 2952573.727983958)",dba10f197bb643b68e63b72f494fea23,52,Work,a8cabd6035cc448d8ed25c6cd160c3b2,39,Work
2928,03/14/2020T08:00:00 ,2020-03-14,OW ICT,"(4035155.2916662665, 2952573.727983958)",509e95fc034b4b15b8fe67a58729a248,28,Work,84011e7f54424c4fa37267823899aa92,27,Work
2928,03/14/2020T08:00:00 ,2020-03-14,OW Finance,"(4041352.149863414, 2950118.0940126437)",ed674201939d4da393929cefe61c289b,30,Work,b1bba77e0e9b43e5a09fc0389d174d17,26,Work
2928,03/14/2020T08:00:00 ,2020-03-14,Public Transport,"(4032762.456459185, 2940768.369191979)",3f915aacd0c445fba4c303df7901be4a,0,Public Transport,90cf6efc90e4430fa7b9abe88f0ce2f8,12,Public Transport
2928,03/14/2020T08:00:00 ,2020-03-14,Indoor Sport,"(4050206.9476461597, 2951923.276650936)",b3bff0f64d4e4e65ac48ebeac39ab5b4,25,Work,5a8e9211cd9c4a91abadb65f9b03b20c,25,Work
2929,03/14/2020T08:10:00 ,2020-03-14,OW ICT,"(4035155.2916662665, 2952573.727983958)",58a7bc9fbdb442a98604c216fc5d476e,35,Work,ad2eb1779c104bcfa10fc827193d7064,29,Work
2929,03/14/2020T08:10:00 ,2020-03-14,Indoor Sport,"(4050206.9476461597, 2951923.276650936)",7ce537724bf6425c91134fe06a5f9293,52,Work,30496ba6858b4f3495fa3bdcb8224c16,59,Work
2930,03/14/2020T08:20:00 ,2020-03-14,Care Home,"(4039528.9994623875, 2952253.717866595)",04fc7256d4994a93acc618d308894d67,33,Work,755c0335205c43f8beb176608110b16e,22,Work
2930,03/14/2020T08:20:00 ,2020-03-14,OW Water,"(4033053.181326103, 2934678.575774782)",da61dc679c9c4531b099fd0167754f3f,37,Work,ff8deff7a4274f4e8d313406a5228421,56,Work
2931,03/14/2020T08:30:00 ,2020-03-14,OW Manufacturing,"(4033152.122280112, 2937616.4047832955)",8b17fb9bdc054fe6b762101e05e13f42,69,Work,f775ae55fc564c5db1436d35daaf7969,45,Work
2932,03/14/2020T08:40:00 ,2020-03-14,OW Finance,"(4044087.0435225195, 2951850.7264003935)",2a5af0932de24b8881fed18adac331fd,29,Work,9946b6baa78a4ffca2ddbfd615b6bd4b,62,Work
2933,03/14/2020T08:50:00 ,2020-03-14,OW Transport,"(4055931.5178130977, 2950463.4801956057)",02b4a5b3e37b42f59b03b8eacae7fec9,21,Work,98c011d9ef8647cd8c9f67090f4e47d0,35,Work
2934,03/14/2020T09:00:00 ,2020-03-14,OW Finance,"(4044087.0435225195, 2951850.7264003935)",f80d01961a6543358865bf77742d291e,33,Work,6e153e80540e443d86c2e07c13390f4e,52,Work
2934,03/14/2020T09:00:00 ,2020-03-14,OW Finance,"(4044087.0435225195, 2951850.7264003935)",aec429f4551047668553f6756f6498ba,30,Work,1d6479b0e44c4012a5a77de047d6efe8,38,Work
2934,03/14/2020T09:00:00 ,2020-03-14,Hotel,"(4041905.981629138, 2953161.4380196705)",c057ecd07a6641fcb955929474e455eb,25,Work,2024ab712d4d40e588e88f5b61b218f0,48,Work
2935,03/14/2020T09:10:00 ,2020-03-14,OW Finance,"(4044087.0435225195, 2951850.7264003935)",7f4bbb733a4b473dbc3f8a59a8c99c42,28,Work,c8adb675adeb490e9e960017711bfa4f,52,Work
2935,03/14/2020T09:10:00 ,2020-03-14,Hospital,"(4058154.76725065, 2949603.507869995)",0c7600a9b93943bf8237060af0521568,61,Work,f98f177be6dd4122a5eeb7676edf763a,38,Work
2936,03/14/2020T09:20:00 ,2020-03-14,OW Finance,"(4044087.0435225195, 2951850.7264003935)",55023a2f480748c68588041621555aef,62,Work,56d1fc2cbf564d48bfc0c2df7d64353f,43,Work
2936,03/14/2020T09:20:00 ,2020-03-14,Hospital,"(4058154.76725065, 2949603.507869995)",a99c2dbbb0544af28bdc6fdcf4d43207,41,Work,f98f177be6dd4122a5eeb7676edf763a,38,Work
2937,03/14/2020T09:30:00 ,2020-03-14,OW Water,"(4033053.181326103, 2934678.575774782)",9a37909c04f14beab42fe32da642ed3c,42,Work,532b83e9e4d74b558c26bcdb4cf3c740,46,Work
2937,03/14/2020T09:30:00 ,2020-03-14,OW ICT,"(4035155.2916662665, 2952573.727983958)",38cdd0e5ffd8465eb995e4198308a084,52,Work,c334007c1073452bb4bcf13c9de39020,20,Work
2937,03/14/2020T09:30:00 ,2020-03-14,OW ICT,"(4035155.2916662665, 2952573.727983958)",4e1ef058f9ba4499953601c18b9c1e5f,27,Work,ad2eb1779c104bcfa10fc827193d7064,29,Work
2937,03/14/2020T09:30:00 ,2020-03-14,OW Finance,"(4044087.0435225195, 2951850.7264003935)",e88902d3b40247f98c8ba18c0a182833,33,Work,56d1fc2cbf564d48bfc0c2df7d64353f,43,Work
2937,03/14/2020T09:30:00 ,2020-03-14,OW Finance,"(4044087.0435225195, 2951850.7264003935)",533223430bc344f9b4e618fc5f8d9fe3,52,Work,9946b6baa78a4ffca2ddbfd615b6bd4b,62,Work
2937,03/14/2020T09:30:00 ,2020-03-14,Hotel,"(4039845.6103672986, 2941449.460067877)",451cbbccf69d4ae39a392e42d6974a7f,44,Work,d71a0ffff6fe444b9793d4d9b9c34367,45,Work
2937,03/14/2020T09:30:00 ,2020-03-14,Indoor Sport,"(4050206.9476461597, 2951923.276650936)",4620a6290f09418b9b01a83c15ef72b3,53,Work,de05894e8c2d44eba5a81fa4505db4de,37,Work
2938,03/14/2020T09:40:00 ,2020-03-14,OW Manufacturing,"(4033152.122280112, 2937616.4047832955)",216211b6cc7946059beb7f4ad66d6e25,54,Work,abae606d961a4a3d8b1df653be9c3621,31,Work
2938,03/14/2020T09:40:00 ,2020-03-14,OW Water,"(4033053.181326103, 2934678.575774782)",e412aa61580c470998a8246f663c78f3,35,Work,d302ffca25584cb9beebda89f1b7cc44,55,Work
2938,03/14/2020T09:40:00 ,2020-03-14,OW Catering and Accommodation,"(4033016.8969621263, 2954392.4969770927)",50b31ece5b7f4b7680ef3804f1bd35bf,58,Work,1c2affc1ba4a43c1b70f04c137e030b3,39,Work
2938,03/14/2020T09:40:00 ,2020-03-14,OW Finance,"(4044087.0435225195, 2951850.7264003935)",6715349208eb48a2b57b5c465ab6d0af,26,Work,4f8618c71a1b49edbc86ce9c818b52ab,56,Work
2938,03/14/2020T09:40:00 ,2020-03-14,Indoor Sport,"(4050206.9476461597, 2951923.276650936)",df7ea9b29d0542bb8b65755aabec6a9b,47,Work,0a7d910ab59e470489e9c8eee1e36c79,49,Work
2939,03/14/2020T09:50:00 ,2020-03-14,OW Finance,"(4044087.0435225195, 2951850.7264003935)",10617f055f2a42529f60124c2e3fd1b2,33,Work,7bdf541ea35e4be0921f3c45bfc9dcc4,25,Work
2939,03/14/2020T09:50:00 ,2020-03-14,OW Administration,"(4037093.952595035, 2937035.4484564867)",9fdcc575348e4a288be162e2614469bd,42,Work,8b7ce265b50848a9b503dad0885da9c3,52,Work
2939,03/14/2020T09:50:00 ,2020-03-14,Hotel,"(4039845.6103672986, 2941449.460067877)",9cd202f1c7ef409e9c470e099f957b6f,30,Work,b3b8cee7c33e44fc88ad3923e17fdaa1,42,Work
2939,03/14/2020T09:50:00 ,2020-03-14,Indoor Sport,"(4050206.9476461597, 2951923.276650936)",3f46efb90f68418c9a9107ae6b5730cb,59,Work,76be773a8c4049a6b9851d190eaf405b,42,Work
2940,03/14/2020T10:00:00 ,2020-03-14,OW Water,"(4033053.181326103, 2934678.575774782)",6ccdcda9593e4d62abad8e1c4fcec749,35,Work,d302ffca25584cb9beebda89f1b7cc44,55,Work
2940,03/14/2020T10:00:00 ,2020-03-14,OW Water,"(4033053.181326103, 2934678.575774782)",6f999593fd2b461ea313588b53172f4b,56,Work,0baa537c6e0b4cf39cb72ef3618f15c3,42,Work
2940,03/14/2020T10:00:00 ,2020-03-14,OW Finance,"(4044087.0435225195, 2951850.7264003935)",1047a6f845504234bdc25c6d1290970b,39,Work,56d1fc2cbf564d48bfc0c2df7d64353f,43,Work
2940,03/14/2020T10:00:00 ,2020-03-14,OW Administration,"(4037093.952595035, 2937035.4484564867)",a1a840152da245df8346ecef569661bd,37,Work,888ddbf72fcc41a18dc5dfeb2e81359b,35,Work
2940,03/14/2020T10:00:00 ,2020-03-14,Shop,"(4035835.5297417524, 2951371.855012576)",96687c4d5797470ab22fe5ca05bddb86,39,Work,14c9ea6423744876a84ee71b14771aea,34,Work
2940,03/14/2020T10:00:00 ,2020-03-14,Indoor Sport,"(4050206.9476461597, 2951923.276650936)",ec85cb91525144aaafa3b047c2135dfa,22,Work,eebf41f8e11f4415997b816df22f67be,40,Work
2941,03/14/2020T10:10:00 ,2020-03-14,OW Water,"(4033053.181326103, 2934678.575774782)",c6fa4a6026ab4147b98d787ba15f4530,32,Work,0baa537c6e0b4cf39cb72ef3618f15c3,42,Work
2941,03/14/2020T10:10:00 ,2020-03-14,OW Finance,"(4041352.149863414, 2950118.0940126437)",5441a05dc91d48a9a87f1b276927a505,48,Work,aa03c1153a3d492b8e9c6bd78d619aca,40,Work
2941,03/14/2020T10:10:00 ,2020-03-14,OW Administration,"(4037093.952595035, 2937035.4484564867)",a501cd50f729405d95cf65fe779b5f32,40,Work,e67a1f34792542a3a73f4bf90561f18f,25,Work
2941,03/14/2020T10:10:00 ,2020-03-14,Indoor Sport,"(4050206.9476461597, 2951923.276650936)",58ec7da3e38f4726bacf0af0c5bc1925,49,Work,76be773a8c4049a6b9851d190eaf405b,42,Work
2941,03/14/2020T10:10:00 ,2020-03-14,Indoor Sport,"(4050206.9476461597, 2951923.276650936)",a2ce3a50b5c24bbc9c65c59909633f70,69,Indoor Sport,54fd4079903c448b9d1b8c301fb5f47f,21,Work
2942,03/14/2020T10:20:00 ,2020-03-14,OW Water,"(4033053.181326103, 2934678.575774782)",7d4a1733684342e2a372b28572c09937,31,Work,532b83e9e4d74b558c26bcdb4cf3c740,46,Work
2942,03/14/2020T10:20:00 ,2020-03-14,OW Finance,"(4044087.0435225195, 2951850.7264003935)",fd8308083425470eb78c77ee23798228,61,Work,9b822c605bf74837a557afd400159654,47,Work
2942,03/14/2020T10:20:00 ,2020-03-14,OW Administration,"(4037093.952595035, 2937035.4484564867)",271bddc5071649f3ba0a25d333763556,50,Work,685cc68aedee44eeb662d433aef2324c,41,Work
2942,03/14/2020T10:20:00 ,2020-03-14,OW Administration,"(4037093.952595035, 2937035.4484564867)",c5372bee8fe847259f24f6e7c52d7562,50,Work,c9d228b85c5147e591499d6f76310150,29,Work
2942,03/14/2020T10:20:00 ,2020-03-14,Shop,"(4030853.6684093513, 2939596.475549419)",6f6718cbf9714cec80fa6ba60e59075a,33,Work,319a4dfa1a2b4a5881af32d48e3e9cd3,34,Work
2942,03/14/2020T10:20:00 ,2020-03-14,Indoor Sport,"(4050206.9476461597, 2951923.276650936)",41af0a9439c9415cb7aab8a8096b0bc8,21,Work,ac126575f4e3427685f00fbe9c5e9ef2,36,Work
2943,03/14/2020T10:30:00 ,2020-03-14,OW Water,"(4033053.181326103, 2934678.575774782)",6d3b3ac7249141d3bd68867b98e39d28,62,Work,d302ffca25584cb9beebda89f1b7cc44,55,Work
2943,03/14/2020T10:30:00 ,2020-03-14,OW Administration,"(4037093.952595035, 2937035.4484564867)",402e0a2f590c447f885e256de78f0605,49,Work,3021e15635e74a8d8b261202b3b553ab,63,Work
2943,03/14/2020T10:30:00 ,2020-03-14,Indoor Sport,"(4050206.9476461597, 2951923.276650936)",4a9f7024611e4a268475fae3d2d7c51c,18,Work,182c582ef4584208b50c1544f2492d6a,23,Work
2944,03/14/2020T10:40:00 ,2020-03-14,OW Administration,"(4037093.952595035, 2937035.4484564867)",dd26cb8fdf244ea48c23b78abb2f48b6,50,Work,c9d228b85c5147e591499d6f76310150,29,Work
2945,03/14/2020T10:50:00 ,2020-03-14,OW Finance,"(4044087.0435225195, 2951850.7264003935)",fc206349875345c28b891b633c556f86,55,Work,86f2232e389a4a689dc24456a0017958,37,Work
2945,03/14/2020T10:50:00 ,2020-03-14,OW Finance,"(4044087.0435225195, 2951850.7264003935)",1f31bf3dfcb74733b7a0b89e351cd606,20,Work,65106b2d9b7c486fb5ae9ad5fb533912,50,Work
2945,03/14/2020T10:50:00 ,2020-03-14,Hotel,"(4039845.6103672986, 2941449.460067877)",abc5f8b1305e4b0381c35a5733d1a507,49,Work,3cdec72c22664adc85a1cbb0257cca8f,35,Work
2946,03/14/2020T11:00:00 ,2020-03-14,OW ICT,"(4035155.2916662665, 2952573.727983958)",ff2b4d72296e419db1b0cb90ef879882,59,Work,c334007c1073452bb4bcf13c9de39020,20,Work
2946,03/14/2020T11:00:00 ,2020-03-14,OW Finance,"(4044087.0435225195, 2951850.7264003935)",d5e6c186e4af4d2b962e7c9157a271b1,37,Work,65106b2d9b7c486fb5ae9ad5fb533912,50,Work
2946,03/14/2020T11:00:00 ,2020-03-14,OW Finance,"(4044087.0435225195, 2951850.7264003935)",fa0304e5cb774d34b48478cae8e2bb5d,27,Work,30df47fa766546a7863eb4096940c325,52,Work
2946,03/14/2020T11:00:00 ,2020-03-14,OW Finance,"(4044087.0435225195, 2951850.7264003935)",66604c5199074d078e7bcf68963d6001,47,Work,56d1fc2cbf564d48bfc0c2df7d64353f,43,Work
2946,03/14/2020T11:00:00 ,2020-03-14,OW Finance,"(4029886.132004339, 2940983.312252022)",fb5e91b683d8484fb9d1d8997194389c,27,Work,9d316d38985044c582bb7698be897a7c,54,Work
2946,03/14/2020T11:00:00 ,2020-03-14,Hospital,"(4058154.76725065, 2949603.507869995)",9806201fd2494921a5124ff461081e77,44,Work,fde1f7de38754e3ebd9bea667e500ccb,30,Work
2946,03/14/2020T11:00:00 ,2020-03-14,Indoor Sport,"(4050206.9476461597, 2951923.276650936)",791e3aadfa8740009197e51d637dc966,47,Work,ffbc7c911bd541b3839405cf9b52be93,31,Work
2946,03/14/2020T11:00:00 ,2020-03-14,Indoor Sport,"(4050206.9476461597, 2951923.276650936)",65ec9710b2954a10a07b1b445ce3d54b,64,Indoor Sport,c60bbc1ec76c49c185259fdffbd96d92,45,Work
2947,03/14/2020T11:10:00 ,2020-03-14,OW Water,"(4033053.181326103, 2934678.575774782)",609cc2687c1e45d6bb7d866cf51e79c6,32,Work,0baa537c6e0b4cf39cb72ef3618f15c3,42,Work
2947,03/14/2020T11:10:00 ,2020-03-14,OW Water,"(4033053.181326103, 2934678.575774782)",645e281820ef4c09bb25e577bdf61302,51,Work,fc80e6a1a1c24b85be693e7c22dea21f,25,Work
2947,03/14/2020T11:10:00 ,2020-03-14,OW Finance,"(4044087.0435225195, 2951850.7264003935)",64c34134637f4080ae7621483f14b85c,60,Work,86f2232e389a4a689dc24456a0017958,37,Work
2947,03/14/2020T11:10:00 ,2020-03-14,Indoor Sport,"(4050206.9476461597, 2951923.276650936)",df2b7832ef254d7785ae7558d0133881,32,Work,7dfaae27df0640d5a75b08aa0ec7c468,33,Work
2947,03/14/2020T11:10:00 ,2020-03-14,Indoor Sport,"(4050206.9476461597, 2951923.276650936)",317de1a537c6493aaf1138a47eff087e,66,Indoor Sport,e95348c8228642e7a75a3f5e467db193,45,Work
2948,03/14/2020T11:20:00 ,2020-03-14,OW Transport,"(4055931.5178130977, 2950463.4801956057)",446de8396343450cab8e47b44eed3ca1,42,Work,8482fb9b513a48428ccd0f77a22b7161,56,Work
2948,03/14/2020T11:20:00 ,2020-03-14,OW Finance,"(4044087.0435225195, 2951850.7264003935)",d0074cadef064e1b9544d1c605044dc1,26,Work,56d1fc2cbf564d48bfc0c2df7d64353f,43,Work
2948,03/14/2020T11:20:00 ,2020-03-14,Shop,"(4035835.5297417524, 2951371.855012576)",b333e13af0364d8bb2b2902200a6cfa6,27,Work,7196c8c26bfa4d79ad9c43634b22613f,31,Work
2948,03/14/2020T11:20:00 ,2020-03-14,Hospital,"(4058154.76725065, 2949603.507869995)",34677692e3184cf1a91dbfbbb08ee89a,63,Work,87291c0271fc43319e85401348e04385,3,House
2948,03/14/2020T11:20:00 ,2020-03-14,Indoor Sport,"(4050206.9476461597, 2951923.276650936)",2910eb446a1f4b7ba2a0f3c52ba199d4,56,Work,eec4b7a1b3ae4a44b74cd430223be02b,58,Work
2949,03/14/2020T11:30:00 ,2020-03-14,OW Water,"(4033053.181326103, 2934678.575774782)",cb98abd28f5843cb98f96a1c754e1af3,23,Work,3b8a783507364b8cae3cbf7342a6652f,45,Work
2949,03/14/2020T11:30:00 ,2020-03-14,OW ICT,"(4038124.8254480036, 2950113.3998562694)",7a2bc948517d4f53a33a9be32f1ba85d,42,Work,1321cd4147a84783aa711d717c3f6bb4,48,Work
2949,03/14/2020T11:30:00 ,2020-03-14,OW Finance,"(4044087.0435225195, 2951850.7264003935)",b0af973b1e344b2aa16b6fd4cc2d5a14,46,Work,e7d826acb2834657be019718ad0a5d7a,48,Work
2949,03/14/2020T11:30:00 ,2020-03-14,OW Technical,"(4039992.052727616, 2941584.7248215135)",1b1ff7d321ab40058c2d790869ae8960,47,Work,e9e7a1266bee4f35a1539f89425e79e0,26,Work
2949,03/14/2020T11:30:00 ,2020-03-14,Indoor Sport,"(4050206.9476461597, 2951923.276650936)",434490b23cf4449aa712aa646b345757,62,Work,eec4b7a1b3ae4a44b74cd430223be02b,58,Work
2950,03/14/2020T11:40:00 ,2020-03-14,OW Finance,"(4044087.0435225195, 2951850.7264003935)",47bf9f7c2ad64b389fcb0a344a18b4cf,18,Work,03fa6a36c44d44ef9f1ca5163aa3aeb9,47,Work
2950,03/14/2020T11:40:00 ,2020-03-14,OW Finance,"(4044087.0435225195, 2951850.7264003935)",27ef9a50311d4357b69c37dc04e646ba,32,Work,c8adb675adeb490e9e960017711bfa4f,52,Work
2950,03/14/2020T11:40:00 ,2020-03-14,Shop,"(4030853.6684093513, 2939596.475549419)",0fc77298f660445a9f9f52b1e56acd91,59,Work,9364f3b16d5a4e789b00e3c083cb45c9,38,Work
2950,03/14/2020T11:40:00 ,2020-03-14,Shop,"(4030853.6684093513, 2939596.475549419)",fead676d49c3497ead72f2bc2d8a285b,62,Work,18177a521d3d41bb94c7af5aae6dd78d,18,Work
2950,03/14/2020T11:40:00 ,2020-03-14,Indoor Sport,"(4050206.9476461597, 2951923.276650936)",437a5055d13e4ab78ab5e01c2dcc145f,27,Work,85ae6f167630458c9c8fd26ce1da7e78,31,Work
2951,03/14/2020T11:50:00 ,2020-03-14,OW ICT,"(4035155.2916662665, 2952573.727983958)",489ea7c42f114646943779bf118d4090,54,Work,c334007c1073452bb4bcf13c9de39020,20,Work
2951,03/14/2020T11:50:00 ,2020-03-14,OW Finance,"(4044087.0435225195, 2951850.7264003935)",c3aa0e7b873f41c58fadd0c8000cd7a1,55,Work,005dc4ba5644481f9dbe60c6c39aa592,43,Work
2951,03/14/2020T11:50:00 ,2020-03-14,OW Finance,"(4044087.0435225195, 2951850.7264003935)",4799579ee13548bf8e7df0c7a1c328e9,57,Work,c8adb675adeb490e9e960017711bfa4f,52,Work
2951,03/14/2020T11:50:00 ,2020-03-14,Shop,"(4035835.5297417524, 2951371.855012576)",90da5a299c974ed2be375d2fc444940f,38,Work,5c15cb74946749f2be4fc22fd953f68c,36,Work
2951,03/14/2020T11:50:00 ,2020-03-14,Hotel,"(4039845.6103672986, 2941449.460067877)",654cb97d1dda431e99c1e2580c70db76,46,Work,567a8d7642db4cffa99b4e59c9e17e19,30,Work
2951,03/14/2020T11:50:00 ,2020-03-14,Indoor Sport,"(4050206.9476461597, 2951923.276650936)",88113de71ce64f43930313a3c8bcf0ea,47,Work,3165788a195b4cee90f6c6eceaf7c00d,33,Work
2951,03/14/2020T11:50:00 ,2020-03-14,Secondary School,"(4038231.4573233607, 2941585.605677152)",466aaa6f924f4e20b5d2e6554c64e364,15,School,d0524cc5995b4a769a95f6a650471d83,12,School
2952,03/14/2020T12:00:00 ,2020-03-14,OW Manufacturing,"(4033152.122280112, 2937616.4047832955)",6b7c137dfa5245f1b8b5545d5822670e,38,Work,c3c67d3e37cf4b77b1287e53468ab412,29,Work
2952,03/14/2020T12:00:00 ,2020-03-14,OW Technical,"(4030448.360212109, 2939698.4058719)",f460bf1a2d174d598051b68c05760b81,37,Work,5bc82f21985d47319bf14ca8390dcaed,12,Work
2953,03/14/2020T12:10:00 ,2020-03-14,OW Transport,"(4055931.5178130977, 2950463.4801956057)",55400b93bea34a8c8f09aaad1fa37732,49,Work,ff1506207ee14319a0cad221546a14a3,29,Work
2953,03/14/2020T12:10:00 ,2020-03-14,Restaurant,"(4042929.229963943, 2963033.732751264)",f07d8354f18e4ecd9ddd257ebe684c16,43,Restaurant,a4b2d63930df45ada63f3f4746f50971,12,Restaurant
2953,03/14/2020T12:10:00 ,2020-03-14,Hotel,"(4041905.981629138, 2953161.4380196705)",127a6dd4ff50486a8169219ffafdb867,47,Work,56e0510602f944d8be28287326c22eb2,63,Work
2954,03/14/2020T12:20:00 ,2020-03-14,OW Water,"(4033053.181326103, 2934678.575774782)",c3d5b5e869ab4d3995d956312940fc93,49,Work,0baa537c6e0b4cf39cb72ef3618f15c3,42,Work
2954,03/14/2020T12:20:00 ,2020-03-14,OW Finance,"(4044087.0435225195, 2951850.7264003935)",bd7d8e064c594593a6b69939c1e03e4b,34,Work,86f2232e389a4a689dc24456a0017958,37,Work
2954,03/14/2020T12:20:00 ,2020-03-14,OW Finance,"(4044087.0435225195, 2951850.7264003935)",d75e815b614f48209dc26a704b6fd5dd,41,Work,371f531c2d434fe2a0e36667eaff615b,48,Work
2954,03/14/2020T12:20:00 ,2020-03-14,Hotel,"(4041905.981629138, 2953161.4380196705)",4bd2254877dc4e98936a2d93f5c86210,38,Work,2024ab712d4d40e588e88f5b61b218f0,48,Work
2954,03/14/2020T12:20:00 ,2020-03-14,Indoor Sport,"(4050206.9476461597, 2951923.276650936)",599ddd1fda2b466da6f998788e9171f4,24,Work,76be773a8c4049a6b9851d190eaf405b,42,Work
2955,03/14/2020T12:30:00 ,2020-03-14,OW Finance,"(4044087.0435225195, 2951850.7264003935)",07c870bdf4d148389a669d9efbbc5a89,32,Work,e7d826acb2834657be019718ad0a5d7a,48,Work
2955,03/14/2020T12:30:00 ,2020-03-14,Restaurant,"(4041209.706128017, 2955353.5816658004)",6e83431d89a2491fbcd3fc36fee2bc8c,22,Restaurant,c78cc13e2c61412988c29854621b6d71,37,Restaurant
2955,03/14/2020T12:30:00 ,2020-03-14,Indoor Sport,"(4050206.9476461597, 2951923.276650936)",5c00eecc918b47928f38f24da16a98da,21,Work,de85e2b5dfb44b1c9dbeadf390360d39,49,Work
2956,03/14/2020T12:40:00 ,2020-03-14,OW ICT,"(4035155.2916662665, 2952573.727983958)",58040904c1764aa39937d259ef71e79e,34,Work,84011e7f54424c4fa37267823899aa92,27,Work
2956,03/14/2020T12:40:00 ,2020-03-14,OW Finance,"(4044087.0435225195, 2951850.7264003935)",a5a806a5b9a0488abf48130d820ef93a,51,Work,7bdf541ea35e4be0921f3c45bfc9dcc4,25,Work
2956,03/14/2020T12:40:00 ,2020-03-14,OW Finance,"(4044087.0435225195, 2951850.7264003935)",6a5f6bc73bb2482e9e38eec755525d1a,64,Work,005dc4ba5644481f9dbe60c6c39aa592,43,Work
2956,03/14/2020T12:40:00 ,2020-03-14,OW Finance,"(4044087.0435225195, 2951850.7264003935)",b64fd50360bf4eedb14611465e9c9f9c,42,Work,7bdf541ea35e4be0921f3c45bfc9dcc4,25,Work
2957,03/14/2020T12:50:00 ,2020-03-14,OW Water,"(4033053.181326103, 2934678.575774782)",f311afcd02914eb8b38cd6fc1428aa3b,58,Work,3b8a783507364b8cae3cbf7342a6652f,45,Work
2957,03/14/2020T12:50:00 ,2020-03-14,OW ICT,"(4035155.2916662665, 2952573.727983958)",18f6b11fb53c43b9a66bad1b1ea346fc,36,Work,631e0293aad04bee98f535a1bb7f8973,49,Work
2957,03/14/2020T12:50:00 ,2020-03-14,OW Finance,"(4044087.0435225195, 2951850.7264003935)",5318b70a22a54d63a92396996a808f88,47,Work,03fa6a36c44d44ef9f1ca5163aa3aeb9,47,Work
2958,03/14/2020T13:00:00 ,2020-03-14,OW Water,"(4033053.181326103, 2934678.575774782)",fe1025acbda2408087ff57fe90b176ce,18,Work,ff8deff7a4274f4e8d313406a5228421,56,Work
2958,03/14/2020T13:00:00 ,2020-03-14,OW ICT,"(4035155.2916662665, 2952573.727983958)",8272714f7aca4590aab6b73c4a1eea3c,46,Work,ad2eb1779c104bcfa10fc827193d7064,29,Work
2958,03/14/2020T13:00:00 ,2020-03-14,OW Finance,"(4023314.6408982556, 2946277.926834426)",e49d3bad82b1490a93196fc3f6ac4acb,35,Work,18065df1495d498ba7f25704ccc95c00,27,Work
2958,03/14/2020T13:00:00 ,2020-03-14,OW Administration,"(4037093.952595035, 2937035.4484564867)",65352e52e6c64574b16df123c868c196,44,Work,07bd266b276144c9945c5af2e2b79851,23,Work
2958,03/14/2020T13:00:00 ,2020-03-14,Hotel,"(4041905.981629138, 2953161.4380196705)",a50c8d21291e4e21913acb3ce72ce86b,56,Work,0e2f82620b8c45d88d8cb976c38465f4,24,Work
2958,03/14/2020T13:00:00 ,2020-03-14,Hotel,"(4039845.6103672986, 2941449.460067877)",cf54d621f3a74268aafebeb20d9ee339,43,Work,12f73b490847468ab14db36bc711f5af,20,Work
2958,03/14/2020T13:00:00 ,2020-03-14,Indoor Sport,"(4050206.9476461597, 2951923.276650936)",47a19d5331f04ad9b7c9a26950359396,53,Work,a768cd31a49547278aa76f0306622b71,20,Work
2959,03/14/2020T13:10:00 ,2020-03-14,OW ICT,"(4035155.2916662665, 2952573.727983958)",bd7386a7fad84b0daa96e026b17f21d0,39,Work,600f11846bd54762ba3c10e0ee2c9f3c,43,Work
2959,03/14/2020T13:10:00 ,2020-03-14,Shop,"(4035835.5297417524, 2951371.855012576)",f9d0eabeae664d4fa7f9c60f4980397a,44,Work,719960a581f444eaa90fa8025140dc78,30,Work
2960,03/14/2020T13:20:00 ,2020-03-14,OW Finance,"(4044087.0435225195, 2951850.7264003935)",e1081ae6428949a8aa1b32e67f745e7d,35,Work,86f2232e389a4a689dc24456a0017958,37,Work
2960,03/14/2020T13:20:00 ,2020-03-14,Restaurant,"(4024983.57927062, 2942355.913854305)",f272ec303c794ffc943863e7c0f6ff4a,63,Restaurant,7fbced31c29a4efd895c30222e02b350,66,Restaurant
2961,03/14/2020T13:30:00 ,2020-03-14,Care Home,"(4039528.9994623875, 2952253.717866595)",0e44ec3e71624a11b88e14e625bf9db5,24,Work,98dfc7f8ab064457a902571610f5a753,55,Work
2961,03/14/2020T13:30:00 ,2020-03-14,OW Water,"(4033053.181326103, 2934678.575774782)",0a1ba013890d4b0599fe98f94e23a4c3,21,Work,0baa537c6e0b4cf39cb72ef3618f15c3,42,Work
2961,03/14/2020T13:30:00 ,2020-03-14,OW Finance,"(4044087.0435225195, 2951850.7264003935)",d7bffb9799074a039491cc9cd4e273a3,31,Work,4267dbbb55924a33ae1d82420f945158,27,Work
2961,03/14/2020T13:30:00 ,2020-03-14,OW Finance,"(4044087.0435225195, 2951850.7264003935)",e757ba21760d4a85a35b0efda63f51b9,34,Work,c8adb675adeb490e9e960017711bfa4f,52,Work
2961,03/14/2020T13:30:00 ,2020-03-14,OW Finance,"(4041352.149863414, 2950118.0940126437)",3d167054c4c0468392856c090594a612,28,Work,b1bba77e0e9b43e5a09fc0389d174d17,26,Work
2961,03/14/2020T13:30:00 ,2020-03-14,Shop,"(4035835.5297417524, 2951371.855012576)",5ebdb9bbc613451bae6e3e059802cbcc,30,Work,293d4e678a2f4c4bb370b0288efb7d1d,57,Work
2961,03/14/2020T13:30:00 ,2020-03-14,Hotel,"(4041905.981629138, 2953161.4380196705)",52b6408448a0422d8ae638e17fe0ad45,55,Work,56e0510602f944d8be28287326c22eb2,63,Work
2962,03/14/2020T13:40:00 ,2020-03-14,OW Water,"(4033053.181326103, 2934678.575774782)",02ee1110c41148aa9f7a546591af07e7,48,Work,ff8deff7a4274f4e8d313406a5228421,56,Work
2962,03/14/2020T13:40:00 ,2020-03-14,OW ICT,"(4035155.2916662665, 2952573.727983958)",0363deabf1ef469ea22541bd503b6d30,54,Work,84011e7f54424c4fa37267823899aa92,27,Work
2962,03/14/2020T13:40:00 ,2020-03-14,OW Finance,"(4044087.0435225195, 2951850.7264003935)",e47578df3c944167be2db12e2be1e445,31,Work,9946b6baa78a4ffca2ddbfd615b6bd4b,62,Work
2962,03/14/2020T13:40:00 ,2020-03-14,OW Finance,"(4044087.0435225195, 2951850.7264003935)",f24adfc80f5b4487988a56cbb9860b5e,39,Work,1ea140554fcd4d9d9a1312a338502d45,51,Work
2962,03/14/2020T13:40:00 ,2020-03-14,OW Administration,"(4037093.952595035, 2937035.4484564867)",27f56acb2e96462790113026856779b3,42,Work,888ddbf72fcc41a18dc5dfeb2e81359b,35,Work
2962,03/14/2020T13:40:00 ,2020-03-14,Shop,"(4030853.6684093513, 2939596.475549419)",66ab181d1d1c433dab58202203dd4621,55,Shop,c5c1de7e8dfb45469d4227d4d8bf88c8,43,Work
2962,03/14/2020T13:40:00 ,2020-03-14,Shop,"(4035835.5297417524, 2951371.855012576)",1e1de805e9c74c5e8bdc0b0cd35a3c80,44,Work,293d4e678a2f4c4bb370b0288efb7d1d,57,Work
2963,03/14/2020T13:50:00 ,2020-03-14,OW Finance,"(4044087.0435225195, 2951850.7264003935)",16164e17ad8440d1b6bb70be7c7b9abb,40,Work,9946b6baa78a4ffca2ddbfd615b6bd4b,62,Work
2963,03/14/2020T13:50:00 ,2020-03-14,OW Administration,"(4037093.952595035, 2937035.4484564867)",db5f62bf494a423bb6a28f419b226918,47,Work,5591be55e181469aa349381478584f75,50,Work
2963,03/14/2020T13:50:00 ,2020-03-14,Hotel,"(4041905.981629138, 2953161.4380196705)",ea546621a6bb404cad32db2fe252498f,47,Work,a6fe37bce3554aecbaf4ff6b0e436096,44,Work
2963,03/14/2020T13:50:00 ,2020-03-14,Hotel,"(4039845.6103672986, 2941449.460067877)",5ef87201501c4d7699554ff00fad9ff1,49,Work,3837d83f0e084ad68e310fb740c1e4f1,26,Work
2964,03/14/2020T14:00:00 ,2020-03-14,OW Transport,"(4055931.5178130977, 2950463.4801956057)",f77db056d4de42dfaabde484530c6717,64,Work,d336d62181cb4d4c9cb4e49d0ec16217,41,Work
2964,03/14/2020T14:00:00 ,2020-03-14,OW Finance,"(4044087.0435225195, 2951850.7264003935)",6aefa5a312004522a996bfdc163ce518,25,Work,1ea140554fcd4d9d9a1312a338502d45,51,Work
2964,03/14/2020T14:00:00 ,2020-03-14,OW Finance,"(4044087.0435225195, 2951850.7264003935)",5e47f0570e6b4d8fa350bd3c5226c5d6,47,Work,03fa6a36c44d44ef9f1ca5163aa3aeb9,47,Work
2964,03/14/2020T14:00:00 ,2020-03-14,OW Technical,"(4039992.052727616, 2941584.7248215135)",e729b2d3dd5d455c9e97d290156036c3,45,Work,e9e7a1266bee4f35a1539f89425e79e0,26,Work
2964,03/14/2020T14:00:00 ,2020-03-14,OW Other Services,"(4041043.900585172, 2952821.0993778985)",4d22b6a7fbbe4fbc8718db256eb3fdf2,46,Work,593c338c713f45529dce4986d5388fed,21,Work
2964,03/14/2020T14:00:00 ,2020-03-14,Hotel,"(4039845.6103672986, 2941449.460067877)",62191c6992bb495cbe69cf12bf7b9ce7,33,Work,22a599becb804f3c818fc26efad405f4,34,Work
2964,03/14/2020T14:00:00 ,2020-03-14,Secondary School,"(4038231.4573233607, 2941585.605677152)",0674bbe51a744f6d97f199c106276c1a,33,Work,d0524cc5995b4a769a95f6a650471d83,12,School
2965,03/14/2020T14:10:00 ,2020-03-14,OW Water,"(4033053.181326103, 2934678.575774782)",5be5d4b463e948acbfc6606f97317201,36,Work,bb9d7121da394062bfa178f5a9e3f5b1,37,Work
2965,03/14/2020T14:10:00 ,2020-03-14,OW ICT,"(4035155.2916662665, 2952573.727983958)",1f2986a9175345718ea8bee9e9832255,57,Work,a8cabd6035cc448d8ed25c6cd160c3b2,39,Work
2965,03/14/2020T14:10:00 ,2020-03-14,Indoor Sport,"(4050206.9476461597, 2951923.276650936)",b432f778ef3248ea9a93031af4cae2e5,50,Work,182c582ef4584208b50c1544f2492d6a,23,Work
2966,03/14/2020T14:20:00 ,2020-03-14,OW ICT,"(4035155.2916662665, 2952573.727983958)",441dbb57420f45d881bab445e3d1f731,55,Work,84011e7f54424c4fa37267823899aa92,27,Work
2966,03/14/2020T14:20:00 ,2020-03-14,OW Finance,"(4044087.0435225195, 2951850.7264003935)",c4244d7f115749f7b0bde74e6b853372,30,Work,371f531c2d434fe2a0e36667eaff615b,48,Work
2966,03/14/2020T14:20:00 ,2020-03-14,OW Finance,"(4044087.0435225195, 2951850.7264003935)",9016b261cd734b24889af22e3b040cf4,56,Work,64125bd1a2294ef2b156146c3459635d,37,Work
2966,03/14/2020T14:20:00 ,2020-03-14,OW Finance,"(4044087.0435225195, 2951850.7264003935)",0bc8a71e2c844a89b108bfd02c07de88,33,Work,4267dbbb55924a33ae1d82420f945158,27,Work
2966,03/14/2020T14:20:00 ,2020-03-14,OW Administration,"(4037093.952595035, 2937035.4484564867)",5bf2dfeedb384429979fb62d0f3dec8e,58,Work,f885a9f5f19c48b68dc5450ac1f1144e,21,Work
2966,03/14/2020T14:20:00 ,2020-03-14,Shop,"(4030853.6684093513, 2939596.475549419)",5db8ef3392364464822ef06db37d9693,46,Work,c5c1de7e8dfb45469d4227d4d8bf88c8,43,Work
2966,03/14/2020T14:20:00 ,2020-03-14,Hospital,"(4058154.76725065, 2949603.507869995)",e83cde7e41c044d3804f9a692efeb663,30,Work,f98f177be6dd4122a5eeb7676edf763a,38,Work
2967,03/14/2020T14:30:00 ,2020-03-14,OW Water,"(4033053.181326103, 2934678.575774782)",4c24654b9001486581f3de72fbebd9f9,32,Work,7336e18a69a04c00b79ac5b403422a7a,40,Work
2967,03/14/2020T14:30:00 ,2020-03-14,Shop,"(4035835.5297417524, 2951371.855012576)",61f64891efd34169b2bfad87deaaac66,42,Work,2537368bc1ef4d0ea200d4d06669a37e,45,Work
2968,03/14/2020T14:40:00 ,2020-03-14,OW Finance,"(4044087.0435225195, 2951850.7264003935)",b672f8794cf9479390dcfd1a1b835859,49,Work,64125bd1a2294ef2b156146c3459635d,37,Work
2968,03/14/2020T14:40:00 ,2020-03-14,OW Finance,"(4044087.0435225195, 2951850.7264003935)",5daa1a68166c4e7ba8261c33f108c913,56,Work,c8adb675adeb490e9e960017711bfa4f,52,Work
2968,03/14/2020T14:40:00 ,2020-03-14,OW Finance,"(4044087.0435225195, 2951850.7264003935)",a099d90e47234e6a86a540466e8ac7bf,56,Work,371f531c2d434fe2a0e36667eaff615b,48,Work
2968,03/14/2020T14:40:00 ,2020-03-14,Shop,"(4030853.6684093513, 2939596.475549419)",a94625bfb34649c6b2dacb4da77da678,19,Work,c5c1de7e8dfb45469d4227d4d8bf88c8,43,Work
2968,03/14/2020T14:40:00 ,2020-03-14,Indoor Sport,"(4050206.9476461597, 2951923.276650936)",962e150b44894e998eed77d1171b03d6,30,Work,0afb34583bef43cd8f8b9ca753145d0f,21,Work
2969,03/14/2020T14:50:00 ,2020-03-14,OW Manufacturing,"(4033152.122280112, 2937616.4047832955)",e5665f28ba7c4c368bf27bb127112727,33,Work,fa16bb1a66c0477b8d650d10a9232e2e,33,Work
2969,03/14/2020T14:50:00 ,2020-03-14,OW Finance,"(4044087.0435225195, 2951850.7264003935)",ae2eebc251b74e168fb9e4f3d4c95032,26,Work,f10bf7661d544811b376fa6b7ad22925,25,Work
2969,03/14/2020T14:50:00 ,2020-03-14,Shop,"(4035835.5297417524, 2951371.855012576)",425b8752a8e748888875b00cfb3c3e93,36,Work,719960a581f444eaa90fa8025140dc78,30,Work
2970,03/14/2020T15:00:00 ,2020-03-14,OW Water,"(4033053.181326103, 2934678.575774782)",e18e6537b6134634b4a095b4c7542019,49,Work,532b83e9e4d74b558c26bcdb4cf3c740,46,Work
2970,03/14/2020T15:00:00 ,2020-03-14,OW Administration,"(4037093.952595035, 2937035.4484564867)",22059e8d96e74b539157edc76d0ac7a3,44,Work,96133849b0ac4d7989f57a9d49c36c67,51,Work
2970,03/14/2020T15:00:00 ,2020-03-14,OW Administration,"(4037093.952595035, 2937035.4484564867)",337f61cf5c884560831cc9955905cee0,50,Work,18b989e37bad4edc92575e54e6761f04,37,Work
2971,03/14/2020T15:10:00 ,2020-03-14,OW Finance,"(4044087.0435225195, 2951850.7264003935)",556398a785124c6daee585e8d799cd07,40,Work,9b822c605bf74837a557afd400159654,47,Work
2972,03/14/2020T15:20:00 ,2020-03-14,OW ICT,"(4035155.2916662665, 2952573.727983958)",83e69b9519e0406aa3adaadfd56784f6,36,Work,84011e7f54424c4fa37267823899aa92,27,Work
2972,03/14/2020T15:20:00 ,2020-03-14,OW Finance,"(4044087.0435225195, 2951850.7264003935)",5db6831dc85941eabdc200a91624ae6c,54,Work,1d6479b0e44c4012a5a77de047d6efe8,38,Work
2972,03/14/2020T15:20:00 ,2020-03-14,OW Finance,"(4044087.0435225195, 2951850.7264003935)",51e28d98aa8c42d9bed8781b72e3f7ab,25,Work,56d1fc2cbf564d48bfc0c2df7d64353f,43,Work
2972,03/14/2020T15:20:00 ,2020-03-14,OW Administration,"(4037093.952595035, 2937035.4484564867)",530dcfed27234685bdcfb9f2c9f76182,31,Work,b40b51c1091647259158311d7f3c8787,24,Work
2973,03/14/2020T15:30:00 ,2020-03-14,OW Water,"(4033053.181326103, 2934678.575774782)",96a85e5538c0493cbc5398faf80d0d83,44,Work,fc80e6a1a1c24b85be693e7c22dea21f,25,Work
2973,03/14/2020T15:30:00 ,2020-03-14,OW Water,"(4033053.181326103, 2934678.575774782)",b2610b462b774bbe87d8b0c595209902,41,Work,d302ffca25584cb9beebda89f1b7cc44,55,Work
2973,03/14/2020T15:30:00 ,2020-03-14,Shop,"(4042913.3002928006, 2949121.6688516834)",500e9b6a0f7b42979569e5d4f0aac9c3,20,Shop,226892e9f9b6450b8b1f6160dab9697d,7,Shop
2973,03/14/2020T15:30:00 ,2020-03-14,Shop,"(4035835.5297417524, 2951371.855012576)",a7ee8c350f3444f7bf7ab2187747baa9,34,Work,bd519e75e1764874809e7c572b1e6148,28,Work
2973,03/14/2020T15:30:00 ,2020-03-14,Hotel,"(4041905.981629138, 2953161.4380196705)",e9d91032b74f4e19bd73c316de9d8de0,34,Work,e04676fb92d34d3a9462d318d61d7020,50,Work
2973,03/14/2020T15:30:00 ,2020-03-14,Indoor Sport,"(4050206.9476461597, 2951923.276650936)",547605b1cd4a47dc90c5a7ee695e9ec8,47,Indoor Sport,4c91f929bef6462cafed479f5d4bdf42,61,Work
2973,03/14/2020T15:30:00 ,2020-03-14,Primary School,"(4023885.201092419, 2941958.2393053505)",d5fd8c692ce24d12b6b621b5e18ee4ad,4,School,2dad909d3aa844679aba4ba15d31f543,10,School
2974,03/14/2020T15:40:00 ,2020-03-14,OW Finance,"(4044087.0435225195, 2951850.7264003935)",ee5d259ed7ff4265a2d66032cf55fcac,20,Work,6e153e80540e443d86c2e07c13390f4e,52,Work
2974,03/14/2020T15:40:00 ,2020-03-14,OW Finance,"(4044087.0435225195, 2951850.7264003935)",96bf04e818e94da5ade433ee96349413,42,Work,5094dbebe1514dca816433f5d135e649,44,Work
2974,03/14/2020T15:40:00 ,2020-03-14,OW Technical,"(4029200.3631112, 2939847.2296730066)",88c03168e48445479864d767c9bbaf48,38,Work,1fdda64d478f488cab09ca7899168f48,44,Work
2974,03/14/2020T15:40:00 ,2020-03-14,Shop,"(4035835.5297417524, 2951371.855012576)",f43ab312cd9245bd9d88eb7bbb20e898,51,Work,303d812c855b4dd7aea670394f9b817a,51,Work
2974,03/14/2020T15:40:00 ,2020-03-14,Indoor Sport,"(4050206.9476461597, 2951923.276650936)",bf163cc513f844649c144069bc4c21c3,53,Work,b28e9439f6634393b83c71cd3c82e59e,58,Work
2974,03/14/2020T15:40:00 ,2020-03-14,Indoor Sport,"(4050206.9476461597, 2951923.276650936)",476e33fc51fe4cc7a73d9a694c69dd9e,47,Work,ae79bb9d89b44fa68f40b3376da94a44,48,Work
2975,03/14/2020T15:50:00 ,2020-03-14,OW Finance,"(4044087.0435225195, 2951850.7264003935)",03fd95b256514924af07ab035f48722b,29,Work,56d1fc2cbf564d48bfc0c2df7d64353f,43,Work
2975,03/14/2020T15:50:00 ,2020-03-14,Shop,"(4026138.8109881002, 2945851.965113407)",aec1acdf6bfd4c5aa0f9e26600086f95,35,Work,e7b078e06dc0465b91156a02ba2a4f58,27,Work
2975,03/14/2020T15:50:00 ,2020-03-14,Hotel,"(4041905.981629138, 2953161.4380196705)",b1d893ce3f4c441a96f7e1e8c6f9924f,30,Work,a1fc232cbd4540a9a273e153d2b41b5d,28,Work
2975,03/14/2020T15:50:00 ,2020-03-14,Hotel,"(4039845.6103672986, 2941449.460067877)",5787fbaafdcf49f48dd72cb9047ee2b4,45,Work,be465664aa774b48b88bc73956074f83,33,Work
2975,03/14/2020T15:50:00 ,2020-03-14,Indoor Sport,"(4050206.9476461597, 2951923.276650936)",a20801c008154278bf0086bbbb6fb8e8,28,Indoor Sport,bba0ffa3a64f429a893713d4a7d3b2b9,61,Work
2976,03/14/2020T16:00:00 ,2020-03-14,OW ICT,"(4035155.2916662665, 2952573.727983958)",8caf253318f84638af5701077de5599f,52,Work,ad2eb1779c104bcfa10fc827193d7064,29,Work
2976,03/14/2020T16:00:00 ,2020-03-14,OW Finance,"(4044087.0435225195, 2951850.7264003935)",51831547dd6d490a94ccbd51d3982226,34,Work,9b822c605bf74837a557afd400159654,47,Work
2976,03/14/2020T16:00:00 ,2020-03-14,Shop,"(4035835.5297417524, 2951371.855012576)",03cdb64a73f74ff7870ec5fd59d2f067,25,Work,719960a581f444eaa90fa8025140dc78,30,Work
2976,03/14/2020T16:00:00 ,2020-03-14,Hotel,"(4039845.6103672986, 2941449.460067877)",2ac42e1ba8454162b88eed409036ea6d,45,Work,307b246fb3484d9cb379a1c6282d2d89,41,Work
2976,03/14/2020T16:00:00 ,2020-03-14,House,"(4039612.8099165726, 2948572.044904798)",32a42347f6664b129f3166454124a8c8,8,House,26805e857abd45d2b71e0613e98c0751,53,Work
2977,03/14/2020T16:10:00 ,2020-03-14,OW Manufacturing,"(4033152.122280112, 2937616.4047832955)",34a5f12b217c4eaf81b86e883435e0d1,58,Work,1b5f7fdd2f22427cbba9c27ab2c2b2e2,32,Work
2978,03/14/2020T16:20:00 ,2020-03-14,OW Finance,"(4044087.0435225195, 2951850.7264003935)",b1dfdfe3f24c480e8ce4b089f629f9dc,60,Work,4267dbbb55924a33ae1d82420f945158,27,Work
2978,03/14/2020T16:20:00 ,2020-03-14,Shop,"(4035835.5297417524, 2951371.855012576)",8b260577b4164a819c1b31f63ba7377c,51,Work,7196c8c26bfa4d79ad9c43634b22613f,31,Work
2978,03/14/2020T16:20:00 ,2020-03-14,Hospital,"(4041018.9862266188, 2978524.81136002)",ac57c7f5632a40aead191a471f2fb350,24,Work,c451fe2077cc42a2abe341325721a3c5,95,Visit
2979,03/14/2020T16:30:00 ,2020-03-14,OW Finance,"(4044087.0435225195, 2951850.7264003935)",24f32a19a9e846d18cf747b9a57e5cce,24,Work,4f8618c71a1b49edbc86ce9c818b52ab,56,Work
2979,03/14/2020T16:30:00 ,2020-03-14,OW Finance,"(4044087.0435225195, 2951850.7264003935)",cfa4d5bc67084a9282db4374f9276460,39,Work,47655d11156f47fc8f02da296094fe2c,42,Work
2979,03/14/2020T16:30:00 ,2020-03-14,Indoor Sport,"(4050206.9476461597, 2951923.276650936)",fff76915e764493ab7fd09ef0cafb821,61,Work,adecf65f77f24ce48bfae9ea790cda69,31,Work
2979,03/14/2020T16:30:00 ,2020-03-14,Indoor Sport,"(4050206.9476461597, 2951923.276650936)",cc66b1f877a24cc798f1ddbfdc27fdbb,24,Indoor Sport,85ae6f167630458c9c8fd26ce1da7e78,31,Work
2979,03/14/2020T16:30:00 ,2020-03-14,Indoor Sport,"(4050206.9476461597, 2951923.276650936)",81e99b65f4ae4de799a45593d63776f3,26,Indoor Sport,314bbfd3853840578e8f3368d20d1089,64,Work
2980,03/14/2020T16:40:00 ,2020-03-14,OW Water,"(4033053.181326103, 2934678.575774782)",35eb1c056af049d2937d53a0f535361b,33,Work,aa5b083152824567bb4204520c6a832d,34,Work
2980,03/14/2020T16:40:00 ,2020-03-14,OW Finance,"(4044087.0435225195, 2951850.7264003935)",4475928f2318482d9f23038c075bbfe2,34,Work,005dc4ba5644481f9dbe60c6c39aa592,43,Work
2980,03/14/2020T16:40:00 ,2020-03-14,Shop,"(4025087.2214921284, 2941022.304886145)",4abaa1951f6d47b2af90847315d8298d,69,Shop,6d5fb667b88c44488407accc0f2cfc6e,31,Shop
2980,03/14/2020T16:40:00 ,2020-03-14,Hotel,"(4039845.6103672986, 2941449.460067877)",91841b93bef047ab98b7683fea93442a,51,Work,22a599becb804f3c818fc26efad405f4,34,Work
2981,03/14/2020T16:50:00 ,2020-03-14,OW Manufacturing,"(4033152.122280112, 2937616.4047832955)",85129c1fc06149418ae68d80a6052b0c,31,Work,7730b802b42f4933829b74a809c3aa7f,44,Work
2981,03/14/2020T16:50:00 ,2020-03-14,OW Water,"(4033053.181326103, 2934678.575774782)",4a56851146f045f28fb57d159a2f8cd0,37,Work,3b8a783507364b8cae3cbf7342a6652f,45,Work
2981,03/14/2020T16:50:00 ,2020-03-14,OW Finance,"(4044087.0435225195, 2951850.7264003935)",fe9fd62920bf4ec0a25cbbc5bec810a6,26,Work,6e153e80540e443d86c2e07c13390f4e,52,Work
2981,03/14/2020T16:50:00 ,2020-03-14,Shop,"(4035835.5297417524, 2951371.855012576)",469b5b38b2c04d5dab7172ec8c75d65c,63,Shop,f352fcd822184ec9aa38c44e258f1d87,26,Work
2981,03/14/2020T16:50:00 ,2020-03-14,Hospital,"(4058154.76725065, 2949603.507869995)",6518811145a844b0ada74d81e265a74d,34,Work,f98f177be6dd4122a5eeb7676edf763a,38,Work
2982,03/14/2020T17:00:00 ,2020-03-14,Shop,"(4035835.5297417524, 2951371.855012576)",5885fec943734bb6b7e2d03a22ee5040,32,Shop,f352fcd822184ec9aa38c44e258f1d87,26,Work
2982,03/14/2020T17:00:00 ,2020-03-14,Indoor Sport,"(4050206.9476461597, 2951923.276650936)",fb9d54b6a23844ef879eba6f01c30e7d,44,Work,3c970e29d6d84cc7ad12a95f9624989c,49,Work
2982,03/14/2020T17:00:00 ,2020-03-14,Indoor Sport,"(4050206.9476461597, 2951923.276650936)",84148c62b152493ca4ac9dca71c5e75c,46,Work,c1efe256aa4c476ab3ec8b796d1f1c4c,56,Indoor Sport
2982,03/14/2020T17:00:00 ,2020-03-14,Indoor Sport,"(4050206.9476461597, 2951923.276650936)",1d7c3d70008345b995ab1dfec1801717,63,Indoor Sport,0aeada72db3d42fa898bf05dc435cf1c,56,Work
2983,03/14/2020T17:10:00 ,2020-03-14,OW Finance,"(4044087.0435225195, 2951850.7264003935)",b7f2276aa64f4172a1dee9a2c5646be7,21,Work,1d6479b0e44c4012a5a77de047d6efe8,38,Work
2983,03/14/2020T17:10:00 ,2020-03-14,OW Finance,"(4041352.149863414, 2950118.0940126437)",a042302d5eb143e08aeee53af7f7ec58,41,Work,aa03c1153a3d492b8e9c6bd78d619aca,40,Work
2983,03/14/2020T17:10:00 ,2020-03-14,OW Technical,"(4031466.3386383117, 2955069.0080003496)",563f49815f6f4b89af1a9b114ee1796e,32,Work,32e27d3eb7c6444fbab6f15bed979065,55,Work
2983,03/14/2020T17:10:00 ,2020-03-14,Hotel,"(4041905.981629138, 2953161.4380196705)",0b5c7bf67d96439fa41bb1f3f04cb62e,36,Work,a6fe37bce3554aecbaf4ff6b0e436096,44,Work
2988,03/14/2020T18:00:00 ,2020-03-14,House,"(4040130.083874092, 2968267.964967937)",1429606a49ed44cb848f1c128af2569b,32,House,f9d0696170a74f0c8caf527491f3bd86,30,House
2990,03/14/2020T18:20:00 ,2020-03-14,OW Manufacturing,"(4041994.9357273723, 2949416.2223347416)",c8543b19da5f4557939aca4d9153c5de,67,Work,01e1c0ff53a24e8ba2eafc4e2a1deadd,42,Work
3001,03/14/2020T20:10:00 ,2020-03-14,House,"(4033738.8943186593, 2943812.7540778858)",804f9ba43e8a4d6282cffb03b9b0d4bb,55,House,ea3e156c830c4864885d13c8e7d4468c,33,House
3002,03/14/2020T20:20:00 ,2020-03-14,Cinema or Theatre,"(4069470.2846899107, 2966147.9277069275)",e269475a22f042fd821007cda424981b,19,Cinema or Theatre,0f3f423d13ce421a8db629471f82361b,69,Cinema or Theatre
3002,03/14/2020T20:20:00 ,2020-03-14,House,"(4038812.4093351904, 2951664.841362206)",332b0ebfb63640c1b722282616f8db1a,8,House,058ae0748d5646e19e010158b2d13e30,51,Visit
3004,03/14/2020T20:40:00 ,2020-03-14,Cinema or Theatre,"(4054162.863186943, 2964086.570923044)",ed5b5fc428e543da947d65319615b86e,30,Cinema or Theatre,fadf7858655c46c9b35c8a166b5f57b7,48,Cinema or Theatre
3005,03/14/2020T20:50:00 ,2020-03-14,Cinema or Theatre,"(4042970.244581411, 3008867.2701199166)",31e1b1ec83124923855949ddf182844d,67,Cinema or Theatre,0ad9865ea0ec490f80629347b4a8fa6e,65,Cinema or Theatre
3005,03/14/2020T20:50:00 ,2020-03-14,Cinema or Theatre,"(4040182.1356564923, 2951412.220097515)",071134d421374cd28d2e03f9a42ca8d4,67,Cinema or Theatre,96405b32dbad449bb70af505b931605d,80,Cinema or Theatre
3007,03/14/2020T21:10:00 ,2020-03-14,Cinema or Theatre,"(4040182.1356564923, 2951412.220097515)",e384e4aabc894303acf35c2e5e3bfb40,24,Cinema or Theatre,96405b32dbad449bb70af505b931605d,80,Cinema or Theatre
3008,03/14/2020T21:20:00 ,2020-03-14,Cinema or Theatre,"(4069470.2846899107, 2966147.9277069275)",f392288c391c43b88cde8c73a4585c89,76,Cinema or Theatre,0f3f423d13ce421a8db629471f82361b,69,Cinema or Theatre
3010,03/14/2020T21:40:00 ,2020-03-14,House,"(4040629.768587153, 2949643.707894123)",a68fed333899497a8dd6e8ff5e94b26b,13,House,c18ae761b66e4d939e3c38970f8d0ebd,54,House
3012,03/14/2020T22:00:00 ,2020-03-14,House,"(4047333.393378725, 2947074.3121343143)",47a3ea54523649288938a43e853a1f4b,35,House,336a7636cbcc49639d0fa7f2b635003a,45,House
3015,03/14/2020T22:30:00 ,2020-03-14,House,"(4051886.569500492, 2939017.957838911)",c87f95d8c1a049d6adc9be487aa3f9e1,4,House,f92405d6c741464dbd66c3e0d4fffa79,31,House
3016,03/14/2020T22:40:00 ,2020-03-14,House,"(4035395.661153976, 2952522.0738816895)",a411a980d1c8428eb6ca5433d38a74eb,13,Visit,e67a1f34792542a3a73f4bf90561f18f,25,House
3033,03/15/2020T01:30:00 ,2020-03-15,House,"(4040761.346677799, 2950033.349391933)",988ca04479104449856ac4e03b15a3bf,40,House,cec9ba887a514d86a3efe4807a536a7b,11,House
3039,03/15/2020T02:30:00 ,2020-03-15,Public Transport,"(4039172.5510888183, 2951071.7055862495)",27b81b2f50194e1eb9b45e5707d72729,7,Public Transport,a6e1fbd031ec47f69d97df99bf89f290,7,Public Transport
3040,03/15/2020T02:40:00 ,2020-03-15,House,"(4023547.9336451455, 2942803.790448477)",518c145e625e48d0a798f654cfffb8fd,27,Visit,ba441e3fa86347b68915ad4ae21e6b0e,42,House
3042,03/15/2020T03:00:00 ,2020-03-15,House,"(4023962.821808245, 2944564.513797258)",29782f7139bf4d8ea736acad5497fa5f,6,House,250092e2f00c432591069088395b45c3,37,House
3047,03/15/2020T03:50:00 ,2020-03-15,House,"(4022061.2199209584, 2942661.5544221844)",32afd08b9a6a40dda69090de459d3e84,64,House,406668862dea41f6bf5f4ef7bc58da45,23,House
3073,03/15/2020T08:10:00 ,2020-03-15,House,"(4036698.0179231646, 2938958.5585477995)",6654752466c94ecab3521da63e7211b2,25,House,00716e837a6f412bbdeb443e89ac946b,54,House
3076,03/15/2020T08:40:00 ,2020-03-15,House,"(4053722.789935269, 2956002.242650932)",4120b9a4f346499f8364fe8b4bb88011,46,House,36167c4a6274432d97d5b93bdc27c357,8,House
3080,03/15/2020T09:20:00 ,2020-03-15,House,"(4056582.8986901026, 2937613.680430832)",18c73dd6424647c59a38f29a41882eda,3,House,ee9593ec4b3b443588ed5323181db4ef,45,Work
3081,03/15/2020T09:30:00 ,2020-03-15,OW ICT,"(4038124.8254480036, 2950113.3998562694)",d956d63ba36740f99c92c01cdd277711,20,Work,363265f17a2a4ccf8d49e66ddd4f1120,51,Work
3089,03/15/2020T10:50:00 ,2020-03-15,House,"(4040652.7565773115, 2949433.504286435)",587fb5b3f9944c23a7669ecb57fdd948,2,House,33d792868338400aa795a7bdad4e0a42,37,Shop
3090,03/15/2020T11:00:00 ,2020-03-15,House,"(4022385.3007203685, 2946707.9521628483)",ef53b0fbcab94d4a8423a84b5de41beb,53,House,2e90771e56b6437fbc74a3be85ec2ac5,36,House
3092,03/15/2020T11:20:00 ,2020-03-15,Public Transport,"(4031877.530271987, 2940138.6012903643)",d881650ebb974e488a9713accbbc9f95,31,Public Transport,ef38774a564f48a797c28a334c3af116,42,Public Transport
3097,03/15/2020T12:10:00 ,2020-03-15,Public Transport,"(4023100.840187804, 2944023.8514339137)",8d1b13ab494d483d88f7b7015862c018,10,Public Transport,eedccf022cf94e78bba1dd52c795d817,15,Public Transport
3097,03/15/2020T12:10:00 ,2020-03-15,House,"(4024389.0428459123, 2944205.773981652)",9d3ff3409dc84e4b88cc1c3ab26be4b2,50,Visit,faada50f080f463c816fdd82fcfc0ddd,52,House
3098,03/15/2020T12:20:00 ,2020-03-15,House,"(4042477.711862113, 2949449.327623798)",38f1c4edec8f41738c55c2c066be680d,5,Visit,058ae0748d5646e19e010158b2d13e30,51,Visit
3104,03/15/2020T13:20:00 ,2020-03-15,House,"(4034731.2254726305, 2937749.45964648)",c65a533cec5d41ad8b777d95f34308ad,20,House,a0e010e5ab0c4a5aa314858315e3dda7,49,Restaurant
3108,03/15/2020T14:00:00 ,2020-03-15,House,"(4062822.8275361047, 2972112.693597875)",7f9cc9edc7c34982b9ddca3953e4e5f4,28,House,fed2573238724e37ba4f174a5b9458d6,13,House
3113,03/15/2020T14:50:00 ,2020-03-15,OW Finance,"(4044087.0435225195, 2951850.7264003935)",d1068d1a423d48a79a89677babec4196,29,Work,902fa82d45f04d72a22a60819bf0175b,44,Work
3132,03/15/2020T18:00:00 ,2020-03-15,House,"(4039253.2985079098, 2949818.4612559252)",cf22c3e031c24cd9a65bad9289837dc5,18,House,1c31946290914ba39094ef4758c9e47d,22,House
3138,03/15/2020T19:00:00 ,2020-03-15,House,"(4032241.2655730317, 2940394.05664747)",2aaadce77d354b2c89bc3f160628b956,43,House,66b243af89ea4723a27d7baec81842c2,56,House
3146,03/15/2020T20:20:00 ,2020-03-15,House,"(4035369.801700199, 2938235.1632094895)",7a9181a7bfc9448ea259781e9c50b4d1,35,House,863fa608e6d34d1dbadbde6e3e807d7d,52,House
3152,03/15/2020T21:20:00 ,2020-03-15,House,"(4032844.7259825715, 2935762.5761589175)",7ce4738247be4be7a3cfa403f4c2c344,8,House,5772c07a392b445ba77f7d913ed9ba4d,34,House
3155,03/15/2020T21:50:00 ,2020-03-15,House,"(4029168.1925738505, 2939492.348589937)",4ea6a9b7b72c403e8407d25f083ff65f,26,Visit,83011bbb8139441fa462b778d9159bc6,39,House
3156,03/15/2020T22:00:00 ,2020-03-15,House,"(4032158.996091969, 2940821.084080944)",df2a0ed1637d4110883bf8c3cd9fcb19,47,House,8b1faf446a4e4505955d90ce01915ee3,52,House
3163,03/15/2020T23:10:00 ,2020-03-15,House,"(4039947.054688769, 2949461.219000138)",15304c607311408fa7ae4ed43f1e1e3f,9,House,e7d826acb2834657be019718ad0a5d7a,48,House
3164,03/15/2020T23:20:00 ,2020-03-15,House,"(4030573.948554773, 2940142.7550400696)",a73ac73ac0c04224b777e9df6944916c,23,House,8db3cb0f8a5646a7bdaa0cb0473a9a38,46,House
3171,03/16/2020T00:30:00 ,2020-03-16,House,"(4036755.970616865, 2953595.1067500706)",4b9f174c7b8340be9f08e2b888c887fa,38,House,1b9213eec54b4ae19d088a7a60e04c88,6,Restaurant
3178,03/16/2020T01:40:00 ,2020-03-16,Public Transport,"(4041876.1986164837, 2952870.438339071)",103f344fb2c242389373727c788f8b3e,36,Public Transport,a4b2d63930df45ada63f3f4746f50971,12,Public Transport
3180,03/16/2020T02:00:00 ,2020-03-16,House,"(4030951.599517459, 2942710.7666760865)",29e9cea6397542da8671fa3e1f4d11b0,25,House,87c28213b77d480b88d7acec84bc20bd,56,House
3182,03/16/2020T02:20:00 ,2020-03-16,House,"(4030572.0283505684, 2939663.747203263)",1be7d7358f9b44b18692d2e1651b11c2,31,Visit,8712d947b96e42f98b8f0fa914ce6bc4,39,House
3184,03/16/2020T02:40:00 ,2020-03-16,Public Transport,"(4029684.463103126, 2939399.926118276)",ef31ff47cbf541029a8b837fc53be26e,1,Public Transport,9067d96366d948b6ba65c58fb6f32247,13,Public Transport
3186,03/16/2020T03:00:00 ,2020-03-16,Public Transport,"(4029684.463103126, 2939399.926118276)",3f60f0f3709346439998edc7f25859c6,28,Public Transport,5bc82f21985d47319bf14ca8390dcaed,12,Public Transport
3189,03/16/2020T03:30:00 ,2020-03-16,House,"(4038473.0625969274, 2937889.089753584)",cec521a520a64e6b81226673c50b939c,45,House,a7f115ad45d94f698aaa5b26df03cd8c,21,House
3195,03/16/2020T04:30:00 ,2020-03-16,House,"(4044297.0189025244, 2954812.838596815)",3591d19155164cd7b39df05455915e20,23,House,027c26ee3e264f79813d45d2faaf99c0,27,Visit
3207,03/16/2020T06:30:00 ,2020-03-16,House,"(4050827.294633962, 2977444.3441428524)",5c76d3935c57407ca8dc57aad76262a3,54,House,1e7612ff2db14bd6bd1394414d323cb9,39,House
3210,03/16/2020T07:00:00 ,2020-03-16,House,"(4022315.466820547, 2947308.420737671)",16f17c9cf3cc467f82883dacfcddb331,48,House,37796818744f448c9812144adca391a0,59,House
3216,03/16/2020T08:00:00 ,2020-03-16,House,"(4039111.0643788804, 2951141.8882562313)",ca28aaa62a3b442c91243a5d5f2f8e33,63,House,f144ad8f2acf4958b1511fbc0a7fb46a,27,House
3217,03/16/2020T08:10:00 ,2020-03-16,House,"(4035938.299662666, 2951581.106347067)",fdb9f21340ed41b587eace4ab621e23c,25,House,d0c7c3323dd74ced8e0e162fa0d3c934,56,House
3219,03/16/2020T08:30:00 ,2020-03-16,OW Finance,"(4029886.132004339, 2940983.312252022)",77eec246dc6c4baf97261b0e5f6147ed,35,Work,41c1f467ca3b44508433efbb51cbfa98,33,Work
3224,03/16/2020T09:20:00 ,2020-03-16,House,"(4041533.0325184735, 2957752.769424972)",fb8b43f94d6b4f98a2bcdb2965b1a953,20,House,c373cf6339784ccda55b86569386cb11,29,House
3228,03/16/2020T10:00:00 ,2020-03-16,House,"(4028646.072283816, 2942512.4227029434)",d405ac9a13a34a91bd9eb5b81fc268be,29,House,3964de3456a543009b01adab33822058,48,House
3234,03/16/2020T11:00:00 ,2020-03-16,House,"(4058999.0090964613, 2974166.719786029)",4b9b0671d1804442bbf4f70b6619d9b6,56,House,eee4ede0c75d419b8beceb7c9b1ea2f2,39,Shop
3235,03/16/2020T11:10:00 ,2020-03-16,House,"(4036137.003616931, 2951050.4922720157)",8a1d99ff690940d4bcab577f9848e6e7,53,Visit,21c3a1bb8fdb46c1b043147edcb36abe,55,House
3242,03/16/2020T12:20:00 ,2020-03-16,Shop,"(4026141.654972494, 2942437.1652990817)",ee1c85f9e0034d378c36db3b649c2343,30,Shop,e3a72fa01cd2487e97c569052460f6aa,59,Shop
3252,03/16/2020T14:00:00 ,2020-03-16,House,"(4039661.689788822, 2952492.1612878377)",aa619961c71e4957a0e47fe5b8fbcf88,57,House,fa52bb89416e4c6688193f9b591ffcbf,51,Restaurant
3266,03/16/2020T16:20:00 ,2020-03-16,House,"(4042236.560436497, 2950256.346196967)",e58bdb369d944cfaba19e1567fa8f3eb,10,House,d080a56e00934e90b1cae0c644c3dd83,38,Indoor Sport
3270,03/16/2020T17:00:00 ,2020-03-16,Shop,"(4033282.4691486307, 2940452.0734712826)",0fbe26b1820245e79648be14c7961156,9,Shop,4fb70de84e77408c991d7668ada3a87e,47,Shop
3274,03/16/2020T17:40:00 ,2020-03-16,OW Finance,"(4029886.132004339, 2940983.312252022)",b64ba49bf34a458a8dd3b244efa2596c,18,Work,e2b6948e122f48758f1717cf59eb1c34,58,Work
3274,03/16/2020T17:40:00 ,2020-03-16,House,"(4040521.8907054933, 2978503.3820244144)",6b518f84a72c409382b3a87bba75a792,67,House,58ec7da3e38f4726bacf0af0c5bc1925,49,House
3276,03/16/2020T18:00:00 ,2020-03-16,House,"(4041319.297003137, 2952480.3908836283)",cc7aeebe10e044d2a36e6905fd899687,18,House,b10ceb0421dc44de81578a383f937a80,29,House
3276,03/16/2020T18:00:00 ,2020-03-16,House,"(4041576.5787327047, 2954618.299725108)",ce7aae7555414c4cb6b7c3c061adf76a,54,House,ae49b89478194fa69125678a1dfc1503,5,Indoor Sport
3278,03/16/2020T18:20:00 ,2020-03-16,House,"(4030904.1854096935, 2940996.266497835)",67afa6b0905141fa9f7dace36d8bfbe4,17,House,68263851531d4625991a6af625de0e03,56,Visit
3283,03/16/2020T19:10:00 ,2020-03-16,House,"(4049017.6026275675, 2975893.110694038)",4853bd7f47f440748dfa4db86a541ca3,23,House,76be773a8c4049a6b9851d190eaf405b,42,House
3288,03/16/2020T20:00:00 ,2020-03-16,House,"(4050470.193366514, 2962797.909908789)",7b817780c53146d48cb8ed432cde2a1c,7,House,253ee84830774160bdc5c1368c9c2c2f,24,House
3300,03/16/2020T22:00:00 ,2020-03-16,Care Home,"(4039528.9994623875, 2952253.717866595)",848e178454d04ac998d6b48441ebc3d3,38,Work,14f47bc2381d4875baab360bb57a3a5a,93,Restaurant
3304,03/16/2020T22:40:00 ,2020-03-16,House,"(4028948.94047838, 2940061.200781462)",d4cac92c49e64066a607aa268e2b246e,40,House,8f773e4ff79c432b829b2b748106f0e9,47,House
3304,03/16/2020T22:40:00 ,2020-03-16,House,"(4029693.517503246, 2940958.693037949)",a6b950e2954d42f48033af1adf617564,42,House,270d712177514f42b5ca6296f7ef7932,50,Visit
3304,03/16/2020T22:40:00 ,2020-03-16,House,"(4030273.1187270368, 2958018.550644021)",502a56bbc9524f4b8028c89907853824,45,House,abbfef7ef4c94d36a4129f4226ec2543,50,House
3309,03/16/2020T23:30:00 ,2020-03-16,House,"(4023962.821808245, 2944564.513797258)",29ec926541584622873c0009818680e4,12,House,29782f7139bf4d8ea736acad5497fa5f,6,House
3309,03/16/2020T23:30:00 ,2020-03-16,House,"(4042900.6797690294, 2956956.4500839133)",f2e935b90c6247408cdf89196bb855f6,53,House,91f6956543ca40e7b3ad4054697529e5,52,House
3316,03/17/2020T00:40:00 ,2020-03-17,House,"(4025410.7668905696, 2947232.0135613782)",8ad63c85b8f5496189d1f58dc36f6200,74,House,bcbe1dc8f89a480fbb8952543b792b4a,16,House
3319,03/17/2020T01:10:00 ,2020-03-17,House,"(4023545.3351733554, 2942407.8115004497)",a6d6322bbd7040f28173aa12b56da7e9,5,House,00ca13289c3145afb278714955554bfb,11,House
3322,03/17/2020T01:40:00 ,2020-03-17,House,"(4038241.4559032563, 2971984.0192210134)",f109cb1d15e04d5caa7760224c74d489,63,Visit,cd47895271e1406ab6fce3c31bf862fc,23,House
3322,03/17/2020T01:40:00 ,2020-03-17,House,"(4026744.4512212574, 2958132.2436643266)",db1da8c3dd704f64a92728d114abd81c,6,House,34385eff26c9497ba921f0389ca12b9a,46,House
3322,03/17/2020T01:40:00 ,2020-03-17,House,"(4056338.833957253, 2938811.26562353)",a473762c4dc64d06945863551893859a,25,House,9ea984da83fe462f9fa26ccfd7fbadf0,6,House
3323,03/17/2020T01:50:00 ,2020-03-17,House,"(4057998.491820387, 2935279.2756124595)",bab066d5c0be4e5da889455c05e021d4,26,House,c5372bee8fe847259f24f6e7c52d7562,50,House
3338,03/17/2020T04:20:00 ,2020-03-17,House,"(4039306.2116909274, 2950827.81042701)",14e0b65c84924be99779cf72e52195b8,36,House,c612f8e446034d8ab237c4fef56ff313,20,House
3344,03/17/2020T05:20:00 ,2020-03-17,Hospital,"(4058154.76725065, 2949603.507869995)",51501cfcb58048479ea27313b1414161,38,Work,eae5fd37d7634d80bd635f8a767a153d,64,House
3351,03/17/2020T06:30:00 ,2020-03-17,Hospital,"(4026830.549424994, 2957052.0152650787)",b263aabf428e4ebd981fac06223bc34d,35,Work,6afae0a9ea0141228da98bd02fd5f529,62,House
3352,03/17/2020T06:40:00 ,2020-03-17,House,"(4041159.1783402404, 2963113.289452757)",594f11d5ebf74ac2b7334f9d834a4492,30,House,5bdf2482d6e24fb894abc082bf87b874,35,House
3359,03/17/2020T07:50:00 ,2020-03-17,OW Water,"(4033053.181326103, 2934678.575774782)",1c14928240eb428bac9496afac6b324f,31,Work,bb9d7121da394062bfa178f5a9e3f5b1,37,Work
3359,03/17/2020T07:50:00 ,2020-03-17,OW Finance,"(4044087.0435225195, 2951850.7264003935)",7f3f3fce23b9453f8593d70b22a3bc4d,37,Work,1047a6f845504234bdc25c6d1290970b,39,Work
3359,03/17/2020T07:50:00 ,2020-03-17,OW Finance,"(4044087.0435225195, 2951850.7264003935)",13d02ae55ed34a358aa440fb63b51bcc,32,Work,638dd4f59798425cac9b2350e37f4120,61,Work
3359,03/17/2020T07:50:00 ,2020-03-17,OW Finance,"(4044087.0435225195, 2951850.7264003935)",5a0a373fe8cd47f1a34c242e49dd8371,53,Work,005dc4ba5644481f9dbe60c6c39aa592,43,Work
3359,03/17/2020T07:50:00 ,2020-03-17,OW Administration,"(4037093.952595035, 2937035.4484564867)",31d69e578bf447aaa9e4afa575516bff,25,Work,2b66219d92de4d92bdad98ddd0735e4b,55,Work
3359,03/17/2020T07:50:00 ,2020-03-17,Public Transport,"(4042778.0863694213, 2953846.041187028)",5731978f00dd42138e6c2909cedb85f1,7,Public Transport,7fd6b5e9333b4807b7e6dcf91c5b9756,42,Public Transport
3359,03/17/2020T07:50:00 ,2020-03-17,Public Transport,"(4058015.6265840293, 2944974.453490983)",e63078a55f11488f9bc0b16a69c5b3c2,24,Public Transport,7b1b79f8d79a4912b11f2bb4dcebd666,37,Public Transport
3359,03/17/2020T07:50:00 ,2020-03-17,Public Transport,"(4031947.8549156208, 2942752.5026978245)",d7070c8b366f43ef98b352218db5ad86,3,Public Transport,99553a4399fd409b9d54e0f17bfe3a88,17,Public Transport
3360,03/17/2020T08:00:00 ,2020-03-17,OW Manufacturing,"(4033152.122280112, 2937616.4047832955)",9511bd651038458881e346f681210276,28,Work,d6612d8e099a42618eaa50cc1e9d3486,29,Work
3360,03/17/2020T08:00:00 ,2020-03-17,OW Water,"(4033053.181326103, 2934678.575774782)",b724c9596fdb4e0696eecce3e5b33e71,28,Work,0baa537c6e0b4cf39cb72ef3618f15c3,42,Work
3360,03/17/2020T08:00:00 ,2020-03-17,OW ICT,"(4035155.2916662665, 2952573.727983958)",483252cab78b430e8285b230e189450d,23,Work,509e95fc034b4b15b8fe67a58729a248,28,Work
3360,03/17/2020T08:00:00 ,2020-03-17,OW Finance,"(4044087.0435225195, 2951850.7264003935)",8ba7912017ad48b686e4f6b597d2f5dc,41,Work,8856d765c4c74f29bbe8570f497022ac,52,Work
3360,03/17/2020T08:00:00 ,2020-03-17,OW Finance,"(4044087.0435225195, 2951850.7264003935)",a8c9e597edac4769b93f368e11b0959d,48,Work,8df4adaec849488f892711fa37b0c9af,59,Work
3361,03/17/2020T08:10:00 ,2020-03-17,OW Water,"(4033053.181326103, 2934678.575774782)",51ee93aaf8314d359a8d42e69e93292c,49,Work,7d949a569cea454bacdfc4c7b7844ed5,33,Work
3361,03/17/2020T08:10:00 ,2020-03-17,OW Finance,"(4044087.0435225195, 2951850.7264003935)",1e2bb04e7ef5472e85981842ee9a9690,29,Work,a187df2c494e409cb7703850051a2d33,32,Work
3361,03/17/2020T08:10:00 ,2020-03-17,OW Finance,"(4044087.0435225195, 2951850.7264003935)",5c7690ed4e6944009ea52d936d1e81a3,52,Work,5094dbebe1514dca816433f5d135e649,44,Work
3361,03/17/2020T08:10:00 ,2020-03-17,OW Finance,"(4044087.0435225195, 2951850.7264003935)",27ac7c78c89c49f9b3fad5ee910410c1,60,Work,535e45df6988425fa6cf8b197fcbda90,21,Work
3361,03/17/2020T08:10:00 ,2020-03-17,OW Finance,"(4044087.0435225195, 2951850.7264003935)",745672236024496b8b64c49ca22d0645,29,Work,f0b724ad4b9145a5a214263a9346cbff,42,Work
3362,03/17/2020T08:20:00 ,2020-03-17,OW ICT,"(4035155.2916662665, 2952573.727983958)",27670a9f6e6345d6a4f287efae695105,28,Work,d89eb2dd602f499086cbba98e024c457,46,Work
3362,03/17/2020T08:20:00 ,2020-03-17,OW Finance,"(4044087.0435225195, 2951850.7264003935)",358faf3398104826abb6eef298aef670,45,Work,ee5d259ed7ff4265a2d66032cf55fcac,20,Work
3362,03/17/2020T08:20:00 ,2020-03-17,OW Finance,"(4044087.0435225195, 2951850.7264003935)",bfef6b91381c4121b027fd05606dec19,26,Work,fe9fd62920bf4ec0a25cbbc5bec810a6,26,Work
3362,03/17/2020T08:20:00 ,2020-03-17,OW Finance,"(4044087.0435225195, 2951850.7264003935)",ddf84e97341e47d39e17ddcccf58ee48,25,Work,03fd95b256514924af07ab035f48722b,29,Work
3362,03/17/2020T08:20:00 ,2020-03-17,OW Finance,"(4044087.0435225195, 2951850.7264003935)",f468122d411d4dc3a4b052b577039b3e,49,Work,4267dbbb55924a33ae1d82420f945158,27,Work
3362,03/17/2020T08:20:00 ,2020-03-17,OW Finance,"(4044087.0435225195, 2951850.7264003935)",e4f3b849b85940ccb6a90ed3b13deeef,47,Work,c4244d7f115749f7b0bde74e6b853372,30,Work
3362,03/17/2020T08:20:00 ,2020-03-17,OW Finance,"(4041352.149863414, 2950118.0940126437)",5e71accd591e4c2cba9ce9290af48d08,38,Work,75c0dcc55ea84b22aa7d566d81f6c4db,26,Work
3362,03/17/2020T08:20:00 ,2020-03-17,Hotel,"(4041905.981629138, 2953161.4380196705)",920f7b3e0ff24444ad1aa718b4886c7e,30,Work,7a9a5687bb264b208f838789d739aabb,31,Work
3362,03/17/2020T08:20:00 ,2020-03-17,Secondary School,"(4039217.2555629266, 2951517.9840602893)",cd729ce7a59f42a3854f0ae0be6ab930,33,Work,cf22c3e031c24cd9a65bad9289837dc5,18,School
3363,03/17/2020T08:30:00 ,2020-03-17,OW Manufacturing,"(4068332.2126111374, 2961060.5823687455)",57a2071846f04f9885c61b70978cd325,48,Work,7734f97e77eb458aae5c9041c64c173a,47,Work
3363,03/17/2020T08:30:00 ,2020-03-17,OW Water,"(4033053.181326103, 2934678.575774782)",0ca1fb22596546b88883d2c493ef19fa,57,Work,bb9d7121da394062bfa178f5a9e3f5b1,37,Work
3363,03/17/2020T08:30:00 ,2020-03-17,OW ICT,"(4035155.2916662665, 2952573.727983958)",9ab311f323804c0988b86a5e60a69f37,33,Work,38cdd0e5ffd8465eb995e4198308a084,52,Work
3363,03/17/2020T08:30:00 ,2020-03-17,OW Finance,"(4044087.0435225195, 2951850.7264003935)",e6f4b2a166dd4cb7948e1d546ee7b721,20,Work,a187df2c494e409cb7703850051a2d33,32,Work
3363,03/17/2020T08:30:00 ,2020-03-17,OW Finance,"(4044087.0435225195, 2951850.7264003935)",d39a5ea0df4f4803b8406e423501b017,36,Work,5094dbebe1514dca816433f5d135e649,44,Work
3363,03/17/2020T08:30:00 ,2020-03-17,OW Finance,"(4044087.0435225195, 2951850.7264003935)",d46131885d8f4192aa6950550ffc34d7,47,Work,d5e6c186e4af4d2b962e7c9157a271b1,37,Work
3363,03/17/2020T08:30:00 ,2020-03-17,OW Finance,"(4044087.0435225195, 2951850.7264003935)",ccae573003014cab826fa876a42fbc1e,52,Work,005dc4ba5644481f9dbe60c6c39aa592,43,Work
3363,03/17/2020T08:30:00 ,2020-03-17,OW Finance,"(4044087.0435225195, 2951850.7264003935)",a373cd97e47d4c9092883eef3e10be32,53,Work,e340eeaafca74e73b9309e93f87eb3f9,30,Work
3364,03/17/2020T08:40:00 ,2020-03-17,OW Water,"(4033053.181326103, 2934678.575774782)",0f1608041d67427a9b70c5e2ffe91a81,59,Work,182f93ca51634496ba501296d10b99d8,18,Work
3364,03/17/2020T08:40:00 ,2020-03-17,OW Water,"(4033053.181326103, 2934678.575774782)",5de7e44ddce74d188b2b767e200aea36,42,Work,0a1ba013890d4b0599fe98f94e23a4c3,21,Work
3364,03/17/2020T08:40:00 ,2020-03-17,OW ICT,"(4035155.2916662665, 2952573.727983958)",34919c72d7ba4aa1917967d0c504e614,55,Work,58040904c1764aa39937d259ef71e79e,34,Work
3364,03/17/2020T08:40:00 ,2020-03-17,OW Finance,"(4044087.0435225195, 2951850.7264003935)",f82f3f49e1bb42c18fe474cdbc74c9ce,45,Work,360f7dbf3c724f9d834ef5fea7e313eb,21,Work
3364,03/17/2020T08:40:00 ,2020-03-17,OW Finance,"(4044087.0435225195, 2951850.7264003935)",90811aca55e943ac80d46c4542fbc4f2,47,Work,8856d765c4c74f29bbe8570f497022ac,52,Work
3364,03/17/2020T08:40:00 ,2020-03-17,OW Finance,"(4044087.0435225195, 2951850.7264003935)",37094b6f4b204b01b5efef27b834ff2c,54,Work,03b08548f71e4bcaa7308df48716d0c5,46,Work
3364,03/17/2020T08:40:00 ,2020-03-17,OW Finance,"(4044087.0435225195, 2951850.7264003935)",fc088f61bc4044909ddd2ff8f6db861f,29,Work,4799579ee13548bf8e7df0c7a1c328e9,57,Work
3364,03/17/2020T08:40:00 ,2020-03-17,OW Finance,"(4044087.0435225195, 2951850.7264003935)",ac582967c2ba46dfaf8a0fdb5ba36f83,30,Work,7f4bbb733a4b473dbc3f8a59a8c99c42,28,Work
3364,03/17/2020T08:40:00 ,2020-03-17,OW Finance,"(4044087.0435225195, 2951850.7264003935)",8fd1f236b03f40dba907a05cf76350b6,52,Work,9946b6baa78a4ffca2ddbfd615b6bd4b,62,Work
3364,03/17/2020T08:40:00 ,2020-03-17,OW Finance,"(4044087.0435225195, 2951850.7264003935)",a7b042f264e540deba4f9a45cb59d501,29,Work,b1dfdfe3f24c480e8ce4b089f629f9dc,60,Work
3364,03/17/2020T08:40:00 ,2020-03-17,Hospital,"(4026830.549424994, 2957052.0152650787)",a008b450ad5c46f0b804f25eaec6e412,48,Work,5d1155fb1b9349a584f50a51d9fe760e,43,Work
3364,03/17/2020T08:40:00 ,2020-03-17,Hotel,"(4041905.981629138, 2953161.4380196705)",89f1c5386c794be89928883611650c5d,43,Work,56e0510602f944d8be28287326c22eb2,63,Work
3364,03/17/2020T08:40:00 ,2020-03-17,Hotel,"(4041905.981629138, 2953161.4380196705)",53a84a6866954aa7b2b461f3ece67210,43,Work,c057ecd07a6641fcb955929474e455eb,25,Work
3365,03/17/2020T08:50:00 ,2020-03-17,OW Water,"(4033053.181326103, 2934678.575774782)",3f05ead816934d3bbb030bfced061812,40,Work,7d949a569cea454bacdfc4c7b7844ed5,33,Work
3365,03/17/2020T08:50:00 ,2020-03-17,OW Water,"(4033053.181326103, 2934678.575774782)",22ae6b1a71aa4c78869a0bae5e7c0b77,36,Work,6ccdcda9593e4d62abad8e1c4fcec749,35,Work
3365,03/17/2020T08:50:00 ,2020-03-17,OW Water,"(4033053.181326103, 2934678.575774782)",530499f43b084a2cb692e7a0240dedfb,56,Work,a11d139765b54d048c6a521c70d63c87,53,Work
3365,03/17/2020T08:50:00 ,2020-03-17,OW Water,"(4033053.181326103, 2934678.575774782)",8416ee1069654f1db191d9a12b20447e,30,Work,02ee1110c41148aa9f7a546591af07e7,48,Work
3365,03/17/2020T08:50:00 ,2020-03-17,OW Finance,"(4044087.0435225195, 2951850.7264003935)",fbd392a0caa44f84bf726fb52a367974,40,Work,396f26fe27ce48778f5fe6f639f2e8c2,53,Work
3365,03/17/2020T08:50:00 ,2020-03-17,OW Finance,"(4044087.0435225195, 2951850.7264003935)",38b2b7c7f5b445f98b1adc3eea1b032d,40,Work,2e202af1d12e43f99e437b1da876f41c,41,Work
3365,03/17/2020T08:50:00 ,2020-03-17,OW Finance,"(4044087.0435225195, 2951850.7264003935)",03daeab048b14b9f837b085e2403b909,30,Work,c948654bacf44fa3a46b7a0de2eef0b9,40,Work
3366,03/17/2020T09:00:00 ,2020-03-17,OW Water,"(4033053.181326103, 2934678.575774782)",9af93eb857164d7084953297ba8d02c9,32,Work,5be5d4b463e948acbfc6606f97317201,36,Work
3366,03/17/2020T09:00:00 ,2020-03-17,OW ICT,"(4035155.2916662665, 2952573.727983958)",a6e0637483034c43be79f03fa17492a2,30,Work,98e429fd9e264bc29b7e4e7cc8912de3,23,Work
3366,03/17/2020T09:00:00 ,2020-03-17,OW Finance,"(4044087.0435225195, 2951850.7264003935)",701f411cec694e8fb9606685fc747c6a,60,Work,e7d826acb2834657be019718ad0a5d7a,48,Work
3366,03/17/2020T09:00:00 ,2020-03-17,OW Finance,"(4044087.0435225195, 2951850.7264003935)",c10f393c097f4748ae216d89a76b44b4,34,Work,9b822c605bf74837a557afd400159654,47,Work
3366,03/17/2020T09:00:00 ,2020-03-17,Hotel,"(4041905.981629138, 2953161.4380196705)",6237d12e6af14a54bbd11289bf806007,50,Work,5d5565b00e0a489bb4eb3a92368c8260,58,Work
3366,03/17/2020T09:00:00 ,2020-03-17,Hotel,"(4041905.981629138, 2953161.4380196705)",ea044df725b74c92a0e8019131514e3d,49,Work,6fd46eadd8b648a2ab0c5160548bd1cd,50,Work
3366,03/17/2020T09:00:00 ,2020-03-17,Hotel,"(4041905.981629138, 2953161.4380196705)",be73872f08db44bf95635b69b856cca4,52,Work,a41a3c59096846d89737ce5e2ba203da,18,Work
3367,03/17/2020T09:10:00 ,2020-03-17,OW Water,"(4033053.181326103, 2934678.575774782)",ca9d79b724ba45b4b10337c54b2cca27,46,Work,0a1ba013890d4b0599fe98f94e23a4c3,21,Work
3367,03/17/2020T09:10:00 ,2020-03-17,OW Water,"(4033053.181326103, 2934678.575774782)",1c9e91692411496ab00978871bab4988,43,Work,b2610b462b774bbe87d8b0c595209902,41,Work
3367,03/17/2020T09:10:00 ,2020-03-17,OW ICT,"(4035155.2916662665, 2952573.727983958)",8c9556b4a4a94c17bb1ae76177d89d0a,38,Work,8caf253318f84638af5701077de5599f,52,Work
3367,03/17/2020T09:10:00 ,2020-03-17,OW Finance,"(4044087.0435225195, 2951850.7264003935)",1fcbafe9cd4047aa86dd88704ee20e6b,38,Work,4ef4f8209198429f9eb3cdfadbc38f96,41,Work
3367,03/17/2020T09:10:00 ,2020-03-17,OW Finance,"(4044087.0435225195, 2951850.7264003935)",7d1811720d3047d2b9ac8c9c32eecb8a,65,Work,9946b6baa78a4ffca2ddbfd615b6bd4b,62,Work
3367,03/17/2020T09:10:00 ,2020-03-17,Hospital,"(4058154.76725065, 2949603.507869995)",8f3ba04f844f47efbf0d4ae6ed47f0a3,57,Work,7cd7aec0165f4e9e97de48c99633c33d,93,Car
3367,03/17/2020T09:10:00 ,2020-03-17,Hospital,"(4041018.9862266188, 2978524.81136002)",1517e5c2e0dd4fa0a270c0bb938ff343,31,Medical,51c67e097f134b0189d403334ad1e3eb,95,House
3367,03/17/2020T09:10:00 ,2020-03-17,Hotel,"(4041905.981629138, 2953161.4380196705)",a84941cc058f4dfda94fd6e7ab06381b,28,Work,7ad2a7b909ea463484cef05b9f422af1,23,Work
3368,03/17/2020T09:20:00 ,2020-03-17,OW Manufacturing,"(4033152.122280112, 2937616.4047832955)",e09d058d02414d669b90c3f8e2d06a58,54,Work,be53ceeb464a4aebb61753ff6a544a76,34,Work
3368,03/17/2020T09:20:00 ,2020-03-17,OW ICT,"(4035155.2916662665, 2952573.727983958)",862e5cedbba240178719806f3901e1f5,50,Work,ad2eb1779c104bcfa10fc827193d7064,29,Work
3368,03/17/2020T09:20:00 ,2020-03-17,OW ICT,"(4035155.2916662665, 2952573.727983958)",530abc014f314f95aa3a6c76cbb26993,41,Work,d282f49e91854e108b8691b8ccbbfdb1,22,Work
3368,03/17/2020T09:20:00 ,2020-03-17,OW Finance,"(4044087.0435225195, 2951850.7264003935)",30f16ef12a8f48af858851575c7c94e1,38,Work,ab5bf4460bc64e22aee27c630708cbbe,30,Work
3368,03/17/2020T09:20:00 ,2020-03-17,OW Finance,"(4044087.0435225195, 2951850.7264003935)",2387da84b6a2430780658378571f83f8,49,Work,5e79934f91bf479a9016fb80c121391b,31,Work
3368,03/17/2020T09:20:00 ,2020-03-17,OW Finance,"(4041352.149863414, 2950118.0940126437)",bbe33ecb993543179ef05204244dc9aa,52,Work,a7e321af549c468fb08429e085395926,28,Work
3368,03/17/2020T09:20:00 ,2020-03-17,OW Administration,"(4045472.527405635, 2962359.638343042)",2ad123ea7e7f4dfd8e93ad445411cc30,20,Work,c1efe256aa4c476ab3ec8b796d1f1c4c,56,Work
3368,03/17/2020T09:20:00 ,2020-03-17,OW Administration,"(4037093.952595035, 2937035.4484564867)",8db7b4f0a66e4f379adc9f023ca87dbe,44,Work,ba441e3fa86347b68915ad4ae21e6b0e,42,Work
3369,03/17/2020T09:30:00 ,2020-03-17,OW Finance,"(4044087.0435225195, 2951850.7264003935)",b8af579c58f3431aaab8f473e3973a8c,53,Work,6715349208eb48a2b57b5c465ab6d0af,26,Work
3369,03/17/2020T09:30:00 ,2020-03-17,OW Finance,"(4044087.0435225195, 2951850.7264003935)",214ec87785cf40f1986090faad18882b,43,Work,902fa82d45f04d72a22a60819bf0175b,44,Work
3369,03/17/2020T09:30:00 ,2020-03-17,OW Finance,"(4044087.0435225195, 2951850.7264003935)",f317140e01e0488d9dc4feb9aeb141e7,54,Work,8d74b82dfad64db0bcc018e34fd82146,44,Work
3369,03/17/2020T09:30:00 ,2020-03-17,OW Finance,"(4044087.0435225195, 2951850.7264003935)",8b5887a34a3d496cb145ffe17ba01c9a,37,Work,cfa4d5bc67084a9282db4374f9276460,39,Work
3369,03/17/2020T09:30:00 ,2020-03-17,OW Finance,"(4041352.149863414, 2950118.0940126437)",c245339696a94b0a88cf50e1734c18c2,26,Work,23fe06b61b014eca88388e9767b79fb1,33,Work
3369,03/17/2020T09:30:00 ,2020-03-17,Hotel,"(4041905.981629138, 2953161.4380196705)",c0f1f86c19bc4a4087b376eac8ec9d99,59,Work,063f269025cc4be5bd3aacd1c9e7559e,40,Work
3370,03/17/2020T09:40:00 ,2020-03-17,OW Water,"(4033053.181326103, 2934678.575774782)",99197c6a00bc4084a290252ca5e6566c,51,Work,cb98abd28f5843cb98f96a1c754e1af3,23,Work
3370,03/17/2020T09:40:00 ,2020-03-17,OW ICT,"(4038124.8254480036, 2950113.3998562694)",a8b1c6be249a45a78c31fda46fae551b,43,Work,c57c9d83881642b3b60d468c914af7cb,23,Work
3370,03/17/2020T09:40:00 ,2020-03-17,OW Finance,"(4044087.0435225195, 2951850.7264003935)",a85e95000c1f44c592a5356f327be448,31,Work,31506f5bc89d45efba75650e10dd3bad,26,Work
3370,03/17/2020T09:40:00 ,2020-03-17,OW Finance,"(4044087.0435225195, 2951850.7264003935)",72dbb52335b5454b8458a148a1bf0578,33,Work,8856d765c4c74f29bbe8570f497022ac,52,Work
3370,03/17/2020T09:40:00 ,2020-03-17,OW Finance,"(4041352.149863414, 2950118.0940126437)",4e74e634b92d44d1b47fe74535efa4a8,37,Work,59097d02e34d4e65abe1c658114ac3d4,56,Work
3371,03/17/2020T09:50:00 ,2020-03-17,OW ICT,"(4035155.2916662665, 2952573.727983958)",5dd2130e3d8e4fe68e8e424f0e225b11,34,Work,d282f49e91854e108b8691b8ccbbfdb1,22,Work
3371,03/17/2020T09:50:00 ,2020-03-17,OW Finance,"(4044087.0435225195, 2951850.7264003935)",b16fbb7feae34835b8cc58d2ffa7369c,36,Work,4ae6fb97be004d21b7e292c83e5bc9d2,43,Work
3371,03/17/2020T09:50:00 ,2020-03-17,OW Finance,"(4044087.0435225195, 2951850.7264003935)",7a486e18103b4ee88834b970ec620923,41,Work,31506f5bc89d45efba75650e10dd3bad,26,Work
3371,03/17/2020T09:50:00 ,2020-03-17,OW Finance,"(4041352.149863414, 2950118.0940126437)",f058f65785864dfebdc11101034efe2f,61,Work,aa03c1153a3d492b8e9c6bd78d619aca,40,Work
3371,03/17/2020T09:50:00 ,2020-03-17,Hotel,"(4041905.981629138, 2953161.4380196705)",3d0b1932a5e54486b060b8560d926cc0,41,Work,6fd46eadd8b648a2ab0c5160548bd1cd,50,Work
3372,03/17/2020T10:00:00 ,2020-03-17,OW Water,"(4033053.181326103, 2934678.575774782)",7e137b28cbe94164a9c80c53aeccdffc,63,Work,7d949a569cea454bacdfc4c7b7844ed5,33,Work
3372,03/17/2020T10:00:00 ,2020-03-17,OW Catering and Accommodation,"(4033016.8969621263, 2954392.4969770927)",c5f562a2e3fa460c88d4ce43b8f6ea1d,39,Work,6053910d9c9842cf8f11573ada68a4f7,32,Work
3372,03/17/2020T10:00:00 ,2020-03-17,OW Catering and Accommodation,"(4033016.8969621263, 2954392.4969770927)",7c98ae42ccab45c88ff6ab8e9be93f75,54,Work,9f05f6912fe84657a59c21e4e6044802,41,Work
3372,03/17/2020T10:00:00 ,2020-03-17,OW ICT,"(4035155.2916662665, 2952573.727983958)",a50908c4594445ec9b9af4154ec034e8,46,Work,ad2eb1779c104bcfa10fc827193d7064,29,Work
3372,03/17/2020T10:00:00 ,2020-03-17,OW ICT,"(4035155.2916662665, 2952573.727983958)",ee35d06387c14c5395eebf3c37e1d11d,58,Work,e9b7f6ec3b9948d58d35bc808aaa57e9,27,Work
3372,03/17/2020T10:00:00 ,2020-03-17,OW Finance,"(4044087.0435225195, 2951850.7264003935)",ac9cecc64d2b4ba3aa589c7bde9bfd3d,55,Work,7f4bbb733a4b473dbc3f8a59a8c99c42,28,Work
3372,03/17/2020T10:00:00 ,2020-03-17,OW Finance,"(4044087.0435225195, 2951850.7264003935)",e8debf3db92f46669584485048d0c902,26,Work,3e16bce7c70f4c23a18f7c0be4bbe64b,38,Work
3372,03/17/2020T10:00:00 ,2020-03-17,OW Finance,"(4044087.0435225195, 2951850.7264003935)",bbb66021b4ba4c0c86b7b30877fbaec9,50,Work,cb13c6e793704c0898806466e33c83be,26,Work
3372,03/17/2020T10:00:00 ,2020-03-17,OW Finance,"(4041352.149863414, 2950118.0940126437)",ccc261ccba3e4a4087043fec2811399b,30,Work,aa03c1153a3d492b8e9c6bd78d619aca,40,Work
3372,03/17/2020T10:00:00 ,2020-03-17,Hospital,"(4041018.9862266188, 2978524.81136002)",ec2fb8ec8cce4b479561755a8e40c547,51,Work,ee4e93e2030e4bfaa70d31a1a59d90ce,36,Work
3373,03/17/2020T10:10:00 ,2020-03-17,OW Water,"(4033053.181326103, 2934678.575774782)",c3e7d28cee4b47f99df88113e0d3f9a4,37,Work,e412aa61580c470998a8246f663c78f3,35,Work
3373,03/17/2020T10:10:00 ,2020-03-17,OW Water,"(4033053.181326103, 2934678.575774782)",228bfdf496f14304891303a9bf482390,20,Work,d302ffca25584cb9beebda89f1b7cc44,55,Work
3373,03/17/2020T10:10:00 ,2020-03-17,OW Finance,"(4044087.0435225195, 2951850.7264003935)",797da96bded943d6af601a1f27355d76,23,Work,396f26fe27ce48778f5fe6f639f2e8c2,53,Work
3373,03/17/2020T10:10:00 ,2020-03-17,OW Finance,"(4044087.0435225195, 2951850.7264003935)",7f8efb091f1e42539b92a8e6155fc0a3,64,Work,4f8618c71a1b49edbc86ce9c818b52ab,56,Work
3373,03/17/2020T10:10:00 ,2020-03-17,OW Finance,"(4044087.0435225195, 2951850.7264003935)",e311080663574f0798eff8d38a462784,45,Work,3e16bce7c70f4c23a18f7c0be4bbe64b,38,Work
3373,03/17/2020T10:10:00 ,2020-03-17,OW Finance,"(4044087.0435225195, 2951850.7264003935)",c8dba5494e2f4525b2ace6e8a5b7a506,20,Work,8856d765c4c74f29bbe8570f497022ac,52,Work
3373,03/17/2020T10:10:00 ,2020-03-17,OW Administration,"(4037093.952595035, 2937035.4484564867)",bf9cb22ac73a47fb9cf7dc22c2770be1,50,Work,96133849b0ac4d7989f57a9d49c36c67,51,Work
3373,03/17/2020T10:10:00 ,2020-03-17,OW Administration,"(4037093.952595035, 2937035.4484564867)",858e67db40774960a7fcf0b624aa0388,63,Work,f4269e8ea3994ea5a09ccffeda4b3052,48,Work
3374,03/17/2020T10:20:00 ,2020-03-17,Care Home,"(4039528.9994623875, 2952253.717866595)",232589a491bb4c1fa56e38581dd9551e,36,Work,334353cbdebb4f8da2a5d28c8820b021,30,Work
3374,03/17/2020T10:20:00 ,2020-03-17,OW Manufacturing,"(4068332.2126111374, 2961060.5823687455)",15cc85492d124ee4aa5e2a931de386a8,18,Work,ad5607ca142046a589560a4d51f90983,44,Work
3374,03/17/2020T10:20:00 ,2020-03-17,OW ICT,"(4035155.2916662665, 2952573.727983958)",055a24c0f96f41d19c03bf7a0fb567b7,62,Work,38cdd0e5ffd8465eb995e4198308a084,52,Work
3374,03/17/2020T10:20:00 ,2020-03-17,OW ICT,"(4035155.2916662665, 2952573.727983958)",88a76d664115444f841bb763adbc7abb,23,Work,06b4d4c1d26a4b4699415ef62c57bcb0,39,Work
3374,03/17/2020T10:20:00 ,2020-03-17,OW Finance,"(4044087.0435225195, 2951850.7264003935)",b044840524ec4b97bb26deadfc151dc6,54,Work,65106b2d9b7c486fb5ae9ad5fb533912,50,Work
3374,03/17/2020T10:20:00 ,2020-03-17,OW Finance,"(4044087.0435225195, 2951850.7264003935)",fbb69374b1614e07836f0909c565dda6,20,Work,4799579ee13548bf8e7df0c7a1c328e9,57,Work
3374,03/17/2020T10:20:00 ,2020-03-17,OW Finance,"(4044087.0435225195, 2951850.7264003935)",bbf56e6be0eb417cb5e83e420183f6e9,37,Work,5e79934f91bf479a9016fb80c121391b,31,Work
3375,03/17/2020T10:30:00 ,2020-03-17,OW Water,"(4033053.181326103, 2934678.575774782)",532c6cf81d83429bbc78017ee5f58ccb,32,Work,cb98abd28f5843cb98f96a1c754e1af3,23,Work
3375,03/17/2020T10:30:00 ,2020-03-17,OW Water,"(4033053.181326103, 2934678.575774782)",84773e462ed443d5a694cd4c1cd0d248,56,Work,0baa537c6e0b4cf39cb72ef3618f15c3,42,Work
3375,03/17/2020T10:30:00 ,2020-03-17,OW Transport,"(4055931.5178130977, 2950463.4801956057)",1a7de6fadd164f459e1c5dcdac0590d4,36,Work,71d831b7a5b7448a9b97e8ace96ffed3,56,Work
3375,03/17/2020T10:30:00 ,2020-03-17,OW ICT,"(4035155.2916662665, 2952573.727983958)",bc24f8343d324eeaa72e429d2f4c9ffd,33,Work,38cdd0e5ffd8465eb995e4198308a084,52,Work
3375,03/17/2020T10:30:00 ,2020-03-17,OW Finance,"(4044087.0435225195, 2951850.7264003935)",c4ff20bef81f4d479ee95ee899ea4a37,28,Work,24f32a19a9e846d18cf747b9a57e5cce,24,Work
3375,03/17/2020T10:30:00 ,2020-03-17,OW Finance,"(4044087.0435225195, 2951850.7264003935)",873b44fcb9d24ff8806bb849655b4a48,29,Work,ee5d259ed7ff4265a2d66032cf55fcac,20,Work
3375,03/17/2020T10:30:00 ,2020-03-17,OW Finance,"(4044087.0435225195, 2951850.7264003935)",f88604e6e14f451a88f4c9936478dae1,29,Work,9b822c605bf74837a557afd400159654,47,Work
3375,03/17/2020T10:30:00 ,2020-03-17,OW Finance,"(4041352.149863414, 2950118.0940126437)",51609075bb7a4db6999262cfca464247,60,Work,31943707b5d340d4b397a64e9ff937aa,43,Work
3376,03/17/2020T10:40:00 ,2020-03-17,OW Manufacturing,"(4033152.122280112, 2937616.4047832955)",6ca775d2a87e471a902ee2d02d764caf,24,Work,7b1b79f8d79a4912b11f2bb4dcebd666,37,Work
3376,03/17/2020T10:40:00 ,2020-03-17,OW Manufacturing,"(4068332.2126111374, 2961060.5823687455)",504eddb65c3f47ffb6b29e8d583cf960,54,Work,b6900439481c49d0b2f4067020366545,64,Work
3376,03/17/2020T10:40:00 ,2020-03-17,OW Water,"(4033053.181326103, 2934678.575774782)",8c263e2f4dff44dda748c991238b186d,67,Work,c3d5b5e869ab4d3995d956312940fc93,49,Work
3376,03/17/2020T10:40:00 ,2020-03-17,OW Trade,"(4041006.318470242, 2950430.7633326626)",65b97123bb214f118352c9d13563dbae,18,Work,ce533f7d99194f87a03a4ac09077162a,39,Work
3376,03/17/2020T10:40:00 ,2020-03-17,OW Finance,"(4044087.0435225195, 2951850.7264003935)",457413030fd84e98a0c32ec6bf42e58e,37,Work,4ae6fb97be004d21b7e292c83e5bc9d2,43,Work
3376,03/17/2020T10:40:00 ,2020-03-17,OW Finance,"(4044087.0435225195, 2951850.7264003935)",b786587d12f34d1bbcd6a02358d31110,30,Work,6f929905dc624b4f9137b91f5fba089f,37,Work
3376,03/17/2020T10:40:00 ,2020-03-17,OW Finance,"(4044087.0435225195, 2951850.7264003935)",f11a6e549f3c4915918614433e852595,34,Work,360f7dbf3c724f9d834ef5fea7e313eb,21,Work
3376,03/17/2020T10:40:00 ,2020-03-17,OW Finance,"(4044087.0435225195, 2951850.7264003935)",ab23cbd83f034333bd74bfd16fc43c37,49,Work,533223430bc344f9b4e618fc5f8d9fe3,52,Work
3376,03/17/2020T10:40:00 ,2020-03-17,OW Finance,"(4044087.0435225195, 2951850.7264003935)",490c349518f24cb4aa2adee5e635decf,32,Work,c5120decfad847a7b10576d59cb6f3b5,18,Work
3376,03/17/2020T10:40:00 ,2020-03-17,OW Finance,"(4044087.0435225195, 2951850.7264003935)",2d82fd2dbdb54c79bbc6152815adc6c2,42,Work,4ef4f8209198429f9eb3cdfadbc38f96,41,Work
3376,03/17/2020T10:40:00 ,2020-03-17,OW Administration,"(4037093.952595035, 2937035.4484564867)",f6ba6bf03fc34443b6c478903e1fe4d9,51,Work,5667e4de86374d4a8d2f68dafbb8b1c2,37,Work
3376,03/17/2020T10:40:00 ,2020-03-17,Hotel,"(4041905.981629138, 2953161.4380196705)",0550d295f12945948c5f977eafcb0288,32,Work,6fd46eadd8b648a2ab0c5160548bd1cd,50,Work
3376,03/17/2020T10:40:00 ,2020-03-17,Hotel,"(4041905.981629138, 2953161.4380196705)",cf5affdbbe874b2d9f0bf45982d8ee24,58,Work,7ad2a7b909ea463484cef05b9f422af1,23,Work
3377,03/17/2020T10:50:00 ,2020-03-17,OW Manufacturing,"(4068332.2126111374, 2961060.5823687455)",518f43565a47486bbc03328d69449e7c,39,Work,43a03df4b83a472e86b4c9a6369bb4a4,44,Work
3377,03/17/2020T10:50:00 ,2020-03-17,OW Water,"(4033053.181326103, 2934678.575774782)",bbe20433b5934a7688cfc268f955c6d8,22,Work,bb9d7121da394062bfa178f5a9e3f5b1,37,Work
3377,03/17/2020T10:50:00 ,2020-03-17,OW Trade,"(4038212.6122955894, 2941991.257166401)",d6ec4449663a499a9cb2232d01200be7,23,Work,795cefbc552446e49af4780550185b0c,50,Work
3377,03/17/2020T10:50:00 ,2020-03-17,OW ICT,"(4035155.2916662665, 2952573.727983958)",7e00c37c872949a8ac26bffe70d0da7c,45,Work,891a5eadd0f444038deb68ebb802ad74,25,Work
3377,03/17/2020T10:50:00 ,2020-03-17,OW ICT,"(4035155.2916662665, 2952573.727983958)",3d68b1dda0974c6998f99d98ff357d2d,56,Work,58040904c1764aa39937d259ef71e79e,34,Work
3377,03/17/2020T10:50:00 ,2020-03-17,OW ICT,"(4035155.2916662665, 2952573.727983958)",f1b15183d27443959715d0dae368d744,28,Work,d89eb2dd602f499086cbba98e024c457,46,Work
3377,03/17/2020T10:50:00 ,2020-03-17,OW ICT,"(4035155.2916662665, 2952573.727983958)",ebd0cb5801dd400582d42777c0f0843c,57,Work,631e0293aad04bee98f535a1bb7f8973,49,Work
3377,03/17/2020T10:50:00 ,2020-03-17,OW Finance,"(4044087.0435225195, 2951850.7264003935)",e391e9cfef9642e9ad3627b050e535a5,28,Work,d75e815b614f48209dc26a704b6fd5dd,41,Work
3377,03/17/2020T10:50:00 ,2020-03-17,OW Finance,"(4044087.0435225195, 2951850.7264003935)",691aa0db21f6426d80c810469efbace3,59,Work,f846b86d21394301a142ca57558df5bb,21,Work
3377,03/17/2020T10:50:00 ,2020-03-17,OW Finance,"(4044087.0435225195, 2951850.7264003935)",abda5885e100488d9bb18910d02438eb,53,Work,3e16bce7c70f4c23a18f7c0be4bbe64b,38,Work
3377,03/17/2020T10:50:00 ,2020-03-17,OW Finance,"(4044087.0435225195, 2951850.7264003935)",f3fe11893b594179aa9737c10b3bdeed,29,Work,3e16bce7c70f4c23a18f7c0be4bbe64b,38,Work
3377,03/17/2020T10:50:00 ,2020-03-17,OW Finance,"(4041352.149863414, 2950118.0940126437)",1149240e303c4101a943ee776c891f27,40,Work,5441a05dc91d48a9a87f1b276927a505,48,Work
3377,03/17/2020T10:50:00 ,2020-03-17,OW Technical,"(4023737.821143527, 2943391.2975347084)",5cae8be509e84fe9a9402930a00856fd,24,Work,c8d4b0d5fb2648aeb310e98b55840198,51,Work
3378,03/17/2020T11:00:00 ,2020-03-17,OW Finance,"(4044087.0435225195, 2951850.7264003935)",13f0abb756d84c218775aa7cbb4641cb,27,Work,533223430bc344f9b4e618fc5f8d9fe3,52,Work
3379,03/17/2020T11:10:00 ,2020-03-17,OW ICT,"(4035155.2916662665, 2952573.727983958)",b16d28ac6b1d41d0bbb292e68a2c1690,22,Work,06b4d4c1d26a4b4699415ef62c57bcb0,39,Work
3379,03/17/2020T11:10:00 ,2020-03-17,OW Finance,"(4044087.0435225195, 2951850.7264003935)",919f43faaaf544678251fe3f5a0912fe,31,Work,396f26fe27ce48778f5fe6f639f2e8c2,53,Work
3379,03/17/2020T11:10:00 ,2020-03-17,OW Finance,"(4044087.0435225195, 2951850.7264003935)",55ce83c5afd346a58552059ab89735b0,30,Work,005dc4ba5644481f9dbe60c6c39aa592,43,Work
3379,03/17/2020T11:10:00 ,2020-03-17,Shop,"(4026138.8109881002, 2945851.965113407)",eba4994f38a34c10b4e411228ebfe4f9,64,Work,aec1acdf6bfd4c5aa0f9e26600086f95,35,Work
3380,03/17/2020T11:20:00 ,2020-03-17,OW ICT,"(4035155.2916662665, 2952573.727983958)",c49e5b9ed9b84b64a542379be9e2d4e1,29,Work,e6f1e912c454412fb0300fd109be0443,62,Work
3380,03/17/2020T11:20:00 ,2020-03-17,OW Finance,"(4044087.0435225195, 2951850.7264003935)",cd134710b04b4b2b992d04325a82d114,57,Work,0bc8a71e2c844a89b108bfd02c07de88,33,Work
3380,03/17/2020T11:20:00 ,2020-03-17,OW Finance,"(4044087.0435225195, 2951850.7264003935)",8a8cc8292240464583b6d7c6b5eaa7b0,37,Work,3e16bce7c70f4c23a18f7c0be4bbe64b,38,Work
3380,03/17/2020T11:20:00 ,2020-03-17,OW Finance,"(4044087.0435225195, 2951850.7264003935)",f2f140ea96684603ab0920d7def6f76c,41,Work,b7f2276aa64f4172a1dee9a2c5646be7,21,Work
3380,03/17/2020T11:20:00 ,2020-03-17,OW Finance,"(4044087.0435225195, 2951850.7264003935)",3143f5f134b946eeba351d5dc3020d1c,29,Work,c8adb675adeb490e9e960017711bfa4f,52,Work
3381,03/17/2020T11:30:00 ,2020-03-17,OW Trade,"(4041006.318470242, 2950430.7633326626)",6403e7c528424b23bf0c0bce9c60eea8,24,Work,ce533f7d99194f87a03a4ac09077162a,39,Work
3381,03/17/2020T11:30:00 ,2020-03-17,OW ICT,"(4035155.2916662665, 2952573.727983958)",811905fafbe24bb28cb86d5b79e3fe28,52,Work,4e1ef058f9ba4499953601c18b9c1e5f,27,Work
3381,03/17/2020T11:30:00 ,2020-03-17,OW Finance,"(4044087.0435225195, 2951850.7264003935)",02f415ece35749bd97b0c8c010765823,50,Work,0bc8a71e2c844a89b108bfd02c07de88,33,Work
3381,03/17/2020T11:30:00 ,2020-03-17,OW Finance,"(4044087.0435225195, 2951850.7264003935)",dce4b0b1f4574e39aaa2e471b3020c81,25,Work,55023a2f480748c68588041621555aef,62,Work
3381,03/17/2020T11:30:00 ,2020-03-17,OW Finance,"(4044087.0435225195, 2951850.7264003935)",885f15503a0b4dd3953cbf877d89b0be,50,Work,535e45df6988425fa6cf8b197fcbda90,21,Work
3381,03/17/2020T11:30:00 ,2020-03-17,OW Finance,"(4044087.0435225195, 2951850.7264003935)",d180120ce1ce4a7fbf74376458a198c6,32,Work,c948654bacf44fa3a46b7a0de2eef0b9,40,Work
3381,03/17/2020T11:30:00 ,2020-03-17,OW Finance,"(4044087.0435225195, 2951850.7264003935)",15a20a3bc5ec4646bc702bbd297cd577,45,Work,5daa1a68166c4e7ba8261c33f108c913,56,Work
3381,03/17/2020T11:30:00 ,2020-03-17,OW Finance,"(4041352.149863414, 2950118.0940126437)",8d13214bee4b465fb5dc06b3ee6d8e72,24,Work,4acc965d6a4a43c8bacf41b79801d4a0,33,Work
3381,03/17/2020T11:30:00 ,2020-03-17,OW Administration,"(4037093.952595035, 2937035.4484564867)",2d317ff425a643e7bf959017d3b92df1,36,Work,f866f302623747a9898282086952e8be,49,Work
3381,03/17/2020T11:30:00 ,2020-03-17,Hospital,"(4026830.549424994, 2957052.0152650787)",0ba27acc759647eba516c2ed174e41ba,44,Work,5d1155fb1b9349a584f50a51d9fe760e,43,Work
3382,03/17/2020T11:40:00 ,2020-03-17,OW Water,"(4033053.181326103, 2934678.575774782)",c5f3e203bf9e4808973ecd909352705b,50,Work,0a1ba013890d4b0599fe98f94e23a4c3,21,Work
3382,03/17/2020T11:40:00 ,2020-03-17,OW Finance,"(4044087.0435225195, 2951850.7264003935)",085a78c077c1438fa02a544d510a85c5,28,Work,b7f2276aa64f4172a1dee9a2c5646be7,21,Work
3382,03/17/2020T11:40:00 ,2020-03-17,OW Finance,"(4041352.149863414, 2950118.0940126437)",39d60a4f36224f57bc3388788ed7ecc5,48,Work,59097d02e34d4e65abe1c658114ac3d4,56,Work
3382,03/17/2020T11:40:00 ,2020-03-17,Hospital,"(4058154.76725065, 2949603.507869995)",bb1c813537ec47908605d2eea9418880,56,Work,a712d36e770a4d28aeafcf8a6c6e4aac,60,Work
3383,03/17/2020T11:50:00 ,2020-03-17,OW Water,"(4033053.181326103, 2934678.575774782)",30c92b08aaf04c3d93a3356c262ab12b,53,Work,e412aa61580c470998a8246f663c78f3,35,Work
3383,03/17/2020T11:50:00 ,2020-03-17,OW Catering and Accommodation,"(4033016.8969621263, 2954392.4969770927)",25cfddc836c34b43a8ac2fd1ea83799b,47,Work,9f05f6912fe84657a59c21e4e6044802,41,Work
3383,03/17/2020T11:50:00 ,2020-03-17,OW ICT,"(4035155.2916662665, 2952573.727983958)",3f3ebfa9486d482b9287193744b4cbe6,39,Work,bd7386a7fad84b0daa96e026b17f21d0,39,Work
3383,03/17/2020T11:50:00 ,2020-03-17,OW Finance,"(4044087.0435225195, 2951850.7264003935)",e0b24657bdfc4d4a958ad6dfa1913495,48,Work,e757ba21760d4a85a35b0efda63f51b9,34,Work
3383,03/17/2020T11:50:00 ,2020-03-17,OW Finance,"(4044087.0435225195, 2951850.7264003935)",11a4c03f608c43e2ac23c803600a14cf,54,Work,10617f055f2a42529f60124c2e3fd1b2,33,Work
3383,03/17/2020T11:50:00 ,2020-03-17,OW Finance,"(4044087.0435225195, 2951850.7264003935)",fc34dbe4e34d4825a5cfeae7c4fc431b,25,Work,396f26fe27ce48778f5fe6f639f2e8c2,53,Work
3383,03/17/2020T11:50:00 ,2020-03-17,OW Finance,"(4044087.0435225195, 2951850.7264003935)",bcad7a1863264b1580e8e77c127426e6,16,Work,f80d01961a6543358865bf77742d291e,33,Work
3383,03/17/2020T11:50:00 ,2020-03-17,OW Finance,"(4044087.0435225195, 2951850.7264003935)",cda61cf5477143f3b303d489db3d5f4c,30,Work,897eabeb1bcd49d3997c1189e13d895f,26,Work
3383,03/17/2020T11:50:00 ,2020-03-17,OW Finance,"(4044087.0435225195, 2951850.7264003935)",3a885c1e86be4e17bd2a8240153319cc,40,Work,ee5d259ed7ff4265a2d66032cf55fcac,20,Work
3383,03/17/2020T11:50:00 ,2020-03-17,OW Finance,"(4044087.0435225195, 2951850.7264003935)",1d8ea96408094afeb4b9fd3892dafa13,27,Work,e7d8ba3ae8ec4c70a9565a5fd920fd0e,25,Work
3383,03/17/2020T11:50:00 ,2020-03-17,OW Finance,"(4044087.0435225195, 2951850.7264003935)",b48e10236d3a44f1a209615613b2c3a2,9,Work,5094dbebe1514dca816433f5d135e649,44,Work
3383,03/17/2020T11:50:00 ,2020-03-17,OW Finance,"(4041352.149863414, 2950118.0940126437)",f00ce27cc232413689075cc573116807,49,Work,a042302d5eb143e08aeee53af7f7ec58,41,Work
3384,03/17/2020T12:00:00 ,2020-03-17,OW Manufacturing,"(4033152.122280112, 2937616.4047832955)",60662674d5d54a0d8f53f94955b550c2,44,Work,bd136757c53a42b7b4cf051409e880ad,35,Work
3384,03/17/2020T12:00:00 ,2020-03-17,OW Water,"(4033053.181326103, 2934678.575774782)",3da8a496a6f94ce0a1d60bf92bfc2bd6,54,Work,182f93ca51634496ba501296d10b99d8,18,Work
3384,03/17/2020T12:00:00 ,2020-03-17,OW ICT,"(4035155.2916662665, 2952573.727983958)",b14227ffda074da7b7dcdfd09c318c8a,21,Work,d89eb2dd602f499086cbba98e024c457,46,Work
3384,03/17/2020T12:00:00 ,2020-03-17,OW Finance,"(4044087.0435225195, 2951850.7264003935)",8effd1aed0b74eafbfb8678515c48d06,40,Work,535e45df6988425fa6cf8b197fcbda90,21,Work
3384,03/17/2020T12:00:00 ,2020-03-17,OW Technical,"(4039992.052727616, 2941584.7248215135)",2d2c7ab8e19147fe97f22d1ebc3a0a95,51,Work,1b1ff7d321ab40058c2d790869ae8960,47,Work
3384,03/17/2020T12:00:00 ,2020-03-17,OW Administration,"(4037093.952595035, 2937035.4484564867)",b0314bfb5953473386b95119382468cc,53,Work,8dd09b76e1774dbba796d18ed09af6ed,37,Work
3384,03/17/2020T12:00:00 ,2020-03-17,Hospital,"(4058154.76725065, 2949603.507869995)",fe781fbe63064b1f90f6443d9e260f7f,24,Work,eae5fd37d7634d80bd635f8a767a153d,64,Work
3384,03/17/2020T12:00:00 ,2020-03-17,Hospital,"(4026830.549424994, 2957052.0152650787)",49e4a91dfcb54dcdb7be0d1c626094ed,47,Work,5d1155fb1b9349a584f50a51d9fe760e,43,Work
3385,03/17/2020T12:10:00 ,2020-03-17,OW Manufacturing,"(4068332.2126111374, 2961060.5823687455)",67e259fb09d3455982c5e501df936f1d,25,Work,ad5607ca142046a589560a4d51f90983,44,Work
3385,03/17/2020T12:10:00 ,2020-03-17,OW Water,"(4033053.181326103, 2934678.575774782)",e8ec1b1cae844deb8e287dcfc914fd5e,47,Work,fc80e6a1a1c24b85be693e7c22dea21f,25,Work
3385,03/17/2020T12:10:00 ,2020-03-17,OW Water,"(4033053.181326103, 2934678.575774782)",23cdc7c7bcc949499dd2c4c6029c7255,58,Work,ff8deff7a4274f4e8d313406a5228421,56,Work
3385,03/17/2020T12:10:00 ,2020-03-17,OW Catering and Accommodation,"(4033016.8969621263, 2954392.4969770927)",a4d7ec7e902b4582ac963bff38ab4150,28,Work,50b31ece5b7f4b7680ef3804f1bd35bf,58,Work
3385,03/17/2020T12:10:00 ,2020-03-17,OW Finance,"(4044087.0435225195, 2951850.7264003935)",e6854aa9c79744c1a645550b7c5d5c91,33,Work,533223430bc344f9b4e618fc5f8d9fe3,52,Work
3385,03/17/2020T12:10:00 ,2020-03-17,OW Finance,"(4044087.0435225195, 2951850.7264003935)",b6377891a8fa413785a7b8b15b4162ba,56,Work,ab5bf4460bc64e22aee27c630708cbbe,30,Work
3386,03/17/2020T12:20:00 ,2020-03-17,OW Water,"(4033053.181326103, 2934678.575774782)",78801bebe6e145f39d008fd9f4410beb,55,Work,7d4a1733684342e2a372b28572c09937,31,Work
3386,03/17/2020T12:20:00 ,2020-03-17,OW ICT,"(4035155.2916662665, 2952573.727983958)",03331f84c5d34369baf29b8ac4ee50f6,28,Work,0cab4890cac84b04b3d8d86c97ff9a96,49,Work
3386,03/17/2020T12:20:00 ,2020-03-17,OW Finance,"(4044087.0435225195, 2951850.7264003935)",24e468be607c4f44b3bd0347c4f53af7,48,Work,a187df2c494e409cb7703850051a2d33,32,Work
3386,03/17/2020T12:20:00 ,2020-03-17,OW Finance,"(4044087.0435225195, 2951850.7264003935)",1d3d9df61c9446989a5d6428ace4137f,24,Work,3e16bce7c70f4c23a18f7c0be4bbe64b,38,Work
3386,03/17/2020T12:20:00 ,2020-03-17,OW Finance,"(4044087.0435225195, 2951850.7264003935)",8b6369d305434d16bbdd1e7a10b939ee,53,Work,371f531c2d434fe2a0e36667eaff615b,48,Work
3387,03/17/2020T12:30:00 ,2020-03-17,OW Trade,"(4030941.194660065, 2946344.565630406)",5e8349866db34a149ba4e2a961415b12,51,Work,eebc97ac56974906bd650d957565d750,43,Work
3387,03/17/2020T12:30:00 ,2020-03-17,OW ICT,"(4035155.2916662665, 2952573.727983958)",0fef87ed4f6c4406b3117c1ca2eedee8,51,Work,58a7bc9fbdb442a98604c216fc5d476e,35,Work
3387,03/17/2020T12:30:00 ,2020-03-17,OW ICT,"(4035155.2916662665, 2952573.727983958)",49556dbab96d4818946fbbeaf3cc45dc,19,Work,d89eb2dd602f499086cbba98e024c457,46,Work
3387,03/17/2020T12:30:00 ,2020-03-17,Hotel,"(4041905.981629138, 2953161.4380196705)",50afc78bbcb4417fa9bacfdfecffea99,42,Work,c057ecd07a6641fcb955929474e455eb,25,Work
3387,03/17/2020T12:30:00 ,2020-03-17,Hotel,"(4041905.981629138, 2953161.4380196705)",8adcd40ec296436eb76edfe2174e4a0a,64,Work,3f20e6db32614419a8885d88ba35ffed,46,Work
3388,03/17/2020T12:40:00 ,2020-03-17,OW Trade,"(4030941.194660065, 2946344.565630406)",a12c0519d6e64607b0307ffaf51d6d8f,44,Work,eebc97ac56974906bd650d957565d750,43,Work
3388,03/17/2020T12:40:00 ,2020-03-17,OW ICT,"(4035155.2916662665, 2952573.727983958)",a161fa6bd834434faf9dd313df8e9c04,38,Work,441dbb57420f45d881bab445e3d1f731,55,Work
3388,03/17/2020T12:40:00 ,2020-03-17,OW Finance,"(4044087.0435225195, 2951850.7264003935)",5562532d0bbe4895887955fbfb1561b8,29,Work,fce8d009cb624a36951058a81a8774fe,54,Work
3388,03/17/2020T12:40:00 ,2020-03-17,OW Finance,"(4041352.149863414, 2950118.0940126437)",4071746840124d3e92b32f03613aa4dc,28,Work,b1bba77e0e9b43e5a09fc0389d174d17,26,Work
3389,03/17/2020T12:50:00 ,2020-03-17,OW Finance,"(4044087.0435225195, 2951850.7264003935)",4a55a7fda5bb4917afbed5a0b4a246dc,44,Work,556398a785124c6daee585e8d799cd07,40,Work
3389,03/17/2020T12:50:00 ,2020-03-17,OW Finance,"(4044087.0435225195, 2951850.7264003935)",046f83d099ea45628e1282f093c237fa,34,Work,fe9fd62920bf4ec0a25cbbc5bec810a6,26,Work
3389,03/17/2020T12:50:00 ,2020-03-17,OW Finance,"(4044087.0435225195, 2951850.7264003935)",76c1c3b151434ed1a418a3186b1fcb07,27,Work,69902fc0bb5a40aaa626776de5bd6482,48,Work
3389,03/17/2020T12:50:00 ,2020-03-17,OW Finance,"(4041352.149863414, 2950118.0940126437)",d45c3b1cc064424fa0bb4a01f6914ce7,31,Work,a042302d5eb143e08aeee53af7f7ec58,41,Work
3390,03/17/2020T13:00:00 ,2020-03-17,OW Water,"(4033053.181326103, 2934678.575774782)",27114797f61e44098531c38800c07dd7,54,Work,a11d139765b54d048c6a521c70d63c87,53,Work
3390,03/17/2020T13:00:00 ,2020-03-17,OW Water,"(4033053.181326103, 2934678.575774782)",c1e89efb7f334de9ab07e856c39d723f,38,Work,c3d5b5e869ab4d3995d956312940fc93,49,Work
3390,03/17/2020T13:00:00 ,2020-03-17,OW Finance,"(4044087.0435225195, 2951850.7264003935)",16bda2a47b044d0e92021046b2a7e093,44,Work,e622976aa3954cce817d04c8cfac7995,34,Work
3390,03/17/2020T13:00:00 ,2020-03-17,OW Finance,"(4044087.0435225195, 2951850.7264003935)",69e0db14db4d425f80ebd9bdb7d10e70,53,Work,c4244d7f115749f7b0bde74e6b853372,30,Work
3390,03/17/2020T13:00:00 ,2020-03-17,OW Finance,"(4044087.0435225195, 2951850.7264003935)",759b8e7314bd4a9c8e33b4493e8d7d8d,54,Work,e340eeaafca74e73b9309e93f87eb3f9,30,Work
3390,03/17/2020T13:00:00 ,2020-03-17,OW Finance,"(4044087.0435225195, 2951850.7264003935)",16307e5f79dc47b8a2aeb0e6ee571965,31,Work,1047a6f845504234bdc25c6d1290970b,39,Work
3390,03/17/2020T13:00:00 ,2020-03-17,OW Finance,"(4044087.0435225195, 2951850.7264003935)",ed007251cb924e81adb6146d92c9d988,55,Work,3e16bce7c70f4c23a18f7c0be4bbe64b,38,Work
3390,03/17/2020T13:00:00 ,2020-03-17,OW Finance,"(4044087.0435225195, 2951850.7264003935)",8d4a3f7e5cbb4a8cbe7b7889f757526e,48,Work,69902fc0bb5a40aaa626776de5bd6482,48,Work
3390,03/17/2020T13:00:00 ,2020-03-17,OW Administration,"(4037093.952595035, 2937035.4484564867)",7fca7f0814d54cad93487ecb56a5addb,28,Work,8545444de6ef445a970e10b3b6c3d18c,38,Work
3390,03/17/2020T13:00:00 ,2020-03-17,Hotel,"(4039845.6103672986, 2941449.460067877)",1fb1d7a473634b0d88136806c853bec0,29,Work,1c66c644512f4bd494841063e58d74ee,31,Work
3391,03/17/2020T13:10:00 ,2020-03-17,OW Water,"(4033053.181326103, 2934678.575774782)",5fea0892e7c1423f8d442008cf554bbb,47,Work,fe1025acbda2408087ff57fe90b176ce,18,Work
3391,03/17/2020T13:10:00 ,2020-03-17,OW Finance,"(4044087.0435225195, 2951850.7264003935)",f46e14f7d58c4e12aa53c37e6c4b0bbc,32,Work,94b888fe5b0a4647b4b469fc75f53b6a,39,Work
3391,03/17/2020T13:10:00 ,2020-03-17,OW Finance,"(4044087.0435225195, 2951850.7264003935)",8e5e8dc42f9e4abda0c37d18a1393b0e,39,Work,03b08548f71e4bcaa7308df48716d0c5,46,Work
3391,03/17/2020T13:10:00 ,2020-03-17,OW Finance,"(4041352.149863414, 2950118.0940126437)",88704746d4384d63ba5cce69fb2d6595,42,Work,b1bba77e0e9b43e5a09fc0389d174d17,26,Work
3391,03/17/2020T13:10:00 ,2020-03-17,OW Finance,"(4041352.149863414, 2950118.0940126437)",2cb6e2e618354e0eb1bd706af09ea479,51,Work,75c0dcc55ea84b22aa7d566d81f6c4db,26,Work
3391,03/17/2020T13:10:00 ,2020-03-17,Hotel,"(4041905.981629138, 2953161.4380196705)",de6b0d9efaeb473ba07f42382f9ea771,30,Work,0b5c7bf67d96439fa41bb1f3f04cb62e,36,Work
3392,03/17/2020T13:20:00 ,2020-03-17,OW ICT,"(4035155.2916662665, 2952573.727983958)",5994b24a411046b296f23bea558caf3e,31,Work,0cab4890cac84b04b3d8d86c97ff9a96,49,Work
3392,03/17/2020T13:20:00 ,2020-03-17,OW Finance,"(4044087.0435225195, 2951850.7264003935)",224ee0d0b789484098e393663ead3800,57,Work,6a5f6bc73bb2482e9e38eec755525d1a,64,Work
3392,03/17/2020T13:20:00 ,2020-03-17,Hospital,"(4041018.9862266188, 2978524.81136002)",0bd4811586c54427bca1d0a590786b98,30,Work,c451fe2077cc42a2abe341325721a3c5,95,House
3392,03/17/2020T13:20:00 ,2020-03-17,Hotel,"(4041905.981629138, 2953161.4380196705)",17b66491bb4b40cfb6a6f62c7f0cdee7,28,Work,56e0510602f944d8be28287326c22eb2,63,Work
3393,03/17/2020T13:30:00 ,2020-03-17,OW Water,"(4033053.181326103, 2934678.575774782)",6f0993fa903b41ffa2ed2643d62de7b9,44,Work,b2610b462b774bbe87d8b0c595209902,41,Work
3393,03/17/2020T13:30:00 ,2020-03-17,OW Water,"(4033053.181326103, 2934678.575774782)",ecf5b643bf8344829c9698f47ed0b761,54,Work,b2610b462b774bbe87d8b0c595209902,41,Work
3393,03/17/2020T13:30:00 ,2020-03-17,OW Water,"(4033053.181326103, 2934678.575774782)",43f13354b2064822b7dd37e56fb40766,22,Work,b34be45c7f1143a7b8e69b0426f3422e,50,Work
3393,03/17/2020T13:30:00 ,2020-03-17,OW Water,"(4033053.181326103, 2934678.575774782)",a24ed8ce883b4e449ec89f7a3988ca57,39,Work,a11d139765b54d048c6a521c70d63c87,53,Work
3393,03/17/2020T13:30:00 ,2020-03-17,OW Finance,"(4044087.0435225195, 2951850.7264003935)",dcb7245ef9334d5fa9419aa08098e008,18,Work,7f4bbb733a4b473dbc3f8a59a8c99c42,28,Work
3393,03/17/2020T13:30:00 ,2020-03-17,OW Finance,"(4044087.0435225195, 2951850.7264003935)",e9be93a4e9f64d8e9d845a24d0eb71cf,46,Work,371f531c2d434fe2a0e36667eaff615b,48,Work
3394,03/17/2020T13:40:00 ,2020-03-17,OW Trade,"(4041006.318470242, 2950430.7633326626)",ff1cf3d4acaf44b0ab35d019738cf576,30,Work,ce533f7d99194f87a03a4ac09077162a,39,Work
3394,03/17/2020T13:40:00 ,2020-03-17,OW ICT,"(4035155.2916662665, 2952573.727983958)",759c6acdbfaa4c66badf1edc8269aef8,33,Work,891a5eadd0f444038deb68ebb802ad74,25,Work
3394,03/17/2020T13:40:00 ,2020-03-17,OW Finance,"(4044087.0435225195, 2951850.7264003935)",87de8c8c6d224bedb763b326835a7441,49,Work,a3f56b0abeaf401b9eba4c32c05b03d6,42,Work
3394,03/17/2020T13:40:00 ,2020-03-17,OW Finance,"(4044087.0435225195, 2951850.7264003935)",0f0e83374e4943fca95d05cd290fcfd3,2,Work,f0b724ad4b9145a5a214263a9346cbff,42,Work
3394,03/17/2020T13:40:00 ,2020-03-17,OW Finance,"(4044087.0435225195, 2951850.7264003935)",9c029028fa554a53a20326a005baf511,30,Work,f846b86d21394301a142ca57558df5bb,21,Work
3394,03/17/2020T13:40:00 ,2020-03-17,OW Finance,"(4044087.0435225195, 2951850.7264003935)",174b93724bee4acc86c552bcdc0475f0,16,Work,cfa4d5bc67084a9282db4374f9276460,39,Work
3394,03/17/2020T13:40:00 ,2020-03-17,OW Finance,"(4041352.149863414, 2950118.0940126437)",eea883c9fe584cb48df9708b53881882,23,Work,a042302d5eb143e08aeee53af7f7ec58,41,Work
3394,03/17/2020T13:40:00 ,2020-03-17,OW Technical,"(4039992.052727616, 2941584.7248215135)",1c30e17e53d142f08fdea3f073fb3fdd,32,Work,1b1ff7d321ab40058c2d790869ae8960,47,Work
3395,03/17/2020T13:50:00 ,2020-03-17,OW Manufacturing,"(4044589.2608591686, 2961394.5677155103)",12432edbbb25436496c4e89f3c008ce8,61,Work,51871d7a16b04dbf8d71b4a1f9aff7f2,25,Work
3395,03/17/2020T13:50:00 ,2020-03-17,OW ICT,"(4035155.2916662665, 2952573.727983958)",d013ee2972e5409880deda716040c86e,53,Work,441dbb57420f45d881bab445e3d1f731,55,Work
3395,03/17/2020T13:50:00 ,2020-03-17,OW Finance,"(4044087.0435225195, 2951850.7264003935)",b1a7ad5d85a145c4b669fc876645b787,48,Work,1d6479b0e44c4012a5a77de047d6efe8,38,Work
3395,03/17/2020T13:50:00 ,2020-03-17,OW Finance,"(4044087.0435225195, 2951850.7264003935)",5b915e91ec8a410b8a9a6a0331efd617,55,Work,d5e6c186e4af4d2b962e7c9157a271b1,37,Work
3395,03/17/2020T13:50:00 ,2020-03-17,OW Finance,"(4044087.0435225195, 2951850.7264003935)",6d23b4278d2c4ee0966dc210e38384a8,47,Work,7f4bbb733a4b473dbc3f8a59a8c99c42,28,Work
3395,03/17/2020T13:50:00 ,2020-03-17,Shop,"(4061132.6588792657, 2950252.969120565)",08ebede20aef4c01bd37a3b8437fad52,33,Work,19fef254c7f84751ad285749739cb9b7,38,Work
3396,03/17/2020T14:00:00 ,2020-03-17,OW Finance,"(4044087.0435225195, 2951850.7264003935)",b0d41c5232d04d2c852c4c9f96dce8c3,44,Work,5b057ea5538c4031a6215bc0b0c4ea5b,58,Work
3396,03/17/2020T14:00:00 ,2020-03-17,OW Finance,"(4044087.0435225195, 2951850.7264003935)",ae5eb57177c343c293ebfc64c9247e8c,41,Work,360f7dbf3c724f9d834ef5fea7e313eb,21,Work
3396,03/17/2020T14:00:00 ,2020-03-17,OW Finance,"(4044087.0435225195, 2951850.7264003935)",91afcb288d0943eda4828d5256935de2,38,Work,6715349208eb48a2b57b5c465ab6d0af,26,Work
3396,03/17/2020T14:00:00 ,2020-03-17,OW Finance,"(4044087.0435225195, 2951850.7264003935)",e1ca78da3fca40dbbf1dcecc48f63bd5,34,Work,571f4ed0823a47a09f68f4aaff6b8825,36,Work
3396,03/17/2020T14:00:00 ,2020-03-17,OW Finance,"(4041352.149863414, 2950118.0940126437)",c310aff1d6494157a244ef179b96a7b5,41,Work,75c0dcc55ea84b22aa7d566d81f6c4db,26,Work
3396,03/17/2020T14:00:00 ,2020-03-17,OW Finance,"(4050466.924897074, 2956653.180668299)",94172b753f374c2aa0112371e7f7f65b,33,Work,c3ae6e9df7f94813af092a6aac68f84b,27,Work
3397,03/17/2020T14:10:00 ,2020-03-17,OW Manufacturing,"(4033152.122280112, 2937616.4047832955)",db4b0a040daf4b3b9e99cea3bb6147c7,47,Work,f6aeec38d9cc441190498742e1ab9b34,19,Work
3397,03/17/2020T14:10:00 ,2020-03-17,OW ICT,"(4035155.2916662665, 2952573.727983958)",db88f0cd7f094ba8b78010a557049d15,41,Work,0cab4890cac84b04b3d8d86c97ff9a96,49,Work
3397,03/17/2020T14:10:00 ,2020-03-17,OW Finance,"(4044087.0435225195, 2951850.7264003935)",06e7ee74dda14f8d8ec7a537745cf1db,22,Work,844d90fc8e014c479f16a5f835d51412,62,Work
3397,03/17/2020T14:10:00 ,2020-03-17,OW Finance,"(4044087.0435225195, 2951850.7264003935)",8110c28ced3a4206863df9a671c4b6d1,18,Work,4ae6fb97be004d21b7e292c83e5bc9d2,43,Work
3397,03/17/2020T14:10:00 ,2020-03-17,OW Finance,"(4044087.0435225195, 2951850.7264003935)",55a03a5e2be64ec387dbec76ecad05ce,28,Work,902fa82d45f04d72a22a60819bf0175b,44,Work
3397,03/17/2020T14:10:00 ,2020-03-17,OW Finance,"(4044087.0435225195, 2951850.7264003935)",bb4904dc3e31488f90a57fde715cee43,58,Work,9b822c605bf74837a557afd400159654,47,Work
3397,03/17/2020T14:10:00 ,2020-03-17,OW Finance,"(4044087.0435225195, 2951850.7264003935)",27ac30e3036f4f09ac94201b9716525b,41,Work,5db6831dc85941eabdc200a91624ae6c,54,Work
3397,03/17/2020T14:10:00 ,2020-03-17,OW Finance,"(4044087.0435225195, 2951850.7264003935)",3cf8e18ecd5e4079ada21206de744f75,26,Work,1d6479b0e44c4012a5a77de047d6efe8,38,Work
3397,03/17/2020T14:10:00 ,2020-03-17,OW Finance,"(4041352.149863414, 2950118.0940126437)",3f9b9a3b725d430a83fed717951e2b3a,24,Work,a7e321af549c468fb08429e085395926,28,Work
3397,03/17/2020T14:10:00 ,2020-03-17,Hotel,"(4041905.981629138, 2953161.4380196705)",18b8c8cee33044e3a8d7b6f30da8f7e1,46,Work,dae08820e95a49ef9584b0b3eeadf7b9,26,Work
3398,03/17/2020T14:20:00 ,2020-03-17,OW Manufacturing,"(4033152.122280112, 2937616.4047832955)",9dd3648714944b61aa8833085a192427,44,Work,b582221b005548cea74d5b05b29c61b8,21,Work
3398,03/17/2020T14:20:00 ,2020-03-17,OW ICT,"(4035155.2916662665, 2952573.727983958)",ae8fe414eb8b434db004b26b6bca80f2,55,Work,0cab4890cac84b04b3d8d86c97ff9a96,49,Work
3398,03/17/2020T14:20:00 ,2020-03-17,OW ICT,"(4035155.2916662665, 2952573.727983958)",4993adf0f71e47d9b8036828a430c022,22,Work,83e69b9519e0406aa3adaadfd56784f6,36,Work
3398,03/17/2020T14:20:00 ,2020-03-17,OW Finance,"(4044087.0435225195, 2951850.7264003935)",b1c8c1e81f50405e9ec903f186d9a8d0,37,Work,94b888fe5b0a4647b4b469fc75f53b6a,39,Work
3398,03/17/2020T14:20:00 ,2020-03-17,OW Finance,"(4044087.0435225195, 2951850.7264003935)",827eef23ccd4408190d6c9e2d35ba02f,28,Work,844d90fc8e014c479f16a5f835d51412,62,Work
3398,03/17/2020T14:20:00 ,2020-03-17,OW Technical,"(4029200.3631112, 2939847.2296730066)",0d0e2008000547a8940f49040c7737dc,28,Work,a20a9a6c09e0496d972bc7da8ee0c140,28,Work
3398,03/17/2020T14:20:00 ,2020-03-17,Hospital,"(4058154.76725065, 2949603.507869995)",55e404abb57b4b239678082d1b54a25d,49,Work,05f7c184d02e49d799e36c74556aaa67,39,Work
3398,03/17/2020T14:20:00 ,2020-03-17,Hospital,"(4026830.549424994, 2957052.0152650787)",756408c6443f4837b3bf16aac51edf61,44,Work,6afae0a9ea0141228da98bd02fd5f529,62,House
3398,03/17/2020T14:20:00 ,2020-03-17,Hotel,"(4041905.981629138, 2953161.4380196705)",7bc9c398138c48b098632d9c95f5f135,56,Work,40cf8b79d8f446bbba80860248aa25d8,35,Work
3398,03/17/2020T14:20:00 ,2020-03-17,Hotel,"(4041905.981629138, 2953161.4380196705)",aa322d0e39414c37b5338382bc3750ff,53,Work,2f487dc2f31e49eca25ea203e9198032,57,Work
3399,03/17/2020T14:30:00 ,2020-03-17,OW ICT,"(4035155.2916662665, 2952573.727983958)",01959dbdc7684e968a797ddf12fee7ad,31,Work,06b4d4c1d26a4b4699415ef62c57bcb0,39,Work
3399,03/17/2020T14:30:00 ,2020-03-17,OW Finance,"(4044087.0435225195, 2951850.7264003935)",27997b229e4d43a5a4e9e90052b95243,58,Work,4ef4f8209198429f9eb3cdfadbc38f96,41,Work
3399,03/17/2020T14:30:00 ,2020-03-17,OW Finance,"(4044087.0435225195, 2951850.7264003935)",5f2463bde5374edda6e18dc11ef3a27c,48,Work,94b888fe5b0a4647b4b469fc75f53b6a,39,Work
3399,03/17/2020T14:30:00 ,2020-03-17,OW Technical,"(4039992.052727616, 2941584.7248215135)",f534f1fbde8846d4a2d1ef51c75ba43d,20,Work,1b1ff7d321ab40058c2d790869ae8960,47,Work
3399,03/17/2020T14:30:00 ,2020-03-17,Shop,"(4026138.8109881002, 2945851.965113407)",3713217fe83945dca462b277d98879be,49,Work,aec1acdf6bfd4c5aa0f9e26600086f95,35,Work
3399,03/17/2020T14:30:00 ,2020-03-17,Hospital,"(4041018.9862266188, 2978524.81136002)",0ac06e659bba46b38ad3480c2ab946d1,62,Work,2838be178e204af7b0cf97899e252c4f,32,Work
3399,03/17/2020T14:30:00 ,2020-03-17,Hospital,"(4041018.9862266188, 2978524.81136002)",178b47312db44c2ea2725b234b136d3b,41,Work,c451fe2077cc42a2abe341325721a3c5,95,House
3400,03/17/2020T14:40:00 ,2020-03-17,OW Water,"(4033053.181326103, 2934678.575774782)",9ac34e50cdb145a5935a566142965e89,26,Work,5be5d4b463e948acbfc6606f97317201,36,Work
3400,03/17/2020T14:40:00 ,2020-03-17,OW Catering and Accommodation,"(4033016.8969621263, 2954392.4969770927)",6c0b78cf5d2348ae8a7dc9867c014603,32,Work,50b31ece5b7f4b7680ef3804f1bd35bf,58,Work
3400,03/17/2020T14:40:00 ,2020-03-17,OW ICT,"(4038999.912119822, 2950549.8623006986)",f944de1c32234ef7b8261509d50230b4,22,Work,db553053d0c8400891352e53ee52fd06,22,Work
3400,03/17/2020T14:40:00 ,2020-03-17,OW ICT,"(4035155.2916662665, 2952573.727983958)",36eed76e7f544333b02e8e1847eae603,25,Work,0cab4890cac84b04b3d8d86c97ff9a96,49,Work
3400,03/17/2020T14:40:00 ,2020-03-17,OW Finance,"(4044087.0435225195, 2951850.7264003935)",9286dafc79bd419ca708779422b7dba2,30,Work,9946b6baa78a4ffca2ddbfd615b6bd4b,62,Work
3400,03/17/2020T14:40:00 ,2020-03-17,OW Finance,"(4044087.0435225195, 2951850.7264003935)",050aa1ceffe74975bad0daf0cc6ab674,46,Work,c948654bacf44fa3a46b7a0de2eef0b9,40,Work
3400,03/17/2020T14:40:00 ,2020-03-17,OW Finance,"(4044087.0435225195, 2951850.7264003935)",be1903c4e6df4577b84b0711680c0a96,61,Work,10617f055f2a42529f60124c2e3fd1b2,33,Work
3400,03/17/2020T14:40:00 ,2020-03-17,OW Finance,"(4044087.0435225195, 2951850.7264003935)",415f60ec96e745f8816d4a8cc4a3d158,53,Work,83172117147d4944addf6579fe985f87,50,Work
3400,03/17/2020T14:40:00 ,2020-03-17,OW Finance,"(4044087.0435225195, 2951850.7264003935)",273d4592fa9942bb838e38a1c89a7b9f,39,Work,6715349208eb48a2b57b5c465ab6d0af,26,Work
3400,03/17/2020T14:40:00 ,2020-03-17,OW Finance,"(4044087.0435225195, 2951850.7264003935)",57093fc5e19747ed9ca91d098b84a4e1,34,Work,8b3f8939f99d400a812641e91bac7591,52,Work
3400,03/17/2020T14:40:00 ,2020-03-17,OW Finance,"(4041352.149863414, 2950118.0940126437)",4967b0e64f8441979a0d9a3901585d7d,39,Work,aa03c1153a3d492b8e9c6bd78d619aca,40,Work
3400,03/17/2020T14:40:00 ,2020-03-17,OW Finance,"(4041352.149863414, 2950118.0940126437)",88b8493b963d408380376f4c39745f7f,40,Work,5441a05dc91d48a9a87f1b276927a505,48,Work
3400,03/17/2020T14:40:00 ,2020-03-17,OW Technical,"(4030448.360212109, 2939698.4058719)",064cd63f08dc446595941800df89493a,33,Work,5bc82f21985d47319bf14ca8390dcaed,12,Work
3401,03/17/2020T14:50:00 ,2020-03-17,OW Catering and Accommodation,"(4033016.8969621263, 2954392.4969770927)",736a5826100649308bf229e025548271,27,Work,1e7612ff2db14bd6bd1394414d323cb9,39,Work
3401,03/17/2020T14:50:00 ,2020-03-17,OW Finance,"(4044087.0435225195, 2951850.7264003935)",8150357dfdca44b3a8870cd421326b5f,22,Work,fc206349875345c28b891b633c556f86,55,Work
3401,03/17/2020T14:50:00 ,2020-03-17,OW Finance,"(4044087.0435225195, 2951850.7264003935)",4026add89412460994db736176238549,61,Work,0bc8a71e2c844a89b108bfd02c07de88,33,Work
3401,03/17/2020T14:50:00 ,2020-03-17,OW Finance,"(4044087.0435225195, 2951850.7264003935)",0d469ca404b94f2fa1baedb941289389,23,Work,005dc4ba5644481f9dbe60c6c39aa592,43,Work
3401,03/17/2020T14:50:00 ,2020-03-17,OW Finance,"(4044087.0435225195, 2951850.7264003935)",e717138a80c641d2b5892965f19d8ffa,47,Work,7bdf541ea35e4be0921f3c45bfc9dcc4,25,Work
3401,03/17/2020T14:50:00 ,2020-03-17,OW Finance,"(4041352.149863414, 2950118.0940126437)",8628659e2a784a77bcc339ae8cdf823e,34,Work,bf499e803b434a309597d816e09a45d3,50,Work
3401,03/17/2020T14:50:00 ,2020-03-17,OW Finance,"(4041352.149863414, 2950118.0940126437)",88f7f962111645ddb73fe27cc9781188,30,Work,b1bba77e0e9b43e5a09fc0389d174d17,26,Work
3401,03/17/2020T14:50:00 ,2020-03-17,OW Finance,"(4041352.149863414, 2950118.0940126437)",a58e6b2fb65247c7a3c256d1a4148d9a,31,Work,23fe06b61b014eca88388e9767b79fb1,33,Work
3401,03/17/2020T14:50:00 ,2020-03-17,Hospital,"(4058154.76725065, 2949603.507869995)",e7e53f1dd51e4dcbb8c7e8e61ec36d2c,43,Work,05f7c184d02e49d799e36c74556aaa67,39,Work
3402,03/17/2020T15:00:00 ,2020-03-17,OW Water,"(4033053.181326103, 2934678.575774782)",3fabf16dde394c75a2bfc3e793157136,38,Work,0a1ba013890d4b0599fe98f94e23a4c3,21,Work
3402,03/17/2020T15:00:00 ,2020-03-17,OW Finance,"(4044087.0435225195, 2951850.7264003935)",33c74a3a6a1e488ea3dacd73a7264212,42,Work,1d6479b0e44c4012a5a77de047d6efe8,38,Work
3402,03/17/2020T15:00:00 ,2020-03-17,OW Finance,"(4044087.0435225195, 2951850.7264003935)",960b5ee8b2cf40149ea390e752dd0ff1,47,Work,fc206349875345c28b891b633c556f86,55,Work
3402,03/17/2020T15:00:00 ,2020-03-17,OW Finance,"(4044087.0435225195, 2951850.7264003935)",e8b5b1a41c7247c6b6a5683dbbc832ee,63,Work,8b3f8939f99d400a812641e91bac7591,52,Work
3402,03/17/2020T15:00:00 ,2020-03-17,OW Finance,"(4041352.149863414, 2950118.0940126437)",b8dac3c9aee84fbc9ab8a70cf9367c93,30,Work,23fe06b61b014eca88388e9767b79fb1,33,Work
3402,03/17/2020T15:00:00 ,2020-03-17,OW Technical,"(4039992.052727616, 2941584.7248215135)",09662cf27300427fbf9cd9f2ada1f2c8,39,Work,1f5020d6982a4dfab5d553d188d48b6c,47,Work
3402,03/17/2020T15:00:00 ,2020-03-17,OW Technical,"(4039992.052727616, 2941584.7248215135)",01a0597dd7784c509067cc3487da2906,26,Work,e729b2d3dd5d455c9e97d290156036c3,45,Work
3403,03/17/2020T15:10:00 ,2020-03-17,OW Water,"(4033053.181326103, 2934678.575774782)",3222c7042378403fb24429cc9b982419,56,Work,fb917ba6f0244973b9707cf20072ceee,42,Work
3403,03/17/2020T15:10:00 ,2020-03-17,OW ICT,"(4035155.2916662665, 2952573.727983958)",9d6ed060df2c4899b6e67c0c971d49c2,58,Work,58a7bc9fbdb442a98604c216fc5d476e,35,Work
3403,03/17/2020T15:10:00 ,2020-03-17,OW Finance,"(4044087.0435225195, 2951850.7264003935)",9a1e26383828424d816ef34ae23395b6,36,Work,a187df2c494e409cb7703850051a2d33,32,Work
3403,03/17/2020T15:10:00 ,2020-03-17,OW Finance,"(4044087.0435225195, 2951850.7264003935)",fd9f5366c7ed4973ac682c19053a93c2,55,Work,535e45df6988425fa6cf8b197fcbda90,21,Work
3403,03/17/2020T15:10:00 ,2020-03-17,OW Finance,"(4044087.0435225195, 2951850.7264003935)",ce89439d3a324fe4bc32961333872942,54,Work,4fe5b4e2a87f4028b873e0e327937491,48,Work
3403,03/17/2020T15:10:00 ,2020-03-17,OW Finance,"(4041352.149863414, 2950118.0940126437)",40ae7b79810e4920916207dbd5acc24a,29,Work,23fe06b61b014eca88388e9767b79fb1,33,Work
3403,03/17/2020T15:10:00 ,2020-03-17,OW Technical,"(4039992.052727616, 2941584.7248215135)",f3166dcef5d346d8bd2019d240477bf5,44,Work,1f5020d6982a4dfab5d553d188d48b6c,47,Work
3404,03/17/2020T15:20:00 ,2020-03-17,OW Finance,"(4044087.0435225195, 2951850.7264003935)",09f3486294754d55b0a5a2eb0f85331f,44,Work,3e16bce7c70f4c23a18f7c0be4bbe64b,38,Work
3404,03/17/2020T15:20:00 ,2020-03-17,OW Finance,"(4044087.0435225195, 2951850.7264003935)",58e59db655d1426d8bf7e441072e0e98,31,Work,405bba06315c456585b717e88b6add4d,32,Work
3404,03/17/2020T15:20:00 ,2020-03-17,OW Finance,"(4044087.0435225195, 2951850.7264003935)",33a0f17c399e4914bcf9ad499d0f1f95,37,Work,b7f2276aa64f4172a1dee9a2c5646be7,21,Work
3404,03/17/2020T15:20:00 ,2020-03-17,Hospital,"(4058154.76725065, 2949603.507869995)",6f0f47602bb04ff897135ac2f8357a79,46,Work,a712d36e770a4d28aeafcf8a6c6e4aac,60,Work
3404,03/17/2020T15:20:00 ,2020-03-17,Hotel,"(4039845.6103672986, 2941449.460067877)",2ca0980734bd4d4284dd0fe74519a2e6,28,Work,99f63e4570a54043952c4d47f42b5318,53,Work
3405,03/17/2020T15:30:00 ,2020-03-17,OW Water,"(4033053.181326103, 2934678.575774782)",f44fc7a92b15463e8c04567a47a6baa0,31,Work,aa5b083152824567bb4204520c6a832d,34,Work
3405,03/17/2020T15:30:00 ,2020-03-17,OW Water,"(4033053.181326103, 2934678.575774782)",7599f2dec7534aaf89009bf3c6d3524f,34,Work,182f93ca51634496ba501296d10b99d8,18,Work
3405,03/17/2020T15:30:00 ,2020-03-17,OW Finance,"(4044087.0435225195, 2951850.7264003935)",d3e30305ba054d659f3ef03710a903f2,48,Work,c948654bacf44fa3a46b7a0de2eef0b9,40,Work
3405,03/17/2020T15:30:00 ,2020-03-17,OW Finance,"(4044087.0435225195, 2951850.7264003935)",891fc62696c44067be968c9a4ccaa1a6,54,Work,8b3f8939f99d400a812641e91bac7591,52,Work
3405,03/17/2020T15:30:00 ,2020-03-17,OW Finance,"(4044087.0435225195, 2951850.7264003935)",4962c1f4092940179d2f841de3b71669,31,Work,371f531c2d434fe2a0e36667eaff615b,48,Work
3405,03/17/2020T15:30:00 ,2020-03-17,OW Finance,"(4044087.0435225195, 2951850.7264003935)",4c8c24d3f30c4466a62dd17a390a9406,34,Work,b7f2276aa64f4172a1dee9a2c5646be7,21,Work
3405,03/17/2020T15:30:00 ,2020-03-17,OW Finance,"(4041352.149863414, 2950118.0940126437)",c07da9ec4e0e494da7ece020511767ae,30,Work,5441a05dc91d48a9a87f1b276927a505,48,Work
3405,03/17/2020T15:30:00 ,2020-03-17,Hotel,"(4041905.981629138, 2953161.4380196705)",33792607976240cc8b717c7e64830aec,34,Work,5d5565b00e0a489bb4eb3a92368c8260,58,Work
3405,03/17/2020T15:30:00 ,2020-03-17,Hotel,"(4041905.981629138, 2953161.4380196705)",e5bf536c36a644ecb36e1b6eb8f8b896,52,Work,2f487dc2f31e49eca25ea203e9198032,57,Work
3406,03/17/2020T15:40:00 ,2020-03-17,OW Finance,"(4044087.0435225195, 2951850.7264003935)",64d030ba56bd44b2815e58a8562f809e,52,Work,396f26fe27ce48778f5fe6f639f2e8c2,53,Work
3407,03/17/2020T15:50:00 ,2020-03-17,OW Finance,"(4041352.149863414, 2950118.0940126437)",c4fb14e14b124ea5b3f676607cc13299,47,Work,59097d02e34d4e65abe1c658114ac3d4,56,Work
3408,03/17/2020T16:00:00 ,2020-03-17,OW Water,"(4033053.181326103, 2934678.575774782)",ac1d9746aaab4991b5edc66024a29a76,36,Work,aa5b083152824567bb4204520c6a832d,34,Work
3408,03/17/2020T16:00:00 ,2020-03-17,OW ICT,"(4035155.2916662665, 2952573.727983958)",9c60cd6cf54348d599f5ae8d2295c40f,21,Work,0cab4890cac84b04b3d8d86c97ff9a96,49,Work
3408,03/17/2020T16:00:00 ,2020-03-17,OW ICT,"(4035155.2916662665, 2952573.727983958)",d21642e3876b4cd4a889ef6e08482ebb,34,Work,ad2eb1779c104bcfa10fc827193d7064,29,Work
3408,03/17/2020T16:00:00 ,2020-03-17,OW ICT,"(4035155.2916662665, 2952573.727983958)",714b4aefd23f4218b91b5217d9ea160a,56,Work,58040904c1764aa39937d259ef71e79e,34,Work
3408,03/17/2020T16:00:00 ,2020-03-17,OW ICT,"(4035155.2916662665, 2952573.727983958)",fd3c7f7759dd4ff3b4d5dcfb7610f1ab,33,Work,f1aeb679e1fa48d4820fe53771d3eafb,50,Work
3408,03/17/2020T16:00:00 ,2020-03-17,OW Finance,"(4044087.0435225195, 2951850.7264003935)",fb6626c8bc1348da868899d760d818b4,23,Work,1047a6f845504234bdc25c6d1290970b,39,Work
3408,03/17/2020T16:00:00 ,2020-03-17,OW Finance,"(4044087.0435225195, 2951850.7264003935)",a572f967e86649b18f149b0795b4d06b,50,Work,2e202af1d12e43f99e437b1da876f41c,41,Work
3408,03/17/2020T16:00:00 ,2020-03-17,OW Technical,"(4039992.052727616, 2941584.7248215135)",73edcd44f63f4c8799ee78301b1b607a,24,Work,1b1ff7d321ab40058c2d790869ae8960,47,Work
3408,03/17/2020T16:00:00 ,2020-03-17,Hotel,"(4041905.981629138, 2953161.4380196705)",1295d7882a754484a9ec880c5cea4f08,20,Work,063f269025cc4be5bd3aacd1c9e7559e,40,Work
3409,03/17/2020T16:10:00 ,2020-03-17,OW Water,"(4033053.181326103, 2934678.575774782)",b3535e7dd45841129197094771e31aa8,63,Work,7d4a1733684342e2a372b28572c09937,31,Work
3409,03/17/2020T16:10:00 ,2020-03-17,OW Finance,"(4044087.0435225195, 2951850.7264003935)",1a5e2667ed1b4efa919c9575d4379f2f,39,Work,897eabeb1bcd49d3997c1189e13d895f,26,Work
3409,03/17/2020T16:10:00 ,2020-03-17,OW Finance,"(4041352.149863414, 2950118.0940126437)",371df8b273494b83a6199b8de82a4393,39,Work,bf499e803b434a309597d816e09a45d3,50,Work
3409,03/17/2020T16:10:00 ,2020-03-17,OW Technical,"(4039992.052727616, 2941584.7248215135)",497df39aa2b64e9cafc8e35800594583,31,Work,e729b2d3dd5d455c9e97d290156036c3,45,Work
3409,03/17/2020T16:10:00 ,2020-03-17,OW Technical,"(4023737.821143527, 2943391.2975347084)",b22017843c2d4c9aa4d4a2261ee24e0a,52,Work,c8d4b0d5fb2648aeb310e98b55840198,51,Work
3409,03/17/2020T16:10:00 ,2020-03-17,Hotel,"(4041905.981629138, 2953161.4380196705)",1fe9a65f9f8c4b49954decb38165221c,62,Work,0b5c7bf67d96439fa41bb1f3f04cb62e,36,Work
3410,03/17/2020T16:20:00 ,2020-03-17,OW Water,"(4033053.181326103, 2934678.575774782)",757251ba95254e62aeec703f3548a3dc,33,Work,ff8deff7a4274f4e8d313406a5228421,56,Work
3410,03/17/2020T16:20:00 ,2020-03-17,OW ICT,"(4035155.2916662665, 2952573.727983958)",864394e72a234833ac59d902a7737a09,49,Work,e6f1e912c454412fb0300fd109be0443,62,Work
3410,03/17/2020T16:20:00 ,2020-03-17,OW Finance,"(4044087.0435225195, 2951850.7264003935)",385e888f8f134b3a9787bcd620924967,35,Work,c948654bacf44fa3a46b7a0de2eef0b9,40,Work
3410,03/17/2020T16:20:00 ,2020-03-17,OW Finance,"(4041352.149863414, 2950118.0940126437)",c06b25b3963844549fe4cfd97a4fe6f7,36,Work,ed674201939d4da393929cefe61c289b,30,Work
3410,03/17/2020T16:20:00 ,2020-03-17,OW Administration,"(4037093.952595035, 2937035.4484564867)",ff86d8cabbca4c4e878d0e6ff5d4a283,42,Work,a1a840152da245df8346ecef569661bd,37,Work
3411,03/17/2020T16:30:00 ,2020-03-17,OW Water,"(4033053.181326103, 2934678.575774782)",f5586bfbfc154c6a8c53f75bb9a936f9,55,Work,4c24654b9001486581f3de72fbebd9f9,32,Work
3411,03/17/2020T16:30:00 ,2020-03-17,OW ICT,"(4035155.2916662665, 2952573.727983958)",12f4c48326eb4342b43e09a22a413608,32,Work,0cab4890cac84b04b3d8d86c97ff9a96,49,Work
3411,03/17/2020T16:30:00 ,2020-03-17,OW ICT,"(4035155.2916662665, 2952573.727983958)",d1215d48dd5346f794f9ccfa572af8f6,21,Work,06b4d4c1d26a4b4699415ef62c57bcb0,39,Work
3411,03/17/2020T16:30:00 ,2020-03-17,OW Finance,"(4041352.149863414, 2950118.0940126437)",c36f326a347149d99f9f026bf15ab22d,59,Work,b1bba77e0e9b43e5a09fc0389d174d17,26,Work
3411,03/17/2020T16:30:00 ,2020-03-17,OW Administration,"(4037093.952595035, 2937035.4484564867)",5fe765ae096a4e829f8ce84345ea0424,51,Work,a0e010e5ab0c4a5aa314858315e3dda7,49,Work
3412,03/17/2020T16:40:00 ,2020-03-17,OW ICT,"(4035155.2916662665, 2952573.727983958)",40d61df9b4e64a8a9feb783bc0f3a5dd,52,Work,0cab4890cac84b04b3d8d86c97ff9a96,49,Work
3412,03/17/2020T16:40:00 ,2020-03-17,OW Finance,"(4044087.0435225195, 2951850.7264003935)",54a6b15de8154cca948dfb21ada88b56,55,Work,5db6831dc85941eabdc200a91624ae6c,54,Work
3412,03/17/2020T16:40:00 ,2020-03-17,Hospital,"(4041018.9862266188, 2978524.81136002)",733d8b87df484a3b96c0a71934a11edf,30,Work,e6fd49a182fc43969169a5676243de82,93,Medical
3413,03/17/2020T16:50:00 ,2020-03-17,OW Finance,"(4044087.0435225195, 2951850.7264003935)",c70136f4a58949f0a16cc2bc41447bcb,19,Work,4475928f2318482d9f23038c075bbfe2,34,Work
3413,03/17/2020T16:50:00 ,2020-03-17,OW Finance,"(4044087.0435225195, 2951850.7264003935)",5acec2cfba5b40ea89d848e94a0a0aa8,38,Work,f80d01961a6543358865bf77742d291e,33,Work
3413,03/17/2020T16:50:00 ,2020-03-17,OW Finance,"(4041352.149863414, 2950118.0940126437)",c60ef61d4dd64af1a2d893bb7f734e6c,31,Work,23fe06b61b014eca88388e9767b79fb1,33,Work
3414,03/17/2020T17:00:00 ,2020-03-17,OW Water,"(4033053.181326103, 2934678.575774782)",d576f8d6118a4978804daa16faecf002,53,Work,645e281820ef4c09bb25e577bdf61302,51,Work
3414,03/17/2020T17:00:00 ,2020-03-17,OW Water,"(4033053.181326103, 2934678.575774782)",219f4c6b43904a3386ada1fe657c103b,46,Work,609cc2687c1e45d6bb7d866cf51e79c6,32,Work
3414,03/17/2020T17:00:00 ,2020-03-17,OW ICT,"(4035155.2916662665, 2952573.727983958)",95d4448ca43b427aa5a70502ee81f511,60,Work,4e1ef058f9ba4499953601c18b9c1e5f,27,Work
3414,03/17/2020T17:00:00 ,2020-03-17,OW Finance,"(4044087.0435225195, 2951850.7264003935)",efc72a0d3f524e08bf3a136232f5c85f,48,Work,396f26fe27ce48778f5fe6f639f2e8c2,53,Work
3414,03/17/2020T17:00:00 ,2020-03-17,OW Finance,"(4044087.0435225195, 2951850.7264003935)",8c8e2f7ca8034727856a8a355977b56a,55,Work,e47578df3c944167be2db12e2be1e445,31,Work
3414,03/17/2020T17:00:00 ,2020-03-17,OW Finance,"(4044087.0435225195, 2951850.7264003935)",d402708008c3476cac0b330d2017ed64,43,Work,535e45df6988425fa6cf8b197fcbda90,21,Work
3414,03/17/2020T17:00:00 ,2020-03-17,OW Finance,"(4044087.0435225195, 2951850.7264003935)",dbff8d6ade0047caade2bfbb3d1414f8,62,Work,7f4bbb733a4b473dbc3f8a59a8c99c42,28,Work
3414,03/17/2020T17:00:00 ,2020-03-17,OW Finance,"(4044087.0435225195, 2951850.7264003935)",dd7d5c82c8be48f280a594e82409ad06,38,Work,e340eeaafca74e73b9309e93f87eb3f9,30,Work
3414,03/17/2020T17:00:00 ,2020-03-17,OW Finance,"(4041352.149863414, 2950118.0940126437)",ef04d61a5ef64a8bbcee980a9f0f87bb,58,Work,ed674201939d4da393929cefe61c289b,30,Work
3414,03/17/2020T17:00:00 ,2020-03-17,OW Finance,"(4041352.149863414, 2950118.0940126437)",21a2f00a3b3d48f48ef4a67d89886947,40,Work,59097d02e34d4e65abe1c658114ac3d4,56,Work
3414,03/17/2020T17:00:00 ,2020-03-17,OW Technical,"(4039992.052727616, 2941584.7248215135)",9b9bc9a51fee4bb19bf8b36a9c0cff3b,25,Work,6021fa9e68b14655b49014c0934254c2,57,Work
3414,03/17/2020T17:00:00 ,2020-03-17,Hospital,"(4026830.549424994, 2957052.0152650787)",018fc0427bab4236b2dab36bdd0dce54,27,Work,5d1155fb1b9349a584f50a51d9fe760e,43,Work
3414,03/17/2020T17:00:00 ,2020-03-17,Hotel,"(4041905.981629138, 2953161.4380196705)",aef72d2324374daa9e452bfc02f7067e,51,Work,7a9a5687bb264b208f838789d739aabb,31,Work
3415,03/17/2020T17:10:00 ,2020-03-17,OW Manufacturing,"(4068332.2126111374, 2961060.5823687455)",dc0add6b35664058be551bf9806fb376,25,Work,2d4fd910ea6545dfa1d971689f3a66d1,26,Work
3415,03/17/2020T17:10:00 ,2020-03-17,OW Water,"(4033053.181326103, 2934678.575774782)",5062432b3d734fd2beaec71bb526db30,43,Work,c3d5b5e869ab4d3995d956312940fc93,49,Work
3415,03/17/2020T17:10:00 ,2020-03-17,OW ICT,"(4035155.2916662665, 2952573.727983958)",30e33ee219ca4d6bbe34df4eac2959b7,33,Work,f1aeb679e1fa48d4820fe53771d3eafb,50,Work
3415,03/17/2020T17:10:00 ,2020-03-17,OW Finance,"(4044087.0435225195, 2951850.7264003935)",64a7170deb5a466b91df81463787ca2f,22,Work,cb13c6e793704c0898806466e33c83be,26,Work
3415,03/17/2020T17:10:00 ,2020-03-17,OW Finance,"(4041352.149863414, 2950118.0940126437)",02f881ab7ca04ed587f14cf9a5a42d9e,20,Work,a042302d5eb143e08aeee53af7f7ec58,41,Work
3415,03/17/2020T17:10:00 ,2020-03-17,Hospital,"(4058154.76725065, 2949603.507869995)",9496aab14bdb4dc499b7e9c2b45d4a92,61,Work,427870d60252456cbf74d0f4de3f58b3,37,House
3418,03/17/2020T17:40:00 ,2020-03-17,OW Administration,"(4037093.952595035, 2937035.4484564867)",ed4699b61a544536964242d009a43538,40,Work,8545444de6ef445a970e10b3b6c3d18c,38,Work
3418,03/17/2020T17:40:00 ,2020-03-17,Public Transport,"(4018272.2850062368, 2979789.4835816347)",fabf97a441f74fbfb65f76f9826035ec,48,Public Transport,c139d5ef0d9c4c3392f2d46615cc2e67,48,Public Transport
3425,03/17/2020T18:50:00 ,2020-03-17,Hospital,"(4026830.549424994, 2957052.0152650787)",ce8ad0cf583443058084644810ca30c1,42,Work,6afae0a9ea0141228da98bd02fd5f529,62,House
3436,03/17/2020T20:40:00 ,2020-03-17,House,"(4056963.3830750966, 2952759.086998439)",431f6f3487f143888e409f0a4df7c841,51,House,1815a854f8c8406e91b6218d4a61bf44,51,House
3438,03/17/2020T21:00:00 ,2020-03-17,House,"(4048378.8497689767, 2970414.0841034865)",1d7d73f60629486eb9d2e5610f0aba2d,15,House,f38a9adcc0cd4c3ea7ba2a80d7eb71f9,79,House
3439,03/17/2020T21:10:00 ,2020-03-17,House,"(4063496.6296682167, 2972390.3520604116)",80c713d444a14151a0328f2918961bc6,14,House,b5a09491b65a49c2abe632d8a99154b1,26,House
3444,03/17/2020T22:00:00 ,2020-03-17,House,"(4037360.6465111636, 2943796.7521286807)",a0fefba31f284f5693aa0a48efc0edbf,5,House,e6d6050bf81c4dfcb05d5c6d6a4aa473,20,House
3452,03/17/2020T23:20:00 ,2020-03-17,House,"(4029139.3495970652, 3001544.3941224944)",8becc770b36d4f369135f1c9cc1f79d7,23,House,d393696d49dd4c01a6bdbcc232a17db8,38,House
3456,03/18/2020T00:00:00 ,2020-03-18,House,"(4057347.5985719752, 2945610.2634260794)",c1980881d0e342b690190791e9030137,18,House,514b6aee8c0e44ae85ed00983dfc7e3b,34,House
3456,03/18/2020T00:00:00 ,2020-03-18,House,"(4038514.073643132, 2950517.6369381626)",b649ddd9782747249564afdb25b2dbf8,54,House,533e9cfaf2154ce6bd8c4f4a29bb33e2,38,House
3457,03/18/2020T00:10:00 ,2020-03-18,House,"(4042052.2259408836, 2958495.5197002296)",31fcf022e6c04ba7a0009be1f3f4718f,1,House,0781aaa553664e4b85d158694868d73c,2,House
3457,03/18/2020T00:10:00 ,2020-03-18,House,"(4029168.1925738505, 2939492.348589937)",c0fbdd1ea7c549fbb2da95313b612e32,2,House,83011bbb8139441fa462b778d9159bc6,39,House
3458,03/18/2020T00:20:00 ,2020-03-18,House,"(4029793.404840179, 2939465.3949679444)",6a62158c21924a78a085ba357601f614,55,House,d07f18adc7aa4109a2ceb190538cdebc,39,House
3461,03/18/2020T00:50:00 ,2020-03-18,House,"(4068460.2044851924, 2965858.227619518)",a3988730868d4690991e04263fbf5eda,19,House,1593f2960dff4fbabe8ec9021f8aab11,45,House
3464,03/18/2020T01:20:00 ,2020-03-18,House,"(4051442.521445208, 2962444.9057208505)",9a1b59af2e524585a18d73d2238422fe,51,House,4eb583895cde431aaf9b6751a35adc9d,45,House
3466,03/18/2020T01:40:00 ,2020-03-18,House,"(4029511.4976114905, 2939511.6588745923)",994e4bd6867b4ec486c6ef1425189f5a,59,House,e0be7696b8ed4b7984284f1095b64d67,25,House
3468,03/18/2020T02:00:00 ,2020-03-18,House,"(4041385.819146338, 2950926.701528471)",edbdadd1865c488f922d2cda4b07e8b7,58,House,210d4d78a031436783c8b56177306f03,23,House
3469,03/18/2020T02:10:00 ,2020-03-18,House,"(4024621.5439815675, 2965783.7260491867)",46995d672d27441dba4f694ba337dc26,14,House,df2b7832ef254d7785ae7558d0133881,32,House
3470,03/18/2020T02:20:00 ,2020-03-18,House,"(4041362.354443697, 2957595.3807606534)",b15a687014e24d1ca7ad4766267b4513,49,House,29cc576fe79f4538b4be52662eca3e55,57,House
3478,03/18/2020T03:40:00 ,2020-03-18,House,"(4049941.8468357855, 2955699.3852562765)",596ca64512dc4c11bddfa110a59bdc5a,43,House,da1e4ed5517b4036bc73d0c2196c2486,39,House
3481,03/18/2020T04:10:00 ,2020-03-18,House,"(4056346.9172129575, 2952187.089905256)",95389fa0ffd04a6e9e7faea67bd8119d,52,House,9a262f981b4b4d25976a9015bee2de51,39,House
3482,03/18/2020T04:20:00 ,2020-03-18,House,"(4064472.1009835866, 2959097.070082101)",08b719f840974433826a406c0c079b9c,64,House,0591825ba9c940f6be74a63891b8c743,49,House
3484,03/18/2020T04:40:00 ,2020-03-18,House,"(4052875.3983770027, 2953672.879835103)",2d56007561f94dd6a4b3e444a418c797,5,House,59097d02e34d4e65abe1c658114ac3d4,56,House
3489,03/18/2020T05:30:00 ,2020-03-18,House,"(4033519.0349738444, 2963758.639619527)",c611fa881e964eefbce4fe55a66d635a,55,House,d956d63ba36740f99c92c01cdd277711,20,House
3491,03/18/2020T05:50:00 ,2020-03-18,House,"(4048851.144973383, 2969564.8991542826)",820a185d8637451a8abdac05e5fcd958,1,House,5c577555b95d4d638c758b10ef11c5e6,46,House
3494,03/18/2020T06:20:00 ,2020-03-18,OW Finance,"(4023314.6408982556, 2946277.926834426)",301d5cc411ee4e3b88b0e7a06b090b1c,50,Work,7232c43a39604196a8c12b4ec15e2894,28,Work
3501,03/18/2020T07:30:00 ,2020-03-18,Public Transport,"(4039946.4107431388, 2967588.535006977)",feafe8eb18724aeab163af84e1fdf07c,11,Public Transport,9bf0ef13bd3f468ab7de285a995fe4d9,18,Public Transport
3502,03/18/2020T07:40:00 ,2020-03-18,House,"(4048378.8497689767, 2970414.0841034865)",e8132a255a1b4ef1ae0e69570ca28c79,69,House,f38a9adcc0cd4c3ea7ba2a80d7eb71f9,79,House
3503,03/18/2020T07:50:00 ,2020-03-18,OW Manufacturing,"(4033152.122280112, 2937616.4047832955)",0cf0da83406e4f74a44d6dfd4858cd31,40,Work,ea6e07427f98460cbee88e9f9a393bc2,52,Work
3503,03/18/2020T07:50:00 ,2020-03-18,OW Water,"(4033053.181326103, 2934678.575774782)",91aa324337f8422ab663db550b8028f2,28,Work,c3d5b5e869ab4d3995d956312940fc93,49,Work
3503,03/18/2020T07:50:00 ,2020-03-18,OW Technical,"(4039992.052727616, 2941584.7248215135)",c1d3e77c608a413588399c89a53f8741,34,Work,6021fa9e68b14655b49014c0934254c2,57,Work
3503,03/18/2020T07:50:00 ,2020-03-18,Public Transport,"(4028391.2590060933, 2940399.9238439715)",6e98426c9ebc408ebcc72c110d29e64c,16,Public Transport,9ea984da83fe462f9fa26ccfd7fbadf0,6,Public Transport
3504,03/18/2020T08:00:00 ,2020-03-18,OW Water,"(4033053.181326103, 2934678.575774782)",667f66822544406585c59c644edd77c6,36,Work,4c24654b9001486581f3de72fbebd9f9,32,Work
3504,03/18/2020T08:00:00 ,2020-03-18,OW Finance,"(4044087.0435225195, 2951850.7264003935)",a53e840088cd4f86b2170f4f362c4218,55,Work,3e16bce7c70f4c23a18f7c0be4bbe64b,38,Work
3504,03/18/2020T08:00:00 ,2020-03-18,OW Technical,"(4039992.052727616, 2941584.7248215135)",df135bf994aa4bf1a4928d791a411240,53,Work,1b29d92d66fe4b5b9518f0a146ec8c73,23,Work
3504,03/18/2020T08:00:00 ,2020-03-18,Hotel,"(4041905.981629138, 2953161.4380196705)",6393f7203605429e98f0fa1688003598,61,Work,78699b3188ec4fa29c33276057bb07ee,20,Work
3504,03/18/2020T08:00:00 ,2020-03-18,House,"(4040378.63118386, 2951284.9662976153)",375c870ae23a44798115439f4dc9dada,29,House,dc2933ca30724990add9e909a8347fb3,32,House
3505,03/18/2020T08:10:00 ,2020-03-18,OW Finance,"(4044087.0435225195, 2951850.7264003935)",3eb0eef759494f1ab2c1551d344d7ad2,56,Work,8df4adaec849488f892711fa37b0c9af,59,Work
3505,03/18/2020T08:10:00 ,2020-03-18,OW Finance,"(4044087.0435225195, 2951850.7264003935)",bdc99cf62b1a4d319a4bd5e8c40d6f8d,21,Work,8d74b82dfad64db0bcc018e34fd82146,44,Work
3505,03/18/2020T08:10:00 ,2020-03-18,OW Finance,"(4041352.149863414, 2950118.0940126437)",6f9e59b289bf40679b4bf86c6045409e,23,Work,75c0dcc55ea84b22aa7d566d81f6c4db,26,Work
3505,03/18/2020T08:10:00 ,2020-03-18,OW Finance,"(4041352.149863414, 2950118.0940126437)",db01a148aa13480f96e7d1fb040fb99a,48,Work,a7e321af549c468fb08429e085395926,28,Work
3505,03/18/2020T08:10:00 ,2020-03-18,OW Finance,"(4041352.149863414, 2950118.0940126437)",7c8e9fda3d0c4ec7a982c345f4cc45a2,48,Work,bf499e803b434a309597d816e09a45d3,50,Work
3505,03/18/2020T08:10:00 ,2020-03-18,OW Finance,"(4041352.149863414, 2950118.0940126437)",9e3b8c7a2fbc4d39bd333f039c6dd20b,35,Work,a7e321af549c468fb08429e085395926,28,Work
3505,03/18/2020T08:10:00 ,2020-03-18,Hotel,"(4041905.981629138, 2953161.4380196705)",5d2075ca4e564396ae6f51b88ea9299f,58,Work,5d5565b00e0a489bb4eb3a92368c8260,58,Work
3506,03/18/2020T08:20:00 ,2020-03-18,OW Catering and Accommodation,"(4033016.8969621263, 2954392.4969770927)",08d21612f8c040b9a7d61fa0c8f0483c,34,Work,9f05f6912fe84657a59c21e4e6044802,41,Work
3506,03/18/2020T08:20:00 ,2020-03-18,OW Finance,"(4044087.0435225195, 2951850.7264003935)",adc1fab9264e44fc8ed9046d9ae64723,59,Work,00c91a59488c4c70b4b6ee676a25787c,49,Work
3507,03/18/2020T08:30:00 ,2020-03-18,OW Water,"(4033053.181326103, 2934678.575774782)",a7f91cab96b243b2bb6e7d73c21b45f6,34,Work,c3d5b5e869ab4d3995d956312940fc93,49,Work
3507,03/18/2020T08:30:00 ,2020-03-18,OW Water,"(4033053.181326103, 2934678.575774782)",d2a65a35258e4c7eb57ba58c893a43f2,50,Work,fc80e6a1a1c24b85be693e7c22dea21f,25,Work
3507,03/18/2020T08:30:00 ,2020-03-18,Hotel,"(4041905.981629138, 2953161.4380196705)",e57c2e872b764a36b2beb98b596fad18,42,Work,2f487dc2f31e49eca25ea203e9198032,57,Work
3508,03/18/2020T08:40:00 ,2020-03-18,OW Transport,"(4039385.8012878024, 2979458.8174780845)",006894d66cdb4575844355b009f15f7c,56,Work,cd9de3f3e36b498ab036941f52b75a84,46,Work
3508,03/18/2020T08:40:00 ,2020-03-18,OW ICT,"(4035155.2916662665, 2952573.727983958)",7e60bf8e4aa448e288eff89e9a1d4cd6,39,Work,4e1ef058f9ba4499953601c18b9c1e5f,27,Work
3508,03/18/2020T08:40:00 ,2020-03-18,OW Finance,"(4044087.0435225195, 2951850.7264003935)",3378961cf22f466aa7749f38f855e486,60,Work,d5e6c186e4af4d2b962e7c9157a271b1,37,Work
3508,03/18/2020T08:40:00 ,2020-03-18,OW Finance,"(4044087.0435225195, 2951850.7264003935)",3c4a774bb1ec407db17b93db6a3a42d7,46,Work,51831547dd6d490a94ccbd51d3982226,34,Work
3508,03/18/2020T08:40:00 ,2020-03-18,Public Transport,"(4023004.560588982, 2941966.050978414)",92a49d8b666843d29de409ccf0e127d3,37,Public Transport,33240891e32f4b2098ab8433b8a993ba,41,Public Transport
3509,03/18/2020T08:50:00 ,2020-03-18,OW Water,"(4033053.181326103, 2934678.575774782)",d798097f60fe4fd29e220e8e10f9e0cc,38,Work,ff8deff7a4274f4e8d313406a5228421,56,Work
3509,03/18/2020T08:50:00 ,2020-03-18,OW Water,"(4033053.181326103, 2934678.575774782)",9b0d9ac7bce94422b9b3209f98f88899,28,Work,7d4a1733684342e2a372b28572c09937,31,Work
3509,03/18/2020T08:50:00 ,2020-03-18,OW Finance,"(4041352.149863414, 2950118.0940126437)",d371b65d25a749d582872ca89adc8f4d,49,Work,ed674201939d4da393929cefe61c289b,30,Work
3509,03/18/2020T08:50:00 ,2020-03-18,OW Finance,"(4041352.149863414, 2950118.0940126437)",dc90980e5be04c1282bed24a546ce22f,24,Work,a042302d5eb143e08aeee53af7f7ec58,41,Work
3509,03/18/2020T08:50:00 ,2020-03-18,House,"(4039174.2657340514, 2951520.094723758)",1b7bafd8da5d4477aee155a455f403e3,43,House,012839e710bf4cbca9c27f896f53cd58,37,House
3510,03/18/2020T09:00:00 ,2020-03-18,OW Water,"(4033053.181326103, 2934678.575774782)",b820517576124ed2a467630ed264e098,47,Work,645e281820ef4c09bb25e577bdf61302,51,Work
3510,03/18/2020T09:00:00 ,2020-03-18,OW Finance,"(4044087.0435225195, 2951850.7264003935)",cc66103b3dbb4048a1dc8495a32bc000,32,Work,10617f055f2a42529f60124c2e3fd1b2,33,Work
3510,03/18/2020T09:00:00 ,2020-03-18,OW Finance,"(4044087.0435225195, 2951850.7264003935)",b50380f5724c42749d6d2a36de75ce5c,27,Work,b1dfdfe3f24c480e8ce4b089f629f9dc,60,Work
3510,03/18/2020T09:00:00 ,2020-03-18,OW Finance,"(4041352.149863414, 2950118.0940126437)",3de33b1a032349228ccbcb43926438a2,49,Work,23fe06b61b014eca88388e9767b79fb1,33,Work
3510,03/18/2020T09:00:00 ,2020-03-18,OW Finance,"(4041352.149863414, 2950118.0940126437)",d3cde4c26c0a43c68b17597926c46ddf,51,Work,f058f65785864dfebdc11101034efe2f,61,Work
3510,03/18/2020T09:00:00 ,2020-03-18,OW Finance,"(4041352.149863414, 2950118.0940126437)",e559910dd77c4e1baaf07d9cea00a2fe,54,Work,bf499e803b434a309597d816e09a45d3,50,Work
3510,03/18/2020T09:00:00 ,2020-03-18,OW Finance,"(4041352.149863414, 2950118.0940126437)",9dd703f6d6254cdd8a576a27e7c481f6,24,Work,75c0dcc55ea84b22aa7d566d81f6c4db,26,Work
3510,03/18/2020T09:00:00 ,2020-03-18,OW Technical,"(4039992.052727616, 2941584.7248215135)",8ddc4e6a6c39458089ee37ba8622ea14,54,Work,1b29d92d66fe4b5b9518f0a146ec8c73,23,Work
3511,03/18/2020T09:10:00 ,2020-03-18,Care Home,"(4039528.9994623875, 2952253.717866595)",7e87393e74654cbe9d98665cb6a580cb,34,Work,63f7bd951fe248e09ce74a169dd75665,95,House
3511,03/18/2020T09:10:00 ,2020-03-18,OW Water,"(4033053.181326103, 2934678.575774782)",9c7e3c5d31e94432837aeafe65e1c0dd,31,Work,fc80e6a1a1c24b85be693e7c22dea21f,25,Work
3511,03/18/2020T09:10:00 ,2020-03-18,OW Water,"(4033053.181326103, 2934678.575774782)",4bc3296296af40dba99cddcd6c697c88,64,Work,0baa537c6e0b4cf39cb72ef3618f15c3,42,Work
3511,03/18/2020T09:10:00 ,2020-03-18,OW ICT,"(4035155.2916662665, 2952573.727983958)",b8f8919ba0d94c61962ec19a3113cf5d,46,Work,8caf253318f84638af5701077de5599f,52,Work
3511,03/18/2020T09:10:00 ,2020-03-18,OW Finance,"(4044087.0435225195, 2951850.7264003935)",05cf8d949dd84d8489ff5c2f3ad87409,25,Work,00c91a59488c4c70b4b6ee676a25787c,49,Work
3511,03/18/2020T09:10:00 ,2020-03-18,OW Finance,"(4044087.0435225195, 2951850.7264003935)",3a86ab2a6e0b4d319b7a86a5f0c64c7b,44,Work,fe9fd62920bf4ec0a25cbbc5bec810a6,26,Work
3512,03/18/2020T09:20:00 ,2020-03-18,OW Water,"(4033053.181326103, 2934678.575774782)",676f5c03ca584de3a72af6a1e4d6a727,44,Work,fe1025acbda2408087ff57fe90b176ce,18,Work
3512,03/18/2020T09:20:00 ,2020-03-18,OW Water,"(4033053.181326103, 2934678.575774782)",cb053129b651496abd68603126bf610e,34,Work,0baa537c6e0b4cf39cb72ef3618f15c3,42,Work
3512,03/18/2020T09:20:00 ,2020-03-18,OW Catering and Accommodation,"(4033016.8969621263, 2954392.4969770927)",329877db8b4b47d89efc058130487176,34,Work,50b31ece5b7f4b7680ef3804f1bd35bf,58,Work
3512,03/18/2020T09:20:00 ,2020-03-18,OW Finance,"(4044087.0435225195, 2951850.7264003935)",c3e894b64b924752a1f2e7a9271c6e6d,18,Work,ab5bf4460bc64e22aee27c630708cbbe,30,Work
3512,03/18/2020T09:20:00 ,2020-03-18,OW Finance,"(4041352.149863414, 2950118.0940126437)",45b8b00b9b35476ba0d53f546f58f8d6,27,Work,4acc965d6a4a43c8bacf41b79801d4a0,33,Work
3512,03/18/2020T09:20:00 ,2020-03-18,OW Finance,"(4041352.149863414, 2950118.0940126437)",29a31fe599df495ab1a1aafb1ca8b9ec,43,Work,4acc965d6a4a43c8bacf41b79801d4a0,33,Work
3512,03/18/2020T09:20:00 ,2020-03-18,Hotel,"(4041905.981629138, 2953161.4380196705)",3d11a5e1aa034ae484cc155c0e3b5b85,43,Work,3f20e6db32614419a8885d88ba35ffed,46,Work
3512,03/18/2020T09:20:00 ,2020-03-18,Hotel,"(4041905.981629138, 2953161.4380196705)",c50f680657634fd7837334cd906c77e8,52,Work,33e345c79771465492188fd0c5610490,42,Work
3513,03/18/2020T09:30:00 ,2020-03-18,OW Manufacturing,"(4033152.122280112, 2937616.4047832955)",b3789e975bf046a1a05ab2455c9d58d5,54,Work,ea6e07427f98460cbee88e9f9a393bc2,52,Work
3513,03/18/2020T09:30:00 ,2020-03-18,OW Water,"(4033053.181326103, 2934678.575774782)",1b772b2b51514279ad71632f9556a764,41,Work,645e281820ef4c09bb25e577bdf61302,51,Work
3513,03/18/2020T09:30:00 ,2020-03-18,OW ICT,"(4035155.2916662665, 2952573.727983958)",f0ddc2b09ea44bec8166f74456fab155,20,Work,ebd0cb5801dd400582d42777c0f0843c,57,Work
3513,03/18/2020T09:30:00 ,2020-03-18,OW ICT,"(4035155.2916662665, 2952573.727983958)",8a41502f07e94bf79859daebee46968e,43,Work,58a7bc9fbdb442a98604c216fc5d476e,35,Work
3513,03/18/2020T09:30:00 ,2020-03-18,OW Finance,"(4044087.0435225195, 2951850.7264003935)",5fd9f3994c0647f78da1613ca23216e6,40,Work,f0b724ad4b9145a5a214263a9346cbff,42,Work
3513,03/18/2020T09:30:00 ,2020-03-18,OW Finance,"(4044087.0435225195, 2951850.7264003935)",d7d45f2a289c4997a04640d79c8b5190,55,Work,8856d765c4c74f29bbe8570f497022ac,52,Work
3513,03/18/2020T09:30:00 ,2020-03-18,OW Finance,"(4044087.0435225195, 2951850.7264003935)",5f72537d59fc40b48d8139c52bd1dc1a,45,Work,8d74b82dfad64db0bcc018e34fd82146,44,Work
3513,03/18/2020T09:30:00 ,2020-03-18,OW Finance,"(4044087.0435225195, 2951850.7264003935)",fc8ff8837bbd4e35af4b8583f88c38b6,46,Work,5b057ea5538c4031a6215bc0b0c4ea5b,58,Work
3513,03/18/2020T09:30:00 ,2020-03-18,OW Administration,"(4037093.952595035, 2937035.4484564867)",a6d23e8488fe49298967ac291f723c2d,24,Work,c5372bee8fe847259f24f6e7c52d7562,50,Work
3514,03/18/2020T09:40:00 ,2020-03-18,OW Water,"(4033053.181326103, 2934678.575774782)",8c7dd66b3e7f4e43a05298ac127cfb3b,37,Work,d302ffca25584cb9beebda89f1b7cc44,55,Work
3514,03/18/2020T09:40:00 ,2020-03-18,OW Water,"(4033053.181326103, 2934678.575774782)",95ec12ae5c3743cd8119f372233b72d3,52,Work,4c24654b9001486581f3de72fbebd9f9,32,Work
3514,03/18/2020T09:40:00 ,2020-03-18,OW Finance,"(4044087.0435225195, 2951850.7264003935)",7b61ec98f2224aa0ad15667a593b5cfe,48,Work,4ae6fb97be004d21b7e292c83e5bc9d2,43,Work
3514,03/18/2020T09:40:00 ,2020-03-18,OW Finance,"(4044087.0435225195, 2951850.7264003935)",2467fe8b73134793939634b0818604e0,41,Work,533223430bc344f9b4e618fc5f8d9fe3,52,Work
3514,03/18/2020T09:40:00 ,2020-03-18,OW Finance,"(4041352.149863414, 2950118.0940126437)",078c2024ac094a78bb9056842e3299be,36,Work,4acc965d6a4a43c8bacf41b79801d4a0,33,Work
3514,03/18/2020T09:40:00 ,2020-03-18,Hospital,"(4058154.76725065, 2949603.507869995)",c9b91dad0c02470ab29b4fbc5e043230,61,Medical,a712d36e770a4d28aeafcf8a6c6e4aac,60,Work
3514,03/18/2020T09:40:00 ,2020-03-18,Hotel,"(4041905.981629138, 2953161.4380196705)",b9e6aaaae3674a9b8b6955921c5f8eeb,22,Work,33e345c79771465492188fd0c5610490,42,Work
3514,03/18/2020T09:40:00 ,2020-03-18,Secondary School,"(4035707.7409694637, 2940460.9147072453)",d37b1f3a4b9043bf88f8be4e680cf79a,19,School,8eeaa5b3c74c43099c5960343978730a,16,School
3515,03/18/2020T09:50:00 ,2020-03-18,OW Manufacturing,"(4044589.2608591686, 2961394.5677155103)",2af12c2bbc464dd98d96ec8d98070e1c,54,Work,51871d7a16b04dbf8d71b4a1f9aff7f2,25,Work
3515,03/18/2020T09:50:00 ,2020-03-18,OW Finance,"(4044087.0435225195, 2951850.7264003935)",ba0048e95197478cb4bd8fc69220fe8f,21,Work,4f8618c71a1b49edbc86ce9c818b52ab,56,Work
3515,03/18/2020T09:50:00 ,2020-03-18,OW Finance,"(4041352.149863414, 2950118.0940126437)",51841827750643f38283eb67b1d249e3,34,Work,31943707b5d340d4b397a64e9ff937aa,43,Work
3515,03/18/2020T09:50:00 ,2020-03-18,OW Finance,"(4041352.149863414, 2950118.0940126437)",db1cf12d93a7425e9dc92755c88b15ab,42,Work,a7e321af549c468fb08429e085395926,28,Work
3515,03/18/2020T09:50:00 ,2020-03-18,Hotel,"(4041905.981629138, 2953161.4380196705)",3759e9471c154b7a9c3c5834d681f889,49,Work,2f487dc2f31e49eca25ea203e9198032,57,Work
3515,03/18/2020T09:50:00 ,2020-03-18,Hotel,"(4041905.981629138, 2953161.4380196705)",e5cb505e8aad437287e1bf8ec5c75254,42,Work,2f487dc2f31e49eca25ea203e9198032,57,Work
3516,03/18/2020T10:00:00 ,2020-03-18,OW Water,"(4033053.181326103, 2934678.575774782)",509eebc327534c74a1273d09537704d5,57,Work,b2610b462b774bbe87d8b0c595209902,41,Work
3516,03/18/2020T10:00:00 ,2020-03-18,OW Water,"(4033053.181326103, 2934678.575774782)",1dd2a27950464edbb75af1ca93f8e8c9,40,Work,fb917ba6f0244973b9707cf20072ceee,42,Work
3516,03/18/2020T10:00:00 ,2020-03-18,OW ICT,"(4038999.912119822, 2950549.8623006986)",b417ae6124c04b75bab2dcd510c338e3,44,Work,db553053d0c8400891352e53ee52fd06,22,Work
3516,03/18/2020T10:00:00 ,2020-03-18,OW Finance,"(4041352.149863414, 2950118.0940126437)",77b036436be34d6fbab82998b8556a81,24,Work,75c0dcc55ea84b22aa7d566d81f6c4db,26,Work
3517,03/18/2020T10:10:00 ,2020-03-18,OW Water,"(4033053.181326103, 2934678.575774782)",0a444e45558e41469985496372958ac2,22,Work,e18e6537b6134634b4a095b4c7542019,49,Work
3517,03/18/2020T10:10:00 ,2020-03-18,OW Catering and Accommodation,"(4033016.8969621263, 2954392.4969770927)",235052c311714fc1a278b76e366cda1f,39,Work,6053910d9c9842cf8f11573ada68a4f7,32,Work
3517,03/18/2020T10:10:00 ,2020-03-18,OW ICT,"(4035155.2916662665, 2952573.727983958)",8f881ab2571641acbb8988d556f0a643,45,Work,d89eb2dd602f499086cbba98e024c457,46,Work
3517,03/18/2020T10:10:00 ,2020-03-18,OW ICT,"(4035155.2916662665, 2952573.727983958)",b4c0a8b111bb4ee5ae8dbef24e5fe37c,42,Work,891a5eadd0f444038deb68ebb802ad74,25,Work
3517,03/18/2020T10:10:00 ,2020-03-18,OW Finance,"(4041352.149863414, 2950118.0940126437)",d27d245df9d14adea1813c4bb1ca0aed,41,Work,f058f65785864dfebdc11101034efe2f,61,Work
3517,03/18/2020T10:10:00 ,2020-03-18,OW Finance,"(4041352.149863414, 2950118.0940126437)",ba539bc04ed74e6e8606369d6db9aab8,20,Work,aa03c1153a3d492b8e9c6bd78d619aca,40,Work
3518,03/18/2020T10:20:00 ,2020-03-18,OW Water,"(4033053.181326103, 2934678.575774782)",d0f91dd2cf5c407384c42b133bd75489,49,Work,c2b6c4b5ad2c4ddbb38c5cbbd07fff71,53,Work
3518,03/18/2020T10:20:00 ,2020-03-18,OW Finance,"(4044087.0435225195, 2951850.7264003935)",7a08cf5af4fe485ea75ea6758357aeff,25,Work,a099d90e47234e6a86a540466e8ac7bf,56,Work
3518,03/18/2020T10:20:00 ,2020-03-18,OW Technical,"(4039992.052727616, 2941584.7248215135)",34366dfde13d4861bec7ea61301aef7e,32,Work,1b29d92d66fe4b5b9518f0a146ec8c73,23,Work
3518,03/18/2020T10:20:00 ,2020-03-18,OW Administration,"(4045472.527405635, 2962359.638343042)",2642ee45593b4509b9cf8559f31dee6f,38,Work,c1efe256aa4c476ab3ec8b796d1f1c4c,56,Work
3519,03/18/2020T10:30:00 ,2020-03-18,OW ICT,"(4037590.5019678017, 2937612.471864226)",55add7bbef6d4938ad42c4f7737d3802,40,Work,012839e710bf4cbca9c27f896f53cd58,37,Work
3519,03/18/2020T10:30:00 ,2020-03-18,OW ICT,"(4035155.2916662665, 2952573.727983958)",2df2af31433b4ca09ce0cb7734f05b81,4,Work,58040904c1764aa39937d259ef71e79e,34,Work
3520,03/18/2020T10:40:00 ,2020-03-18,OW Water,"(4033053.181326103, 2934678.575774782)",bcb240e990544fb6906880d9d46ce89d,55,Work,4c24654b9001486581f3de72fbebd9f9,32,Work
3520,03/18/2020T10:40:00 ,2020-03-18,OW ICT,"(4035155.2916662665, 2952573.727983958)",2e9a8fb79f2c43c5970069c0146e574d,34,Work,631e0293aad04bee98f535a1bb7f8973,49,Work
3520,03/18/2020T10:40:00 ,2020-03-18,OW Finance,"(4044087.0435225195, 2951850.7264003935)",9d39a29d1f5a4538a88b59c838ac7dcb,31,Work,c21d7bd1b8a542949d84fe3e179c0aa1,40,Work
3521,03/18/2020T10:50:00 ,2020-03-18,OW Manufacturing,"(4033152.122280112, 2937616.4047832955)",4bf16af66a4d4047a1e7e6e98d587a9c,36,Work,aa4e548b48d543928bc08a441cd1f0d2,22,Work
3521,03/18/2020T10:50:00 ,2020-03-18,OW Trade,"(4041006.318470242, 2950430.7633326626)",f1aed24161bf4f8b8200e6c4b29f8392,39,Work,ce533f7d99194f87a03a4ac09077162a,39,Work
3521,03/18/2020T10:50:00 ,2020-03-18,OW ICT,"(4035155.2916662665, 2952573.727983958)",b27f9e9cf5bd45e99d78fba2c3868de6,33,Work,f1aeb679e1fa48d4820fe53771d3eafb,50,Work
3521,03/18/2020T10:50:00 ,2020-03-18,OW Other Services,"(4039346.784244318, 2967518.610777714)",c0562dd9f9d34b50919c56828e57ff2d,39,Work,e988d6e8c10e4a33899cf5572d9ea706,48,Work
3521,03/18/2020T10:50:00 ,2020-03-18,House,"(4041060.6362470756, 2953944.2786118235)",4676557ce42b421f9e9516fb896e117b,4,House,df1dbfccb942420bbb964dd9dce8e4d7,28,Work
3522,03/18/2020T11:00:00 ,2020-03-18,OW Water,"(4033053.181326103, 2934678.575774782)",aa82c0f0575049c1a73893f5f754694c,49,Work,e412aa61580c470998a8246f663c78f3,35,Work
3522,03/18/2020T11:00:00 ,2020-03-18,OW Water,"(4033053.181326103, 2934678.575774782)",9e4c240dfd564159b0bdf26e13544a35,27,Work,7d949a569cea454bacdfc4c7b7844ed5,33,Work
3522,03/18/2020T11:00:00 ,2020-03-18,OW Catering and Accommodation,"(4033016.8969621263, 2954392.4969770927)",49139715564c43f0baeef7ec87e214b2,31,Work,9f05f6912fe84657a59c21e4e6044802,41,Work
3522,03/18/2020T11:00:00 ,2020-03-18,OW ICT,"(4035155.2916662665, 2952573.727983958)",7d9b35190d72489080e30b60e74b1b46,45,Work,dba10f197bb643b68e63b72f494fea23,52,Work
3522,03/18/2020T11:00:00 ,2020-03-18,OW ICT,"(4035155.2916662665, 2952573.727983958)",2d6fb6c574824238adf105db931c3aa2,20,Work,4e1ef058f9ba4499953601c18b9c1e5f,27,Work
3522,03/18/2020T11:00:00 ,2020-03-18,OW Finance,"(4044087.0435225195, 2951850.7264003935)",0d4695e0d03246a7a78c1ad92517c6e1,28,Work,535e45df6988425fa6cf8b197fcbda90,21,Work
3522,03/18/2020T11:00:00 ,2020-03-18,OW Technical,"(4031466.3386383117, 2955069.0080003496)",2645b78f7d8741d38e293edfd4b7d8fa,20,Work,32e27d3eb7c6444fbab6f15bed979065,55,Work
3522,03/18/2020T11:00:00 ,2020-03-18,OW Technical,"(4031466.3386383117, 2955069.0080003496)",d9c44699ccfb4428a1a467c21309f01e,23,Work,563f49815f6f4b89af1a9b114ee1796e,32,Work
3522,03/18/2020T11:00:00 ,2020-03-18,Hotel,"(4041905.981629138, 2953161.4380196705)",84720f7aca314487b123737325b2e319,20,Work,6fd46eadd8b648a2ab0c5160548bd1cd,50,Work
3522,03/18/2020T11:00:00 ,2020-03-18,Hotel,"(4041905.981629138, 2953161.4380196705)",e5c8ae0dada043a09b3b52b46c16322d,25,Work,40cf8b79d8f446bbba80860248aa25d8,35,Work
3523,03/18/2020T11:10:00 ,2020-03-18,OW Trade,"(4041006.318470242, 2950430.7633326626)",b1509a5a18ed4006bf9b444cb79a1e18,43,Work,ce533f7d99194f87a03a4ac09077162a,39,Work
3523,03/18/2020T11:10:00 ,2020-03-18,OW Finance,"(4044087.0435225195, 2951850.7264003935)",821d765f746b48079ba54ebdefdc9eaf,35,Work,55023a2f480748c68588041621555aef,62,Work
3523,03/18/2020T11:10:00 ,2020-03-18,OW Finance,"(4044087.0435225195, 2951850.7264003935)",0a3f65c1ada34c5cb682dbf4ae7ec0cd,36,Work,6715349208eb48a2b57b5c465ab6d0af,26,Work
3523,03/18/2020T11:10:00 ,2020-03-18,OW Finance,"(4041352.149863414, 2950118.0940126437)",f422d941298e40cb988e4997089d0a18,43,Work,3d167054c4c0468392856c090594a612,28,Work
3523,03/18/2020T11:10:00 ,2020-03-18,OW Finance,"(4041352.149863414, 2950118.0940126437)",4ce44e75f0d042e88f9933272721fb55,50,Work,75c0dcc55ea84b22aa7d566d81f6c4db,26,Work
3524,03/18/2020T11:20:00 ,2020-03-18,OW Water,"(4033053.181326103, 2934678.575774782)",8e5b79b915a74423ba761a232a0509f3,54,Work,bb9d7121da394062bfa178f5a9e3f5b1,37,Work
3524,03/18/2020T11:20:00 ,2020-03-18,OW Water,"(4033053.181326103, 2934678.575774782)",211dcb5c2d8a4a9a8324428194a8c273,55,Work,c2b6c4b5ad2c4ddbb38c5cbbd07fff71,53,Work
3524,03/18/2020T11:20:00 ,2020-03-18,OW ICT,"(4035155.2916662665, 2952573.727983958)",1dc0dbe0b01443fb877c78d5a82f65cd,53,Work,489ea7c42f114646943779bf118d4090,54,Work
3524,03/18/2020T11:20:00 ,2020-03-18,OW ICT,"(4035155.2916662665, 2952573.727983958)",c56210cbc4284dc196ad188e7a8f3154,64,Work,58040904c1764aa39937d259ef71e79e,34,Work
3524,03/18/2020T11:20:00 ,2020-03-18,OW ICT,"(4035155.2916662665, 2952573.727983958)",2f58c384bb23481f91492c46511ba081,24,Work,83e69b9519e0406aa3adaadfd56784f6,36,Work
3524,03/18/2020T11:20:00 ,2020-03-18,OW Finance,"(4044087.0435225195, 2951850.7264003935)",10378ac25fe54faf8010990c8f3959be,37,Work,fa0304e5cb774d34b48478cae8e2bb5d,27,Work
3524,03/18/2020T11:20:00 ,2020-03-18,Hospital,"(4026830.549424994, 2957052.0152650787)",1eaeb1ae8e8e43549e8f1e7102a28104,21,Work,5d1155fb1b9349a584f50a51d9fe760e,43,Work
3525,03/18/2020T11:30:00 ,2020-03-18,OW Water,"(4033053.181326103, 2934678.575774782)",27a4bac4d2c54c9fa66741b1090bbd55,38,Work,fc80e6a1a1c24b85be693e7c22dea21f,25,Work
3525,03/18/2020T11:30:00 ,2020-03-18,OW Finance,"(4044087.0435225195, 2951850.7264003935)",81e1b7619e4e42b6af2bccba1e44f139,46,Work,65106b2d9b7c486fb5ae9ad5fb533912,50,Work
3525,03/18/2020T11:30:00 ,2020-03-18,OW Finance,"(4041352.149863414, 2950118.0940126437)",6e0f4d39d20547778253f6393c5686c0,58,Work,4acc965d6a4a43c8bacf41b79801d4a0,33,Work
3525,03/18/2020T11:30:00 ,2020-03-18,OW Technical,"(4039992.052727616, 2941584.7248215135)",690b0faa275d45199ef3476b4b0f9662,30,Work,1b29d92d66fe4b5b9518f0a146ec8c73,23,Work
3525,03/18/2020T11:30:00 ,2020-03-18,OW Technical,"(4023737.821143527, 2943391.2975347084)",b6fd9a6683fe4894bb5a94b280a14c0d,32,Work,c8d4b0d5fb2648aeb310e98b55840198,51,Work
3526,03/18/2020T11:40:00 ,2020-03-18,OW Manufacturing,"(4040875.270315093, 2952828.771836656)",d9110fdea6424f9c920783381860a2b8,44,Work,14e0b65c84924be99779cf72e52195b8,36,Work
3526,03/18/2020T11:40:00 ,2020-03-18,OW Water,"(4033053.181326103, 2934678.575774782)",de2b580a9c5f4205b8da3ded2f6e265e,62,Work,02ee1110c41148aa9f7a546591af07e7,48,Work
3526,03/18/2020T11:40:00 ,2020-03-18,OW ICT,"(4035155.2916662665, 2952573.727983958)",e4238b56546141c69ef98e7346d4f10e,30,Work,a8cabd6035cc448d8ed25c6cd160c3b2,39,Work
3526,03/18/2020T11:40:00 ,2020-03-18,OW ICT,"(4035155.2916662665, 2952573.727983958)",7d0039ebc7314ee09c77f95d92a4aa49,50,Work,ff2b4d72296e419db1b0cb90ef879882,59,Work
3526,03/18/2020T11:40:00 ,2020-03-18,OW ICT,"(4035155.2916662665, 2952573.727983958)",7f86faffdcc14aaa99c49a89c124975b,46,Work,f1aeb679e1fa48d4820fe53771d3eafb,50,Work
3526,03/18/2020T11:40:00 ,2020-03-18,OW Finance,"(4044087.0435225195, 2951850.7264003935)",3c46bc5b85b54317bdef9ba3b38cbe62,55,Work,c21d7bd1b8a542949d84fe3e179c0aa1,40,Work
3526,03/18/2020T11:40:00 ,2020-03-18,OW Finance,"(4044087.0435225195, 2951850.7264003935)",3af6930342fd4a96bd40098d3f350ca7,56,Work,fe9fd62920bf4ec0a25cbbc5bec810a6,26,Work
3526,03/18/2020T11:40:00 ,2020-03-18,OW Finance,"(4023314.6408982556, 2946277.926834426)",45d62173161b4db1b326db9b576e112d,44,Work,7a200e3675d345f487c451185203d70c,25,Work
3526,03/18/2020T11:40:00 ,2020-03-18,OW Administration,"(4037093.952595035, 2937035.4484564867)",8cd3b947fc8e416db83da3cc287cfa6b,43,Work,2b66219d92de4d92bdad98ddd0735e4b,55,Work
3526,03/18/2020T11:40:00 ,2020-03-18,Shop,"(4061132.6588792657, 2950252.969120565)",056298ea9a8c46d8b9041e70ffce63b5,23,Work,19fef254c7f84751ad285749739cb9b7,38,Work
3526,03/18/2020T11:40:00 ,2020-03-18,Hospital,"(4058154.76725065, 2949603.507869995)",10a639d9d56e48249a23051c8e5f774e,34,Work,f98f177be6dd4122a5eeb7676edf763a,38,Work
3526,03/18/2020T11:40:00 ,2020-03-18,Hospital,"(4058154.76725065, 2949603.507869995)",4ae5599804f24f098672f38182e59176,38,Work,288c51bdd0464486acaa3537d4a46031,46,Work
3526,03/18/2020T11:40:00 ,2020-03-18,Hospital,"(4041018.9862266188, 2978524.81136002)",736bfaca93b64caf8387d672325025a2,64,Work,e6fd49a182fc43969169a5676243de82,93,House
3527,03/18/2020T11:50:00 ,2020-03-18,OW Water,"(4033053.181326103, 2934678.575774782)",4c036863a7f1487292814028df67144c,21,Work,fc80e6a1a1c24b85be693e7c22dea21f,25,Work
3527,03/18/2020T11:50:00 ,2020-03-18,OW Water,"(4033053.181326103, 2934678.575774782)",8bd665c3b87342fab46d964cfe299578,53,Work,182f93ca51634496ba501296d10b99d8,18,Work
3527,03/18/2020T11:50:00 ,2020-03-18,OW Catering and Accommodation,"(4033016.8969621263, 2954392.4969770927)",9504f2d0b827476189ceac21b3580628,56,Work,9f05f6912fe84657a59c21e4e6044802,41,Work
3527,03/18/2020T11:50:00 ,2020-03-18,OW ICT,"(4035155.2916662665, 2952573.727983958)",232218cdcad841df82d063a10ec858b9,55,Work,0cab4890cac84b04b3d8d86c97ff9a96,49,Work
3527,03/18/2020T11:50:00 ,2020-03-18,OW Finance,"(4044087.0435225195, 2951850.7264003935)",a72f56660719452ab88fda791f73ef37,59,Work,5b057ea5538c4031a6215bc0b0c4ea5b,58,Work
3527,03/18/2020T11:50:00 ,2020-03-18,OW Technical,"(4023737.821143527, 2943391.2975347084)",a9808335ea14430994656c66a7585323,26,Work,c8d4b0d5fb2648aeb310e98b55840198,51,Work
3527,03/18/2020T11:50:00 ,2020-03-18,Hotel,"(4041905.981629138, 2953161.4380196705)",035defd948d74b80a80c79a19f3d8f85,31,Work,4bd2254877dc4e98936a2d93f5c86210,38,Work
3528,03/18/2020T12:00:00 ,2020-03-18,OW Water,"(4033053.181326103, 2934678.575774782)",4a0895455c254d6b9e46dc6c4a5020cf,26,Work,c6fa4a6026ab4147b98d787ba15f4530,32,Work
3528,03/18/2020T12:00:00 ,2020-03-18,OW ICT,"(4035155.2916662665, 2952573.727983958)",bca194f6cbbc4abfb9c9d7fb9f84ef21,30,Work,441dbb57420f45d881bab445e3d1f731,55,Work
3528,03/18/2020T12:00:00 ,2020-03-18,OW Finance,"(4043045.810310856, 2946092.0994586684)",725525496a1b4098a29203670b797ef5,29,Work,aede4e9a8b604b9d9a9039fe10af90a7,41,Work
3528,03/18/2020T12:00:00 ,2020-03-18,OW Finance,"(4044087.0435225195, 2951850.7264003935)",efef24996d8840a498bad7342b4f2782,23,Work,fc206349875345c28b891b633c556f86,55,Work
3528,03/18/2020T12:00:00 ,2020-03-18,OW Finance,"(4050466.924897074, 2956653.180668299)",8f145e0a117d44bc9650d7e913c90556,28,Work,c3ae6e9df7f94813af092a6aac68f84b,27,Work
3528,03/18/2020T12:00:00 ,2020-03-18,OW Technical,"(4039992.052727616, 2941584.7248215135)",410bffd301444648b2dc0cd73814be42,24,Work,6021fa9e68b14655b49014c0934254c2,57,Work
3529,03/18/2020T12:10:00 ,2020-03-18,OW Catering and Accommodation,"(4033016.8969621263, 2954392.4969770927)",c5df794bd22f4900bdd715e3b093a9b5,59,Work,6053910d9c9842cf8f11573ada68a4f7,32,Work
3529,03/18/2020T12:10:00 ,2020-03-18,OW Finance,"(4044087.0435225195, 2951850.7264003935)",5b21a11e444e493cbb6d0c0e80797ba4,47,Work,69902fc0bb5a40aaa626776de5bd6482,48,Work
3529,03/18/2020T12:10:00 ,2020-03-18,Hospital,"(4058154.76725065, 2949603.507869995)",913a266573214751919c469063eea9c2,44,Work,427870d60252456cbf74d0f4de3f58b3,37,Work
3529,03/18/2020T12:10:00 ,2020-03-18,Hotel,"(4041905.981629138, 2953161.4380196705)",14e7b5481f7442d7ba7e4a59f1ed00d0,28,Work,ea546621a6bb404cad32db2fe252498f,47,Work
3530,03/18/2020T12:20:00 ,2020-03-18,OW ICT,"(4035155.2916662665, 2952573.727983958)",36a9c41d62574a918e8e99a64730d46d,40,Work,4e1ef058f9ba4499953601c18b9c1e5f,27,Work
3531,03/18/2020T12:30:00 ,2020-03-18,OW Water,"(4033053.181326103, 2934678.575774782)",bc2044b2ef3c4b368ade20da6dda820d,37,Work,e18e6537b6134634b4a095b4c7542019,49,Work
3531,03/18/2020T12:30:00 ,2020-03-18,OW Finance,"(4044087.0435225195, 2951850.7264003935)",cc801dce38a247b6b95732a8bef6d8ba,48,Work,31506f5bc89d45efba75650e10dd3bad,26,Work
3531,03/18/2020T12:30:00 ,2020-03-18,OW Finance,"(4023314.6408982556, 2946277.926834426)",bef6cea620844ccdbf74d2a5da9c7b41,55,Work,51725a80336447e7976155d7e66e5f42,59,Work
3531,03/18/2020T12:30:00 ,2020-03-18,OW Technical,"(4039992.052727616, 2941584.7248215135)",f2685c4a87e1495d9376bf58b550c177,41,Work,1f5020d6982a4dfab5d553d188d48b6c,47,Work
3531,03/18/2020T12:30:00 ,2020-03-18,OW Administration,"(4037093.952595035, 2937035.4484564867)",543b54c11b1d44db93d816ae646e3219,46,Work,888ddbf72fcc41a18dc5dfeb2e81359b,35,Work
3532,03/18/2020T12:40:00 ,2020-03-18,OW Water,"(4033053.181326103, 2934678.575774782)",f5591610c0554cd2be28cd209f527883,43,Work,7d949a569cea454bacdfc4c7b7844ed5,33,Work
3532,03/18/2020T12:40:00 ,2020-03-18,OW Water,"(4033053.181326103, 2934678.575774782)",b0ff69fe7bb64dd7a8d862be8becc420,20,Work,02ee1110c41148aa9f7a546591af07e7,48,Work
3532,03/18/2020T12:40:00 ,2020-03-18,OW Finance,"(4044087.0435225195, 2951850.7264003935)",7c3e6e7ff6cf4de9b412c326e1cb3cda,53,Work,e622976aa3954cce817d04c8cfac7995,34,Work
3532,03/18/2020T12:40:00 ,2020-03-18,Shop,"(4024791.1695219744, 2942344.5518175815)",08969f5c340d4569bce26f223490a943,51,Shop,f294d814cd4e457990dc733617253df0,52,Shop
3533,03/18/2020T12:50:00 ,2020-03-18,OW Water,"(4033053.181326103, 2934678.575774782)",79397f401eac4ac293326ac802f82c9b,48,Work,b2610b462b774bbe87d8b0c595209902,41,Work
3533,03/18/2020T12:50:00 ,2020-03-18,OW Water,"(4033053.181326103, 2934678.575774782)",b1d76158c9f14e0aae3f51d288a21691,37,Work,b34be45c7f1143a7b8e69b0426f3422e,50,Work
3533,03/18/2020T12:50:00 ,2020-03-18,OW ICT,"(4035155.2916662665, 2952573.727983958)",c3bec132c6f54f1bb3863f475fc4b2f7,44,Work,441dbb57420f45d881bab445e3d1f731,55,Work
3533,03/18/2020T12:50:00 ,2020-03-18,OW ICT,"(4035155.2916662665, 2952573.727983958)",4dead034d768450087b8d7c1a6430547,34,Work,ad2eb1779c104bcfa10fc827193d7064,29,Work
3533,03/18/2020T12:50:00 ,2020-03-18,OW Finance,"(4044087.0435225195, 2951850.7264003935)",a074267504724b66ad605d9571384362,38,Work,1ea140554fcd4d9d9a1312a338502d45,51,Work
3533,03/18/2020T12:50:00 ,2020-03-18,OW Finance,"(4041352.149863414, 2950118.0940126437)",ab1cf5dbf78d4d3cb8586f41a78a9a4d,31,Work,f058f65785864dfebdc11101034efe2f,61,Work
3534,03/18/2020T13:00:00 ,2020-03-18,OW Manufacturing,"(4068332.2126111374, 2961060.5823687455)",6a806fe63ac048fc84b587bdbbf45888,38,Work,43a03df4b83a472e86b4c9a6369bb4a4,44,Work
3534,03/18/2020T13:00:00 ,2020-03-18,OW Water,"(4033053.181326103, 2934678.575774782)",ab5cb3da08ef447ba57a8ac92ef2531f,30,Work,0a1ba013890d4b0599fe98f94e23a4c3,21,Work
3534,03/18/2020T13:00:00 ,2020-03-18,OW Finance,"(4044087.0435225195, 2951850.7264003935)",0b181b4b8e614be48f7e913656d475cf,39,Work,e340eeaafca74e73b9309e93f87eb3f9,30,Work
3534,03/18/2020T13:00:00 ,2020-03-18,OW Finance,"(4041352.149863414, 2950118.0940126437)",5f8b941b552842e8b8245dba3e9797ce,30,Work,c60ef61d4dd64af1a2d893bb7f734e6c,31,Work
3535,03/18/2020T13:10:00 ,2020-03-18,OW ICT,"(4035155.2916662665, 2952573.727983958)",deb6c62ad5c449e18e2c25ccc74e4060,46,Work,58a7bc9fbdb442a98604c216fc5d476e,35,Work
3535,03/18/2020T13:10:00 ,2020-03-18,OW Finance,"(4044087.0435225195, 2951850.7264003935)",0b6607640b0f45f8a49964056e201dc1,9,Work,e340eeaafca74e73b9309e93f87eb3f9,30,Work
3535,03/18/2020T13:10:00 ,2020-03-18,OW Finance,"(4041352.149863414, 2950118.0940126437)",44a3159a873b487e9dca185975e7bef0,59,Work,23fe06b61b014eca88388e9767b79fb1,33,Work
3535,03/18/2020T13:10:00 ,2020-03-18,OW Finance,"(4041352.149863414, 2950118.0940126437)",82535ac804294244aa4922f85ff57e00,50,Work,a7e321af549c468fb08429e085395926,28,Work
3535,03/18/2020T13:10:00 ,2020-03-18,Medical,"(4040550.810725588, 2950778.512874801)",81d96ece71f94903a330ff30b139f4e9,48,Work,85c2be372feb4ff0a3b9f52129a29535,66,Work
3536,03/18/2020T13:20:00 ,2020-03-18,OW Finance,"(4044087.0435225195, 2951850.7264003935)",92d0d1303eab4bc6ad80fd2b5354d45a,57,Work,b7f2276aa64f4172a1dee9a2c5646be7,21,Work
3536,03/18/2020T13:20:00 ,2020-03-18,OW Finance,"(4044087.0435225195, 2951850.7264003935)",9e8e4c397dac45a8b18312660618b9ca,39,Work,6aefa5a312004522a996bfdc163ce518,25,Work
3536,03/18/2020T13:20:00 ,2020-03-18,OW Finance,"(4041352.149863414, 2950118.0940126437)",8d5d83f2df6c4b34b7fada0dd97e1a3f,54,Work,ed674201939d4da393929cefe61c289b,30,Work
3536,03/18/2020T13:20:00 ,2020-03-18,OW Technical,"(4039992.052727616, 2941584.7248215135)",28ab050f75984dc593f8ebc23e258b6f,52,Work,1b29d92d66fe4b5b9518f0a146ec8c73,23,Work
3536,03/18/2020T13:20:00 ,2020-03-18,OW Technical,"(4039992.052727616, 2941584.7248215135)",5941e5a8cc2c4fa7bc2eedc2a8e38505,38,Work,1f5020d6982a4dfab5d553d188d48b6c,47,Work
3537,03/18/2020T13:30:00 ,2020-03-18,OW Water,"(4033053.181326103, 2934678.575774782)",b099b733c5a140f7be23df039537ae15,40,Work,0baa537c6e0b4cf39cb72ef3618f15c3,42,Work
3537,03/18/2020T13:30:00 ,2020-03-18,OW Finance,"(4044087.0435225195, 2951850.7264003935)",29e9af4b9505410eb63257732d8c0ccd,22,Work,96bf04e818e94da5ade433ee96349413,42,Work
3537,03/18/2020T13:30:00 ,2020-03-18,OW Finance,"(4041352.149863414, 2950118.0940126437)",6bb61ec293d3441d82f432c8668744c9,58,Work,a7e321af549c468fb08429e085395926,28,Work
3537,03/18/2020T13:30:00 ,2020-03-18,OW Finance,"(4041352.149863414, 2950118.0940126437)",ee3a1b281a6e4bb7a0fe8c5d6cad5901,62,Work,c60ef61d4dd64af1a2d893bb7f734e6c,31,Work
3537,03/18/2020T13:30:00 ,2020-03-18,OW Finance,"(4041352.149863414, 2950118.0940126437)",17e7138106114df6a774c08e8ab85748,52,Work,bf499e803b434a309597d816e09a45d3,50,Work
3538,03/18/2020T13:40:00 ,2020-03-18,OW Manufacturing,"(4068332.2126111374, 2961060.5823687455)",7d2e7fa4e9fa43e6aa6806ac6be31937,47,Work,ad5607ca142046a589560a4d51f90983,44,Work
3538,03/18/2020T13:40:00 ,2020-03-18,OW Water,"(4033053.181326103, 2934678.575774782)",88eee42785d34645850494783635b1e0,37,Work,9a37909c04f14beab42fe32da642ed3c,42,Work
3538,03/18/2020T13:40:00 ,2020-03-18,OW Trade,"(4041006.318470242, 2950430.7633326626)",b7876b5b969948a482a203f306afc088,57,Work,ce533f7d99194f87a03a4ac09077162a,39,Work
3538,03/18/2020T13:40:00 ,2020-03-18,OW ICT,"(4035155.2916662665, 2952573.727983958)",c2cf85cf1c8e4bd0814bc6942c15b6de,62,Work,ad2eb1779c104bcfa10fc827193d7064,29,Work
3538,03/18/2020T13:40:00 ,2020-03-18,OW ICT,"(4035155.2916662665, 2952573.727983958)",004460b47ed74b128d2f7370b9b59735,42,Work,891a5eadd0f444038deb68ebb802ad74,25,Work
3538,03/18/2020T13:40:00 ,2020-03-18,OW ICT,"(4035155.2916662665, 2952573.727983958)",45f7666dac9f4fe083fe6a3e36ee6de3,22,Work,891a5eadd0f444038deb68ebb802ad74,25,Work
3538,03/18/2020T13:40:00 ,2020-03-18,OW ICT,"(4035155.2916662665, 2952573.727983958)",c441fd3b1b0f464391a96975c0b6ad69,23,Work,0cab4890cac84b04b3d8d86c97ff9a96,49,Work
3538,03/18/2020T13:40:00 ,2020-03-18,OW ICT,"(4035155.2916662665, 2952573.727983958)",38e5992cc37c48b2b179b1a518dac0ba,59,Work,38cdd0e5ffd8465eb995e4198308a084,52,Work
3538,03/18/2020T13:40:00 ,2020-03-18,OW Finance,"(4044087.0435225195, 2951850.7264003935)",48854feb15584769b409f958ef722a26,58,Work,897eabeb1bcd49d3997c1189e13d895f,26,Work
3538,03/18/2020T13:40:00 ,2020-03-18,OW Finance,"(4041352.149863414, 2950118.0940126437)",172057076d8d4be389b41f7cb00eb508,43,Work,4acc965d6a4a43c8bacf41b79801d4a0,33,Work
3538,03/18/2020T13:40:00 ,2020-03-18,OW Finance,"(4041352.149863414, 2950118.0940126437)",dfeb51b38b4b4355972caa4b68c03aa2,67,Work,59097d02e34d4e65abe1c658114ac3d4,56,Work
3538,03/18/2020T13:40:00 ,2020-03-18,OW Technical,"(4039992.052727616, 2941584.7248215135)",ae56937cc5864f2da98510fde40f0b85,47,Work,1f5020d6982a4dfab5d553d188d48b6c,47,Work
3539,03/18/2020T13:50:00 ,2020-03-18,OW Water,"(4033053.181326103, 2934678.575774782)",0864d05ff9624044b13a7fe3199ee4b4,20,Work,0a1ba013890d4b0599fe98f94e23a4c3,21,Work
3539,03/18/2020T13:50:00 ,2020-03-18,OW ICT,"(4035155.2916662665, 2952573.727983958)",9f694510cb924e2f84bf23cb20fab218,54,Work,8272714f7aca4590aab6b73c4a1eea3c,46,Work
3539,03/18/2020T13:50:00 ,2020-03-18,OW Technical,"(4029200.3631112, 2939847.2296730066)",84f49e6dff6a4705b878fa20aa129a4c,34,Work,a20a9a6c09e0496d972bc7da8ee0c140,28,Work
3539,03/18/2020T13:50:00 ,2020-03-18,Hospital,"(4041018.9862266188, 2978524.81136002)",5fdb48093e1d478696dae359ad23570b,41,Work,837fb125e4d34851b11a522b58389d18,52,Work
3540,03/18/2020T14:00:00 ,2020-03-18,Care Home,"(4040157.0735851885, 2957292.780931754)",b83b5d29f87f46e699b334b32989e2be,95,House,f2e935b90c6247408cdf89196bb855f6,53,Work
3540,03/18/2020T14:00:00 ,2020-03-18,OW ICT,"(4035155.2916662665, 2952573.727983958)",7c4f36c6bac44c269b4287d236ae17cf,49,Work,34919c72d7ba4aa1917967d0c504e614,55,Work
3540,03/18/2020T14:00:00 ,2020-03-18,OW ICT,"(4035155.2916662665, 2952573.727983958)",63ba987e376448698ef6c8d42c5b854a,32,Work,83e69b9519e0406aa3adaadfd56784f6,36,Work
3540,03/18/2020T14:00:00 ,2020-03-18,OW Finance,"(4044087.0435225195, 2951850.7264003935)",974f3bee4302425ca6cba4a3f3648e23,62,Work,96bf04e818e94da5ade433ee96349413,42,Work
3540,03/18/2020T14:00:00 ,2020-03-18,OW Finance,"(4044087.0435225195, 2951850.7264003935)",cfe79d01b52443feaf2713c66c18ef70,25,Work,c70136f4a58949f0a16cc2bc41447bcb,19,Work
3540,03/18/2020T14:00:00 ,2020-03-18,Hotel,"(4041905.981629138, 2953161.4380196705)",e8c7abe3dd8c4ee89ce8518183066b43,50,Work,5d5565b00e0a489bb4eb3a92368c8260,58,Work
3541,03/18/2020T14:10:00 ,2020-03-18,OW Manufacturing,"(4068332.2126111374, 2961060.5823687455)",ba0c5dc5296e4e6fa201cc06ee140487,46,Work,b6900439481c49d0b2f4067020366545,64,Work
3541,03/18/2020T14:10:00 ,2020-03-18,OW Finance,"(4044087.0435225195, 2951850.7264003935)",d4b8ecc7496847bd8b5ff48d9f3bfa3f,56,Work,4ef4f8209198429f9eb3cdfadbc38f96,41,Work
3541,03/18/2020T14:10:00 ,2020-03-18,OW Finance,"(4041352.149863414, 2950118.0940126437)",e58bf2502bfd45b58578f5c5870b83ac,54,Work,c60ef61d4dd64af1a2d893bb7f734e6c,31,Work
3541,03/18/2020T14:10:00 ,2020-03-18,OW Finance,"(4041352.149863414, 2950118.0940126437)",dbdd07a37a2849aaae3c967f9a2d2c71,25,Work,b1bba77e0e9b43e5a09fc0389d174d17,26,Work
3542,03/18/2020T14:20:00 ,2020-03-18,OW Water,"(4033053.181326103, 2934678.575774782)",a962569cad17411b88f6068e8793d090,49,Work,96a85e5538c0493cbc5398faf80d0d83,44,Work
3542,03/18/2020T14:20:00 ,2020-03-18,OW Water,"(4033053.181326103, 2934678.575774782)",b727f17def4a49f98a61b1f097ae1363,20,Work,645e281820ef4c09bb25e577bdf61302,51,Work
3542,03/18/2020T14:20:00 ,2020-03-18,OW ICT,"(4035155.2916662665, 2952573.727983958)",f54daa4099794ee3b36b4a43ac6642d0,35,Work,34919c72d7ba4aa1917967d0c504e614,55,Work
3542,03/18/2020T14:20:00 ,2020-03-18,OW Finance,"(4044087.0435225195, 2951850.7264003935)",d31369f85d904a1a8be7a0df3818138c,50,Work,d5e6c186e4af4d2b962e7c9157a271b1,37,Work
3542,03/18/2020T14:20:00 ,2020-03-18,OW Finance,"(4044087.0435225195, 2951850.7264003935)",ab49745cd62141c1a02a7e09780ed304,32,Work,e340eeaafca74e73b9309e93f87eb3f9,30,Work
3542,03/18/2020T14:20:00 ,2020-03-18,OW Technical,"(4023737.821143527, 2943391.2975347084)",2f639b036d994017b1264bed57568dc8,24,Work,c8d4b0d5fb2648aeb310e98b55840198,51,Work
3542,03/18/2020T14:20:00 ,2020-03-18,Hospital,"(4058154.76725065, 2949603.507869995)",6dc982f238cf400aaa2241f383636ffe,19,Work,ee9593ec4b3b443588ed5323181db4ef,45,Restaurant
3542,03/18/2020T14:20:00 ,2020-03-18,Hotel,"(4041905.981629138, 2953161.4380196705)",a27ee57c47bd458fb31a39de191b4f27,40,Work,78699b3188ec4fa29c33276057bb07ee,20,Work
3543,03/18/2020T14:30:00 ,2020-03-18,OW Water,"(4033053.181326103, 2934678.575774782)",f264345fae0b4e33a0a0a7e2e5882b10,48,Work,aa5b083152824567bb4204520c6a832d,34,Work
3543,03/18/2020T14:30:00 ,2020-03-18,OW Catering and Accommodation,"(4033016.8969621263, 2954392.4969770927)",57e4809290ac4d9eb1e930eb1cede784,46,Work,9f05f6912fe84657a59c21e4e6044802,41,Work
3543,03/18/2020T14:30:00 ,2020-03-18,OW Finance,"(4044087.0435225195, 2951850.7264003935)",78adfcf69e85408f99922c651e09f9ec,55,Work,03b08548f71e4bcaa7308df48716d0c5,46,Work
3543,03/18/2020T14:30:00 ,2020-03-18,OW Finance,"(4041352.149863414, 2950118.0940126437)",158542c6172f4b9daa2db4e0b9794e40,33,Work,c60ef61d4dd64af1a2d893bb7f734e6c,31,Work
3543,03/18/2020T14:30:00 ,2020-03-18,OW Technical,"(4039992.052727616, 2941584.7248215135)",c8f01a5f93b74c3c9e455baddc75506a,21,Work,e729b2d3dd5d455c9e97d290156036c3,45,Work
3543,03/18/2020T14:30:00 ,2020-03-18,OW Technical,"(4023737.821143527, 2943391.2975347084)",0be5f56ac9eb4764b1832163d6073ce1,54,Work,c8d4b0d5fb2648aeb310e98b55840198,51,Work
3543,03/18/2020T14:30:00 ,2020-03-18,OW Administration,"(4037093.952595035, 2937035.4484564867)",5b00d63616fe49c3afa479898159a303,29,Work,ba441e3fa86347b68915ad4ae21e6b0e,42,Work
3543,03/18/2020T14:30:00 ,2020-03-18,Hospital,"(4041018.9862266188, 2978524.81136002)",58c10b07cd9a45c8ae937528b470fe56,36,Work,e6fd49a182fc43969169a5676243de82,93,House
3543,03/18/2020T14:30:00 ,2020-03-18,Hotel,"(4041905.981629138, 2953161.4380196705)",5b2a2362d6fb42469113559145039d61,53,Work,5d5565b00e0a489bb4eb3a92368c8260,58,Work
3544,03/18/2020T14:40:00 ,2020-03-18,OW Water,"(4033053.181326103, 2934678.575774782)",7befb5691d3d4fde974c7619adf010e4,38,Work,9a37909c04f14beab42fe32da642ed3c,42,Work
3544,03/18/2020T14:40:00 ,2020-03-18,OW Transport,"(4039385.8012878024, 2979458.8174780845)",33b7a439dca34925929072f0f582f2ff,29,Work,cd9de3f3e36b498ab036941f52b75a84,46,Work
3544,03/18/2020T14:40:00 ,2020-03-18,OW ICT,"(4035155.2916662665, 2952573.727983958)",abc2548e0dc848949ded0c48b10e20e3,35,Work,e6f1e912c454412fb0300fd109be0443,62,Work
3544,03/18/2020T14:40:00 ,2020-03-18,OW Finance,"(4044087.0435225195, 2951850.7264003935)",816799f2d9bc47c29dfb3d4213fede8d,21,Work,ee5d259ed7ff4265a2d66032cf55fcac,20,Work
3545,03/18/2020T14:50:00 ,2020-03-18,OW Manufacturing,"(4033152.122280112, 2937616.4047832955)",01f191ea23b54d2aba44036f301d83c7,53,Work,d458e87a104249a3b588b85949c7e2a2,60,Work
3545,03/18/2020T14:50:00 ,2020-03-18,OW ICT,"(4035155.2916662665, 2952573.727983958)",123c7e3f15944caba4380c77cea31ed1,41,Work,0cab4890cac84b04b3d8d86c97ff9a96,49,Work
3545,03/18/2020T14:50:00 ,2020-03-18,OW Finance,"(4044087.0435225195, 2951850.7264003935)",799bd4c92e3347a79665046733be8e02,33,Work,b0af973b1e344b2aa16b6fd4cc2d5a14,46,Work
3545,03/18/2020T14:50:00 ,2020-03-18,OW Finance,"(4044087.0435225195, 2951850.7264003935)",2e54f02d2cf145839020bf4424cf2c57,37,Work,405bba06315c456585b717e88b6add4d,32,Work
3546,03/18/2020T15:00:00 ,2020-03-18,OW Manufacturing,"(4040875.270315093, 2952828.771836656)",519b0214eeab4c718a9c9d3c79ae15a7,58,Work,14e0b65c84924be99779cf72e52195b8,36,Work
3546,03/18/2020T15:00:00 ,2020-03-18,OW ICT,"(4038999.912119822, 2950549.8623006986)",a27120321cea499ba2f37b4add9ea4ea,49,Work,db553053d0c8400891352e53ee52fd06,22,Work
3546,03/18/2020T15:00:00 ,2020-03-18,OW ICT,"(4035155.2916662665, 2952573.727983958)",230e2bcd38e644e4b7dd70c1da1c9540,44,Work,0cab4890cac84b04b3d8d86c97ff9a96,49,Work
3546,03/18/2020T15:00:00 ,2020-03-18,OW Finance,"(4044087.0435225195, 2951850.7264003935)",a4674bfa4fb94b1caa06da97d687b6f8,55,Work,94b888fe5b0a4647b4b469fc75f53b6a,39,Work
3546,03/18/2020T15:00:00 ,2020-03-18,OW Technical,"(4039992.052727616, 2941584.7248215135)",4b6d44b0564049e3b48db4aae86af50d,24,Work,1f5020d6982a4dfab5d553d188d48b6c,47,Work
3546,03/18/2020T15:00:00 ,2020-03-18,Hospital,"(4041018.9862266188, 2978524.81136002)",42145f259d5841edbcd2d2ffb4780618,41,Work,c451fe2077cc42a2abe341325721a3c5,95,House
3547,03/18/2020T15:10:00 ,2020-03-18,OW Water,"(4033053.181326103, 2934678.575774782)",3d1e0f95bd774bf7b4689c50c7c9073f,57,Work,0a1ba013890d4b0599fe98f94e23a4c3,21,Work
3547,03/18/2020T15:10:00 ,2020-03-18,OW Water,"(4033053.181326103, 2934678.575774782)",e99eb369417e43e9b26236183f68da01,52,Work,7e137b28cbe94164a9c80c53aeccdffc,63,Work
3547,03/18/2020T15:10:00 ,2020-03-18,OW Catering and Accommodation,"(4033016.8969621263, 2954392.4969770927)",c41bee4e251c404d930cbcd84cb88917,60,Work,9f05f6912fe84657a59c21e4e6044802,41,Work
3547,03/18/2020T15:10:00 ,2020-03-18,OW ICT,"(4035155.2916662665, 2952573.727983958)",d985cb6ddc304691851c170f87a2cc6d,20,Work,8272714f7aca4590aab6b73c4a1eea3c,46,Work
3547,03/18/2020T15:10:00 ,2020-03-18,OW Finance,"(4044087.0435225195, 2951850.7264003935)",974469bb0aac44159dce9d6756401dcb,18,Work,a3f56b0abeaf401b9eba4c32c05b03d6,42,Work
3547,03/18/2020T15:10:00 ,2020-03-18,Hospital,"(4026830.549424994, 2957052.0152650787)",7dff2e603d2e4ba68bef83bb1716ebc2,58,Medical,d9011cc32bfd4b65913f0a3ee9509896,56,Work
3548,03/18/2020T15:20:00 ,2020-03-18,OW Water,"(4033053.181326103, 2934678.575774782)",ce098565d43547cf87a49dbad6343a6b,29,Work,9a37909c04f14beab42fe32da642ed3c,42,Work
3548,03/18/2020T15:20:00 ,2020-03-18,OW ICT,"(4035155.2916662665, 2952573.727983958)",5d3cd200f9c249b48246be78cc252bba,40,Work,83e69b9519e0406aa3adaadfd56784f6,36,Work
3548,03/18/2020T15:20:00 ,2020-03-18,OW ICT,"(4035155.2916662665, 2952573.727983958)",c84d080d18964e958f44a68818ec8a04,19,Work,58040904c1764aa39937d259ef71e79e,34,Work
3548,03/18/2020T15:20:00 ,2020-03-18,OW Finance,"(4044087.0435225195, 2951850.7264003935)",5bad2cdaa3a74268bb6749f62e41dd90,48,Work,a3f56b0abeaf401b9eba4c32c05b03d6,42,Work
3548,03/18/2020T15:20:00 ,2020-03-18,OW Finance,"(4044087.0435225195, 2951850.7264003935)",ef481c65880541c2ae5709bce99e094a,51,Work,9946b6baa78a4ffca2ddbfd615b6bd4b,62,Work
3548,03/18/2020T15:20:00 ,2020-03-18,Shop,"(4026138.8109881002, 2945851.965113407)",86c33a5b11604b68a4fe372ad44c891a,73,Shop,e7b078e06dc0465b91156a02ba2a4f58,27,Work
3548,03/18/2020T15:20:00 ,2020-03-18,Hotel,"(4039845.6103672986, 2941449.460067877)",1794bb5cc21349eb89789dab0511567d,56,Work,5ef87201501c4d7699554ff00fad9ff1,49,Work
3549,03/18/2020T15:30:00 ,2020-03-18,Care Home,"(4040157.0735851885, 2957292.780931754)",b704f266f1d441dfa989dfb1cf944aae,36,Work,f2e935b90c6247408cdf89196bb855f6,53,Work
3549,03/18/2020T15:30:00 ,2020-03-18,OW Water,"(4033053.181326103, 2934678.575774782)",b526f719142c40aba155a352625b3f75,57,Work,f311afcd02914eb8b38cd6fc1428aa3b,58,Work
3549,03/18/2020T15:30:00 ,2020-03-18,OW Water,"(4033053.181326103, 2934678.575774782)",ea3b32f966e0477d830c75cac7ab7066,50,Work,0baa537c6e0b4cf39cb72ef3618f15c3,42,Work
3549,03/18/2020T15:30:00 ,2020-03-18,OW ICT,"(4035155.2916662665, 2952573.727983958)",4dda722cc973435c822281648b7c878d,31,Work,98e429fd9e264bc29b7e4e7cc8912de3,23,Work
3549,03/18/2020T15:30:00 ,2020-03-18,OW Finance,"(4041352.149863414, 2950118.0940126437)",1b789aa3fc6a43de9e7161a14db88c29,43,Work,5441a05dc91d48a9a87f1b276927a505,48,Work
3549,03/18/2020T15:30:00 ,2020-03-18,OW Technical,"(4029200.3631112, 2939847.2296730066)",dc28586206ef4696a68d1015b8f8a6f0,30,Work,a20a9a6c09e0496d972bc7da8ee0c140,28,Work
3550,03/18/2020T15:40:00 ,2020-03-18,OW Water,"(4033053.181326103, 2934678.575774782)",33cf278b7a04419390755379859d7f3d,24,Work,96a85e5538c0493cbc5398faf80d0d83,44,Work
3550,03/18/2020T15:40:00 ,2020-03-18,OW Water,"(4033053.181326103, 2934678.575774782)",fa35f2fcf0754a0596ea93fc8ac6e8bd,37,Work,aa5b083152824567bb4204520c6a832d,34,Work
3550,03/18/2020T15:40:00 ,2020-03-18,OW Transport,"(4039385.8012878024, 2979458.8174780845)",6996e48936fb4e2399ca7b66a4161503,23,Work,cd9de3f3e36b498ab036941f52b75a84,46,Work
3550,03/18/2020T15:40:00 ,2020-03-18,OW ICT,"(4035155.2916662665, 2952573.727983958)",40f63301b1c7487a85f9723f9a4d05e1,61,Work,8caf253318f84638af5701077de5599f,52,Work
3550,03/18/2020T15:40:00 ,2020-03-18,OW ICT,"(4035155.2916662665, 2952573.727983958)",4d1fa527b3054e92876cecf9a63fd763,33,Work,509e95fc034b4b15b8fe67a58729a248,28,Work
3550,03/18/2020T15:40:00 ,2020-03-18,OW Finance,"(4044087.0435225195, 2951850.7264003935)",c60641dcb0704e6d9bc0f64e710921bd,46,Work,571f4ed0823a47a09f68f4aaff6b8825,36,Work
3550,03/18/2020T15:40:00 ,2020-03-18,OW Finance,"(4041352.149863414, 2950118.0940126437)",114bd7bef31f4fd58298e3f8618c0ed2,37,Work,75c0dcc55ea84b22aa7d566d81f6c4db,26,Work
3550,03/18/2020T15:40:00 ,2020-03-18,OW Technical,"(4039992.052727616, 2941584.7248215135)",7d3d9d2e6cc94f7898318b609ed45ffb,51,Work,e729b2d3dd5d455c9e97d290156036c3,45,Work
3550,03/18/2020T15:40:00 ,2020-03-18,Hospital,"(4041018.9862266188, 2978524.81136002)",03aa14b3c1fb40e6b42c9ebd309d8338,48,Work,51c67e097f134b0189d403334ad1e3eb,95,House
3551,03/18/2020T15:50:00 ,2020-03-18,OW Water,"(4033053.181326103, 2934678.575774782)",578882dc07b44d26b1c25ffdb8cc64be,51,Work,b2610b462b774bbe87d8b0c595209902,41,Work
3551,03/18/2020T15:50:00 ,2020-03-18,OW Finance,"(4044087.0435225195, 2951850.7264003935)",0028bc506dfe4dc5af73d2ac49359006,53,Work,83172117147d4944addf6579fe985f87,50,Work
3551,03/18/2020T15:50:00 ,2020-03-18,OW Finance,"(4041352.149863414, 2950118.0940126437)",d8bec27becaf4b7a827287cfdaa9535d,29,Work,59097d02e34d4e65abe1c658114ac3d4,56,Work
3552,03/18/2020T16:00:00 ,2020-03-18,OW Trade,"(4030941.194660065, 2946344.565630406)",607d647a282b4e7d8780f2ae0e4e86e2,36,Work,eebc97ac56974906bd650d957565d750,43,Work
3552,03/18/2020T16:00:00 ,2020-03-18,OW Trade,"(4022745.576143117, 2946147.262034803)",dd21458c95cf44b2a1cc1f49045d4f77,50,Work,37f3b373812d43089b2629f3906a8e33,26,Work
3552,03/18/2020T16:00:00 ,2020-03-18,OW ICT,"(4035155.2916662665, 2952573.727983958)",43d24241001845c6b9b1c90e289361f3,49,Work,631e0293aad04bee98f535a1bb7f8973,49,Work
3552,03/18/2020T16:00:00 ,2020-03-18,OW ICT,"(4035155.2916662665, 2952573.727983958)",3946f3fa8d0f43da8d45e1949422b035,60,Work,d89eb2dd602f499086cbba98e024c457,46,Work
3552,03/18/2020T16:00:00 ,2020-03-18,OW ICT,"(4035155.2916662665, 2952573.727983958)",a81f2b696b7648e5903dabb10cdab6de,35,Work,8caf253318f84638af5701077de5599f,52,Work
3552,03/18/2020T16:00:00 ,2020-03-18,OW Finance,"(4044087.0435225195, 2951850.7264003935)",a266045e6f7342888625dc4d4baf058b,41,Work,8df4adaec849488f892711fa37b0c9af,59,Work
3552,03/18/2020T16:00:00 ,2020-03-18,OW Finance,"(4044087.0435225195, 2951850.7264003935)",ce63cda800ca414e8128ded56e698c2e,30,Work,b7f2276aa64f4172a1dee9a2c5646be7,21,Work
3552,03/18/2020T16:00:00 ,2020-03-18,OW Finance,"(4044087.0435225195, 2951850.7264003935)",b4665989b59440cdabe349849521ad6d,52,Work,c5120decfad847a7b10576d59cb6f3b5,18,Work
3552,03/18/2020T16:00:00 ,2020-03-18,OW Finance,"(4041352.149863414, 2950118.0940126437)",b083ea3d407d405daed9dcaf1336ba27,40,Work,c60ef61d4dd64af1a2d893bb7f734e6c,31,Work
3552,03/18/2020T16:00:00 ,2020-03-18,OW Finance,"(4041352.149863414, 2950118.0940126437)",8892d4dd28ba45f3a207ec24bf537937,37,Work,31943707b5d340d4b397a64e9ff937aa,43,Work
3552,03/18/2020T16:00:00 ,2020-03-18,OW Administration,"(4045472.527405635, 2962359.638343042)",10e47719f4544bb28afc3d8c393e3b8d,30,Work,c1efe256aa4c476ab3ec8b796d1f1c4c,56,Work
3553,03/18/2020T16:10:00 ,2020-03-18,OW ICT,"(4035155.2916662665, 2952573.727983958)",8a4668d3f8c64cab8f83a6ed09c1cf0d,57,Work,a8cabd6035cc448d8ed25c6cd160c3b2,39,Work
3553,03/18/2020T16:10:00 ,2020-03-18,OW Finance,"(4044087.0435225195, 2951850.7264003935)",31d93f23508f4d05894d5ac5574050d9,69,Work,8df4adaec849488f892711fa37b0c9af,59,Work
3553,03/18/2020T16:10:00 ,2020-03-18,OW Finance,"(4041352.149863414, 2950118.0940126437)",f9608053f2244c378ce4eabe89fbd796,24,Work,a042302d5eb143e08aeee53af7f7ec58,41,Work
3553,03/18/2020T16:10:00 ,2020-03-18,OW Technical,"(4039992.052727616, 2941584.7248215135)",617f13dcd27c46a0b2fc20ca5f68a760,20,Work,6021fa9e68b14655b49014c0934254c2,57,Work
3554,03/18/2020T16:20:00 ,2020-03-18,OW Manufacturing,"(4044589.2608591686, 2961394.5677155103)",0292684baf04410486c93f680f66040f,26,Work,51871d7a16b04dbf8d71b4a1f9aff7f2,25,Work
3554,03/18/2020T16:20:00 ,2020-03-18,OW Manufacturing,"(4033152.122280112, 2937616.4047832955)",e560424c619b4e3ca9ee5af4dcdde6f5,54,Work,f432684e45ec44458edfd6d37e1cf03b,44,Work
3554,03/18/2020T16:20:00 ,2020-03-18,OW Finance,"(4044087.0435225195, 2951850.7264003935)",1d0ff85e35d14126a95120ba977457bf,56,Work,c21d7bd1b8a542949d84fe3e179c0aa1,40,Work
3554,03/18/2020T16:20:00 ,2020-03-18,OW Technical,"(4031466.3386383117, 2955069.0080003496)",cf5fb9eb1f914d61bcb86942bd6ba9a8,37,Work,d7e05f085b974f9eb5590a0b34e6e463,37,Work
3555,03/18/2020T16:30:00 ,2020-03-18,OW Water,"(4033053.181326103, 2934678.575774782)",400c965d2b624667986281360c48d7e7,49,Work,fb917ba6f0244973b9707cf20072ceee,42,Work
3555,03/18/2020T16:30:00 ,2020-03-18,OW Catering and Accommodation,"(4033016.8969621263, 2954392.4969770927)",92527ad2009e4c8cafe0bdf8e67640ef,51,Work,50b31ece5b7f4b7680ef3804f1bd35bf,58,Work
3555,03/18/2020T16:30:00 ,2020-03-18,OW ICT,"(4035155.2916662665, 2952573.727983958)",5d4babf5b24f43158b663a6fe6826b50,50,Work,8272714f7aca4590aab6b73c4a1eea3c,46,Work
3555,03/18/2020T16:30:00 ,2020-03-18,OW ICT,"(4035155.2916662665, 2952573.727983958)",f7718431781849fa90ab42168402e69e,32,Work,631e0293aad04bee98f535a1bb7f8973,49,Work
3555,03/18/2020T16:30:00 ,2020-03-18,OW Administration,"(4037093.952595035, 2937035.4484564867)",3ef2240f57bd45ff94453d74ed53e62e,24,Work,646b916b29a145888751458f02f4c157,30,Work
3555,03/18/2020T16:30:00 ,2020-03-18,Hospital,"(4058154.76725065, 2949603.507869995)",3f34f4129b4a435093f5ee101a8d6c53,57,Work,21c3a1bb8fdb46c1b043147edcb36abe,55,Work
3556,03/18/2020T16:40:00 ,2020-03-18,OW ICT,"(4035155.2916662665, 2952573.727983958)",310489e557e148b2b31aa8227c455636,20,Work,f1aeb679e1fa48d4820fe53771d3eafb,50,Work
3556,03/18/2020T16:40:00 ,2020-03-18,OW Technical,"(4029200.3631112, 2939847.2296730066)",05ff9752e3124dad9fc60254d98d0875,55,Work,a20a9a6c09e0496d972bc7da8ee0c140,28,Work
3557,03/18/2020T16:50:00 ,2020-03-18,OW Water,"(4033053.181326103, 2934678.575774782)",1345fb107a1c4ab0a8b503774df28b4a,32,Work,c2b6c4b5ad2c4ddbb38c5cbbd07fff71,53,Work
3557,03/18/2020T16:50:00 ,2020-03-18,OW ICT,"(4035155.2916662665, 2952573.727983958)",3e483b10c9214cf1aa3db44c41aae860,46,Work,ad2eb1779c104bcfa10fc827193d7064,29,Work
3557,03/18/2020T16:50:00 ,2020-03-18,OW Finance,"(4041352.149863414, 2950118.0940126437)",b6b52e8135be4bc5acb18e4942b4c719,53,Work,c60ef61d4dd64af1a2d893bb7f734e6c,31,Work
3557,03/18/2020T16:50:00 ,2020-03-18,OW Finance,"(4041352.149863414, 2950118.0940126437)",45480e2bcc06412eb6d6fc121531ab13,38,Work,23fe06b61b014eca88388e9767b79fb1,33,Work
3557,03/18/2020T16:50:00 ,2020-03-18,OW Technical,"(4023737.821143527, 2943391.2975347084)",f9a530d60b9a44e3b9aec799b408d13f,25,Work,c8d4b0d5fb2648aeb310e98b55840198,51,Work
3558,03/18/2020T17:00:00 ,2020-03-18,OW Finance,"(4044087.0435225195, 2951850.7264003935)",33751c0c312d411b8dc87042963a37f8,32,Work,f0b724ad4b9145a5a214263a9346cbff,42,Work
3558,03/18/2020T17:00:00 ,2020-03-18,OW Finance,"(4044087.0435225195, 2951850.7264003935)",39ea33dea8f04865b79dfaa8bb0e2bb4,19,Work,b1dfdfe3f24c480e8ce4b089f629f9dc,60,Work
3558,03/18/2020T17:00:00 ,2020-03-18,OW Finance,"(4044087.0435225195, 2951850.7264003935)",61aa37f63d834c1881c94e3068722752,36,Work,adb3654e6b5848b6b652440aca3a1af8,34,Work
3558,03/18/2020T17:00:00 ,2020-03-18,Hotel,"(4041905.981629138, 2953161.4380196705)",7433478c541b4414bf48fe6eba8738eb,48,Work,56e0510602f944d8be28287326c22eb2,63,Work
3558,03/18/2020T17:00:00 ,2020-03-18,Hotel,"(4041905.981629138, 2953161.4380196705)",2d81a36fae004a66be89ca72dc60002c,22,Work,a41a3c59096846d89737ce5e2ba203da,18,Work
3559,03/18/2020T17:10:00 ,2020-03-18,OW Water,"(4033053.181326103, 2934678.575774782)",8d25a8efa5db475fabf2457101a9eb22,34,Work,fe1025acbda2408087ff57fe90b176ce,18,Work
3559,03/18/2020T17:10:00 ,2020-03-18,OW ICT,"(4035155.2916662665, 2952573.727983958)",fd6f079f4d384ae8bea11d6cded374f7,40,Work,4e1ef058f9ba4499953601c18b9c1e5f,27,Work
3559,03/18/2020T17:10:00 ,2020-03-18,OW ICT,"(4035155.2916662665, 2952573.727983958)",1ec4b9eeb81046feae37fe0cfc205357,48,Work,891a5eadd0f444038deb68ebb802ad74,25,Work
3559,03/18/2020T17:10:00 ,2020-03-18,OW Finance,"(4044087.0435225195, 2951850.7264003935)",7b2e21a175d0409c810cf2407c4794d8,51,Work,9b822c605bf74837a557afd400159654,47,Work
3559,03/18/2020T17:10:00 ,2020-03-18,OW Finance,"(4041352.149863414, 2950118.0940126437)",daad6355db31402696b0b63b80512353,49,Work,aa03c1153a3d492b8e9c6bd78d619aca,40,Work
3559,03/18/2020T17:10:00 ,2020-03-18,OW Technical,"(4031466.3386383117, 2955069.0080003496)",9bef44383eff4af9b35b77ec625b2a09,37,Work,32e27d3eb7c6444fbab6f15bed979065,55,Work
3560,03/18/2020T17:20:00 ,2020-03-18,OW Finance,"(4044087.0435225195, 2951850.7264003935)",b09bd7e884a342cca6e5b1e0c440b801,40,Work,07c870bdf4d148389a669d9efbbc5a89,32,Work
3561,03/18/2020T17:30:00 ,2020-03-18,Public Transport,"(4032230.29270544, 2945949.1744052693)",6c83b84114894043a45dff4279bb32a0,59,Public Transport,f78067769edb4fe79f27dd1cbbb2e4e6,3,Public Transport
3563,03/18/2020T17:50:00 ,2020-03-18,Secondary School,"(4045969.233886082, 2943140.9300204823)",9280a088fdce4751975d9346696b94af,28,School,ab34f67c0e92400688a253b53ae4c3e2,25,School
3564,03/18/2020T18:00:00 ,2020-03-18,Public Transport,"(4041910.6333625503, 2957927.4282617383)",c4b6ff418b814edb923382e3c8843bad,3,Public Transport,85c2be372feb4ff0a3b9f52129a29535,66,Public Transport
3570,03/18/2020T19:00:00 ,2020-03-18,House,"(4045910.1959251077, 2940219.625599212)",d0d8d4c67f3f4d348301960aeefb29f1,13,House,e4f51b8ab5c5454493488a41f01e55d7,31,House
3571,03/18/2020T19:10:00 ,2020-03-18,OW Finance,"(4041352.149863414, 2950118.0940126437)",5d5a14e8637749048bf1254debd98942,45,Work,5441a05dc91d48a9a87f1b276927a505,48,Work
3579,03/18/2020T20:30:00 ,2020-03-18,House,"(4039174.2657340514, 2951520.094723758)",63c5e5f400a84ef4adc200bf2e05027e,41,House,012839e710bf4cbca9c27f896f53cd58,37,House
3579,03/18/2020T20:30:00 ,2020-03-18,House,"(4039513.712998309, 2951266.5157274525)",8d44a9ba67494697b6d4cb65357cac3b,7,House,cd35db7badd94330a8f2bb51fa999947,54,House
3580,03/18/2020T20:40:00 ,2020-03-18,House,"(4029725.39227664, 2939619.871058223)",5399179405654b51a14e17daaf113d17,30,House,85b522260e0b486b9fbf8c1eab2f0e82,22,House
3592,03/18/2020T22:40:00 ,2020-03-18,House,"(4029202.0746051264, 2970370.1228543664)",8bea1696a9374000ae9e4aa472fa0a19,57,House,9451722570b44acd8460835b045f4cfb,59,House
3602,03/19/2020T00:20:00 ,2020-03-19,House,"(4025410.7668905696, 2947232.0135613782)",895ae307eeb34734b30f85aafd29eac0,21,House,eebc97ac56974906bd650d957565d750,43,House
3602,03/19/2020T00:20:00 ,2020-03-19,House,"(4037154.3704295843, 2937625.470376781)",62a6617da3e8495089630f0ba4c96261,24,House,858e67db40774960a7fcf0b624aa0388,63,House
3602,03/19/2020T00:20:00 ,2020-03-19,House,"(4041290.3606431624, 2959372.965520736)",f90f0603ef52463895d6df1e85815fb5,15,House,4f8618c71a1b49edbc86ce9c818b52ab,56,House
3605,03/19/2020T00:50:00 ,2020-03-19,House,"(4042453.0824250425, 2943508.4593666997)",d1e506b3366e4081a541465ce0209bee,56,House,98d446d3720b4b5f8ce91b5beeba9642,25,House
3606,03/19/2020T01:00:00 ,2020-03-19,House,"(4039963.100455224, 2952394.078703297)",82fcc49110aa462a9cbbe725eaecdd32,2,House,91111cbb6f3646d994d5bf28bb10f494,3,House
3615,03/19/2020T02:30:00 ,2020-03-19,House,"(4043147.4939157646, 2951671.659351914)",65d142a07d944b9ea65e982ae32a2692,34,House,1ea140554fcd4d9d9a1312a338502d45,51,House
3622,03/19/2020T03:40:00 ,2020-03-19,House,"(4041421.138505533, 2949878.711393245)",36c0eb61e2ea456b89eee13eebd8c32d,45,House,94340278acb0420aac2009fe50d07105,34,House
3623,03/19/2020T03:50:00 ,2020-03-19,Hospital,"(4041018.9862266188, 2978524.81136002)",0cefc200c5c645b19135330892ef3d8f,35,Work,0781aaa553664e4b85d158694868d73c,2,House
3633,03/19/2020T05:30:00 ,2020-03-19,House,"(4041020.108076136, 2959141.8862388465)",0771358af5fd4283956f41ae56867f24,48,Work,33240891e32f4b2098ab8433b8a993ba,41,House
3637,03/19/2020T06:10:00 ,2020-03-19,Public Transport,"(4044172.7681394345, 2979541.080502723)",5560331ee2a14ca9a9e33951f76674ae,33,Public Transport,c667e8d01a8e4e5da2d483e8c365f624,39,Public Transport
3641,03/19/2020T06:50:00 ,2020-03-19,House,"(4042497.2834698674, 2947074.968635065)",ed581bc4f09a40a6a70e13d277c2cfe5,14,House,acb2d597bbc74e8bb52e26def9224c44,25,House
3647,03/19/2020T07:50:00 ,2020-03-19,Public Transport,"(4021368.5168707464, 2946442.3764788667)",15562719712e421783097056bb7587af,7,Public Transport,04afb7c48c8b4cb7b7634b4cd0a27604,36,Public Transport
3648,03/19/2020T08:00:00 ,2020-03-19,Hotel,"(4041905.981629138, 2953161.4380196705)",6ef74d28f7a24d3e9c1ed8a0a4aaff2b,52,Work,52b6408448a0422d8ae638e17fe0ad45,55,Work
3651,03/19/2020T08:30:00 ,2020-03-19,Secondary School,"(4039217.2555629266, 2951517.9840602893)",3d561fa7313840178f76b21682e03bf3,17,School,f60c243cca844ed9809b95b5e9d93a4b,34,School
3652,03/19/2020T08:40:00 ,2020-03-19,Hospital,"(4058154.76725065, 2949603.507869995)",7598a6af866145c08cc9f2066334bab8,45,Work,6f0f47602bb04ff897135ac2f8357a79,46,Work
3653,03/19/2020T08:50:00 ,2020-03-19,House,"(4030293.106369806, 2944295.874582395)",3171b8f719d940a99a0fca0e06dba4aa,50,Work,8de14e9630f44cdebddad976c546ad31,38,Work
3655,03/19/2020T09:10:00 ,2020-03-19,Hotel,"(4041905.981629138, 2953161.4380196705)",84e03331f8cf4e29b70f885561da2fcb,56,Work,56e0510602f944d8be28287326c22eb2,63,Work
3655,03/19/2020T09:10:00 ,2020-03-19,House,"(4041179.971181909, 2955446.208639238)",0c2aee4052bc4cc8916b69d177abf744,20,Work,09662cf27300427fbf9cd9f2ada1f2c8,39,Work
3655,03/19/2020T09:10:00 ,2020-03-19,Secondary School,"(4039217.2555629266, 2951517.9840602893)",33b0fc59273b4398b1247e14fa11736c,14,School,cf22c3e031c24cd9a65bad9289837dc5,18,School
3656,03/19/2020T09:20:00 ,2020-03-19,Secondary School,"(4023176.1497836937, 2946646.060237015)",b30f0c3f405b41c796a868f7e2b8bfc0,15,School,29ec926541584622873c0009818680e4,12,School
3658,03/19/2020T09:40:00 ,2020-03-19,Hotel,"(4041905.981629138, 2953161.4380196705)",1ad01cdaaf8746d0bcd4a0098290011f,57,Work,5d5565b00e0a489bb4eb3a92368c8260,58,Work
3658,03/19/2020T09:40:00 ,2020-03-19,House,"(4042113.200887966, 2949653.5180663196)",b57aac0ee137459cb9c8c6e7b3ce6c6e,41,House,1d8ea96408094afeb4b9fd3892dafa13,27,Work
3659,03/19/2020T09:50:00 ,2020-03-19,Hotel,"(4041905.981629138, 2953161.4380196705)",788fd01b0a3941f5b65fdb86e2da0d56,36,Work,de6b0d9efaeb473ba07f42382f9ea771,30,Work
3659,03/19/2020T09:50:00 ,2020-03-19,House,"(4043536.0520347287, 2952975.6726566674)",400453d1601c4f05b0ae641b0a9d812d,38,Work,74dc3e46810944bf9a12d955525976e7,13,House
3661,03/19/2020T10:10:00 ,2020-03-19,Hotel,"(4041905.981629138, 2953161.4380196705)",4291a539965345789d2940029e6815c4,41,Work,3d0b1932a5e54486b060b8560d926cc0,41,Work
3663,03/19/2020T10:30:00 ,2020-03-19,House,"(4026752.7468884503, 2958376.2526509617)",556534de70f845ffb826f40b55afb893,11,School,216211b6cc7946059beb7f4ad66d6e25,54,Work
3663,03/19/2020T10:30:00 ,2020-03-19,House,"(4028646.072283816, 2942512.4227029434)",8e643f841d584646aac4259bb2010a62,63,House,3964de3456a543009b01adab33822058,48,Work
3665,03/19/2020T10:50:00 ,2020-03-19,Hotel,"(4041905.981629138, 2953161.4380196705)",e24d86b2130e4c5aaeef5d1da1474545,22,Work,53a84a6866954aa7b2b461f3ece67210,43,Work
3666,03/19/2020T11:00:00 ,2020-03-19,Hotel,"(4041905.981629138, 2953161.4380196705)",92d4b34a9fb042c7820685d9553fe407,44,Work,38399f142b0b46378f643ede6c82527a,32,Work
3668,03/19/2020T11:20:00 ,2020-03-19,Shop,"(4041394.0455010775, 2944086.237169109)",be4a231e1e6a49b88d84b5bda4680ce1,45,Work,d4cac92c49e64066a607aa268e2b246e,40,Work
3668,03/19/2020T11:20:00 ,2020-03-19,Hospital,"(4058154.76725065, 2949603.507869995)",3a11f72562d14790a84ff3b4ea8df777,33,Work,f0a9c1f2974640e9a38c8825e9492930,64,Work
3668,03/19/2020T11:20:00 ,2020-03-19,Hospital,"(4058154.76725065, 2949603.507869995)",19c467badd4740c18aa5e5ca3ce63f73,33,Work,34677692e3184cf1a91dbfbbb08ee89a,63,Work
3668,03/19/2020T11:20:00 ,2020-03-19,Hotel,"(4041905.981629138, 2953161.4380196705)",db27881452034fa38d67b9808115e660,51,Work,2f487dc2f31e49eca25ea203e9198032,57,Work
3668,03/19/2020T11:20:00 ,2020-03-19,House,"(4041783.9089597883, 2950199.6040422646)",483ea34b1fc54dbead70ac2f2e2e0084,44,Work,5d2638ebbf2948a0b43347c644223300,58,House
3669,03/19/2020T11:30:00 ,2020-03-19,Hospital,"(4058154.76725065, 2949603.507869995)",4f8feb2eb7e04a63821c946464937f6e,38,Work,2b8f052ad5fa4d0cb781eb66e16f2962,51,Work
3670,03/19/2020T11:40:00 ,2020-03-19,Secondary School,"(4038231.4573233607, 2941585.605677152)",9b623be21c9e4123a8d06530a68eb95c,19,School,81d93adda2804781a14878180989fe4c,19,School
3671,03/19/2020T11:50:00 ,2020-03-19,Hotel,"(4041905.981629138, 2953161.4380196705)",e326e1baf1514f998e4d110e686ff486,57,Work,ea546621a6bb404cad32db2fe252498f,47,Work
3671,03/19/2020T11:50:00 ,2020-03-19,Secondary School,"(4038231.4573233607, 2941585.605677152)",2adf037b92fa44e1b40ca7857fd3603e,24,School,d5f7fbb3fb7d4d699acc3870a416f9fc,13,School
3673,03/19/2020T12:10:00 ,2020-03-19,Hospital,"(4041018.9862266188, 2978524.81136002)",c0d0990ca0bd40a2912b7b70558bc59e,39,Medical,e6fd49a182fc43969169a5676243de82,93,House
3673,03/19/2020T12:10:00 ,2020-03-19,Secondary School,"(4034404.417465693, 2942685.048007)",ee4198119d1b499ea82e3d8ba3b020d9,19,School,9bf0ef13bd3f468ab7de285a995fe4d9,18,School
3675,03/19/2020T12:30:00 ,2020-03-19,Secondary School,"(4025731.6327861375, 2945976.6300406978)",9435276925824df189bc4c1ee3afa6e8,13,School,bcbe1dc8f89a480fbb8952543b792b4a,16,School
3677,03/19/2020T12:50:00 ,2020-03-19,Secondary School,"(4045969.233886082, 2943140.9300204823)",d067800ee6904803840e1e0ae12832e7,13,School,895a3ec6d2ed43fabed51beb2823ecef,26,School
3679,03/19/2020T13:10:00 ,2020-03-19,Hotel,"(4041905.981629138, 2953161.4380196705)",4e375dce37c245c6b790d1945cf75aae,53,Work,0b5c7bf67d96439fa41bb1f3f04cb62e,36,Work
3679,03/19/2020T13:10:00 ,2020-03-19,House,"(4029568.081492885, 2972128.18643477)",c9f0fe58070b4538adb97e9d673e473d,24,Work,9f05f6912fe84657a59c21e4e6044802,41,Work
3679,03/19/2020T13:10:00 ,2020-03-19,Secondary School,"(4038231.4573233607, 2941585.605677152)",84a8ab71f032426ab3b708579e56de61,27,School,f73fc0d5dd2f4d768ca7967d54b10d70,14,School
3685,03/19/2020T14:10:00 ,2020-03-19,Hospital,"(4058154.76725065, 2949603.507869995)",31b195d5297c44dcb7ff47c10511d196,34,Work,05f7c184d02e49d799e36c74556aaa67,39,Work
3687,03/19/2020T14:30:00 ,2020-03-19,Shop,"(4061132.6588792657, 2950252.969120565)",95d84656b977455e9a62bb85165748d5,40,Work,19fef254c7f84751ad285749739cb9b7,38,Work
3687,03/19/2020T14:30:00 ,2020-03-19,Hospital,"(4058154.76725065, 2949603.507869995)",a45b632e31564671ac73874a28acfa59,21,Work,598f68de95314e79b980a08ae065b3cb,57,Work
3687,03/19/2020T14:30:00 ,2020-03-19,Hotel,"(4041905.981629138, 2953161.4380196705)",52ce5c5c92f643d28bd46194abd6cf70,31,Work,063f269025cc4be5bd3aacd1c9e7559e,40,Work
3693,03/19/2020T15:30:00 ,2020-03-19,Hospital,"(4026830.549424994, 2957052.0152650787)",bf2a2ebccf7e4eecaf5ab77aee1b2a37,59,Work,610a426eb8804138b15ac718ce53327f,94,House
3694,03/19/2020T15:40:00 ,2020-03-19,Medical,"(4040550.810725588, 2950778.512874801)",72724d0e20b64141ab9e13d864626c9f,59,Work,85c2be372feb4ff0a3b9f52129a29535,66,Work
3694,03/19/2020T15:40:00 ,2020-03-19,Hotel,"(4041905.981629138, 2953161.4380196705)",f0b5c22b41ab475ab75036c597da967c,36,Work,4bd2254877dc4e98936a2d93f5c86210,38,Work
3695,03/19/2020T15:50:00 ,2020-03-19,Hotel,"(4041905.981629138, 2953161.4380196705)",b8046605498a46e1a1a3832e267ba9c1,18,Work,cf5affdbbe874b2d9f0bf45982d8ee24,58,Work
3696,03/19/2020T16:00:00 ,2020-03-19,Care Home,"(4040157.0735851885, 2957292.780931754)",eddb22071dab4ff7a235d338ba1855d1,95,House,f2e935b90c6247408cdf89196bb855f6,53,Work
3699,03/19/2020T16:30:00 ,2020-03-19,Hospital,"(4041018.9862266188, 2978524.81136002)",0cddd030dc3848c0a8a2000c86d72be9,27,Work,0781aaa553664e4b85d158694868d73c,2,Work
3703,03/19/2020T17:10:00 ,2020-03-19,Hospital,"(4058154.76725065, 2949603.507869995)",3b5cc796e11a4322be3bcf7e761505a3,23,Work,55e404abb57b4b239678082d1b54a25d,49,Work
3712,03/19/2020T18:40:00 ,2020-03-19,Public Transport,"(4041173.450539689, 2951341.7934659165)",0414dea55cda4de8a8f1f259ca9cbff8,23,Public Transport,e269475a22f042fd821007cda424981b,19,Public Transport
3712,03/19/2020T18:40:00 ,2020-03-19,House,"(4037339.9023185004, 2937313.1780024553)",76dad3bceed845ef8354b59acd29b0c1,38,House,1308840f3c0341d4b38a39106e5f4033,36,House
3728,03/19/2020T21:20:00 ,2020-03-19,House,"(4038371.770464015, 2938327.137265396)",fd48144195a14003a61ff2a6467876d4,19,House,16164e17ad8440d1b6bb70be7c7b9abb,40,House
3734,03/19/2020T22:20:00 ,2020-03-19,House,"(4037360.6465111636, 2943796.7521286807)",a92aad6a49d045508dc8753740321d4f,36,House,e6d6050bf81c4dfcb05d5c6d6a4aa473,20,House
3749,03/20/2020T00:50:00 ,2020-03-20,House,"(4039947.054688769, 2949461.219000138)",a51c4220573049ea845abecef9974f3b,40,House,e757ba21760d4a85a35b0efda63f51b9,34,House
3752,03/20/2020T01:20:00 ,2020-03-20,House,"(4025531.791540634, 2945330.441591714)",fa2687bff5e84f2d9bd00a702f2801a3,49,House,e1bcc4de6c934230af6fe5cb29ed4c5d,27,House
3760,03/20/2020T02:40:00 ,2020-03-20,House,"(4043322.5618284256, 2951805.9985046247)",bcd918bdf64c4d3e99b83813d6d2e873,6,House,371df8b273494b83a6199b8de82a4393,39,House
3762,03/20/2020T03:00:00 ,2020-03-20,House,"(4037930.099925112, 2938137.145515264)",d0a591f0d47047b1a726db7d6d9c489d,33,House,f460bf1a2d174d598051b68c05760b81,37,House
3765,03/20/2020T03:30:00 ,2020-03-20,House,"(4042454.4167919206, 2949682.9956898605)",a4affefddd9c4d28b9ac870c4e075f3f,37,House,bd7d8e064c594593a6b69939c1e03e4b,34,House
3769,03/20/2020T04:10:00 ,2020-03-20,House,"(4026998.4788586367, 2940995.4530118937)",52868ac2873e4700bcb29b84c5080aee,7,House,a411a980d1c8428eb6ca5433d38a74eb,13,Visit
3769,03/20/2020T04:10:00 ,2020-03-20,House,"(4044761.7919302615, 2953605.444967423)",b72b11ffc06047bab020784b2a0d7491,91,House,16307e5f79dc47b8a2aeb0e6ee571965,31,House
3775,03/20/2020T05:10:00 ,2020-03-20,House,"(4039668.7997108195, 2941893.1043549655)",f5466f1114304bfba2c611c45fcc1c0e,42,House,e63078a55f11488f9bc0b16a69c5b3c2,24,House
3777,03/20/2020T05:30:00 ,2020-03-20,Hospital,"(4026830.549424994, 2957052.0152650787)",6a410173c83c4fee94ef6abac27a22f7,49,Work,26805e857abd45d2b71e0613e98c0751,53,House
3782,03/20/2020T06:20:00 ,2020-03-20,House,"(4030594.7749596746, 2939954.1075500567)",eaa0651071c6427089f57da331157d24,52,Work,271bddc5071649f3ba0a25d333763556,50,House
3782,03/20/2020T06:20:00 ,2020-03-20,House,"(4022860.750939482, 2947604.8508317196)",22d4319962834e05adac62918e099a1d,26,House,53c5ae6b010d46d1957907ca1e3aa8be,4,House
3786,03/20/2020T07:00:00 ,2020-03-20,House,"(4029693.517503246, 2940958.693037949)",b8b031cc9a774437b8f5046618217840,43,House,270d712177514f42b5ca6296f7ef7932,50,Work
3788,03/20/2020T07:20:00 ,2020-03-20,House,"(4040807.2073976803, 2952345.851734171)",d594a1d2693a46d09859e43fc10d5bde,17,House,897eabeb1bcd49d3997c1189e13d895f,26,House
3790,03/20/2020T07:40:00 ,2020-03-20,Public Transport,"(4025748.9144627484, 2945818.34005924)",c6b002bd273142ed8a470900c876d362,62,Public Transport,44acfe41b71c4533a0baf9b818b8acd5,17,Public Transport
3792,03/20/2020T08:00:00 ,2020-03-20,Hospital,"(4058154.76725065, 2949603.507869995)",b15961f1a2bc4532a6e216175abc589d,50,Work,87291c0271fc43319e85401348e04385,3,House
3793,03/20/2020T08:10:00 ,2020-03-20,Hotel,"(4041905.981629138, 2953161.4380196705)",6abcd4b6ed79425186ea98a5f0c0ce8d,34,Work,920f7b3e0ff24444ad1aa718b4886c7e,30,Work
3793,03/20/2020T08:10:00 ,2020-03-20,Secondary School,"(4023572.0606558337, 2941851.910132927)",5fb060f7455b4f28b356995c91f09329,20,Work,0de5a51fb16840f695ea326e20c90ce8,32,School
3796,03/20/2020T08:40:00 ,2020-03-20,Hotel,"(4041905.981629138, 2953161.4380196705)",7e3e479305ac4c1481c771d03713bbdb,43,Work,063f269025cc4be5bd3aacd1c9e7559e,40,Work
3797,03/20/2020T08:50:00 ,2020-03-20,House,"(4047515.268332904, 2941357.2333607487)",172c7b3e0d9e46ad8f03392dfcaa0b6d,2,School,5e1d114e464a43b08988a47706556347,41,House
3798,03/20/2020T09:00:00 ,2020-03-20,Hotel,"(4041905.981629138, 2953161.4380196705)",b3434245dad44e8c8a261784257a6f3a,31,Work,dae08820e95a49ef9584b0b3eeadf7b9,26,Work
3798,03/20/2020T09:00:00 ,2020-03-20,House,"(4041644.7033670526, 2944270.231444274)",567324ce74db47aa9e7231e3561e0458,54,House,02b4a5b3e37b42f59b03b8eacae7fec9,21,Work
3799,03/20/2020T09:10:00 ,2020-03-20,Secondary School,"(4031244.735218604, 2940315.296447066)",14725cba521e4cfcb1f73b06ce175a06,18,School,67afa6b0905141fa9f7dace36d8bfbe4,17,School
3800,03/20/2020T09:20:00 ,2020-03-20,Hotel,"(4041905.981629138, 2953161.4380196705)",b8b3c878d71d4bb3be361b34938b3f81,53,Work,cf5affdbbe874b2d9f0bf45982d8ee24,58,Work
3800,03/20/2020T09:20:00 ,2020-03-20,Hotel,"(4041905.981629138, 2953161.4380196705)",0d6abaaea5254de9a57315aea16e6d30,50,Work,dae08820e95a49ef9584b0b3eeadf7b9,26,Work
3801,03/20/2020T09:30:00 ,2020-03-20,Hospital,"(4058154.76725065, 2949603.507869995)",75a8d66a69fe4d65b6c873317bd3df43,40,Work,7cd7aec0165f4e9e97de48c99633c33d,93,Shop
3802,03/20/2020T09:40:00 ,2020-03-20,Hospital,"(4026830.549424994, 2957052.0152650787)",511156277b224d04a71625d0ace27caa,50,Work,779f80ba0ca4448b87299d0139f8136d,55,Work
3803,03/20/2020T09:50:00 ,2020-03-20,Hotel,"(4041905.981629138, 2953161.4380196705)",77542923a46a4eb4a711648912df5e9b,32,Work,17b66491bb4b40cfb6a6f62c7f0cdee7,28,Work
3803,03/20/2020T09:50:00 ,2020-03-20,Hotel,"(4041905.981629138, 2953161.4380196705)",7e7edc2210464be0aee8f40e27c6e4d9,33,Work,127a6dd4ff50486a8169219ffafdb867,47,Work
3807,03/20/2020T10:30:00 ,2020-03-20,House,"(4039459.674580211, 2950415.9381157765)",6803d6a6221e4c3eb3006ab0bbdd5321,1,School,757251ba95254e62aeec703f3548a3dc,33,Work
3808,03/20/2020T10:40:00 ,2020-03-20,Hotel,"(4041905.981629138, 2953161.4380196705)",1e4baf3617d9497abc59e003f9e49003,41,Work,dae08820e95a49ef9584b0b3eeadf7b9,26,Work
3809,03/20/2020T10:50:00 ,2020-03-20,Hospital,"(4058154.76725065, 2949603.507869995)",97fa05d31d2b4b7ab602419e93648a90,1,Work,21c3a1bb8fdb46c1b043147edcb36abe,55,Work
3809,03/20/2020T10:50:00 ,2020-03-20,House,"(4039910.2409169744, 2951277.1512797307)",4b906d5daf6046ac90ecf179a51cf252,51,House,03cdb64a73f74ff7870ec5fd59d2f067,25,Work
3810,03/20/2020T11:00:00 ,2020-03-20,Medical,"(4040550.810725588, 2950778.512874801)",bbaa22851b5744f186b7d2cb052a4631,39,Work,85c2be372feb4ff0a3b9f52129a29535,66,Work
3810,03/20/2020T11:00:00 ,2020-03-20,Hospital,"(4058154.76725065, 2949603.507869995)",bf14fc0830de40928c7244d1811588ba,40,Work,0c7600a9b93943bf8237060af0521568,61,Work
3810,03/20/2020T11:00:00 ,2020-03-20,Hospital,"(4041018.9862266188, 2978524.81136002)",b8746dea8c8440a2a8ad7b5d9f905624,44,Work,1988f4751db248e58e2672f9fa47815c,59,Work
3810,03/20/2020T11:00:00 ,2020-03-20,House,"(4041195.7551783277, 2960619.10391392)",503713c14f374d3cbfdadb72004e93d9,54,Work,e3d108474c87456ba7974042feb0cb16,55,Work
3811,03/20/2020T11:10:00 ,2020-03-20,Hospital,"(4058154.76725065, 2949603.507869995)",cca8f18a6f474f6889d316afbd517c7b,33,Work,51501cfcb58048479ea27313b1414161,38,Work
3813,03/20/2020T11:30:00 ,2020-03-20,Hospital,"(4041018.9862266188, 2978524.81136002)",1fcae31b25944e7b827ab1f380989f76,27,Work,733d8b87df484a3b96c0a71934a11edf,30,Work
3813,03/20/2020T11:30:00 ,2020-03-20,Hospital,"(4026830.549424994, 2957052.0152650787)",37380a726efb4db8a1189d0d23b108bc,79,Medical,91f227c0b2d34f21b3c62ec9406fa356,33,Work
3815,03/20/2020T11:50:00 ,2020-03-20,Hospital,"(4041018.9862266188, 2978524.81136002)",44b7ce4b6bde47109016a2c9704da384,14,Medical,0781aaa553664e4b85d158694868d73c,2,Work
3818,03/20/2020T12:20:00 ,2020-03-20,House,"(4037930.099925112, 2938137.145515264)",4983d922fd1f40a39142228f1e47647d,35,Work,f460bf1a2d174d598051b68c05760b81,37,Work
3819,03/20/2020T12:30:00 ,2020-03-20,Hospital,"(4041018.9862266188, 2978524.81136002)",871ec18390c444dbb3dd002a6cd44295,18,Work,f775ae55fc564c5db1436d35daaf7969,45,Car
3819,03/20/2020T12:30:00 ,2020-03-20,Hotel,"(4041905.981629138, 2953161.4380196705)",7aaf44c26b4f4d6eb0f4a9a99be95d18,43,Work,a84941cc058f4dfda94fd6e7ab06381b,28,Work
3820,03/20/2020T12:40:00 ,2020-03-20,Hospital,"(4058154.76725065, 2949603.507869995)",2c5ba2b66afd4c40a950d8929996d586,60,Work,fa52bb89416e4c6688193f9b591ffcbf,51,Medical
3821,03/20/2020T12:50:00 ,2020-03-20,Hospital,"(4058154.76725065, 2949603.507869995)",54d3cde61a4f47e5b3de8e77e3c64ba3,48,Work,a38f5430f50e4e7b900e534ceec57d52,61,Outdoor
3821,03/20/2020T12:50:00 ,2020-03-20,House,"(4042873.9941889574, 2955855.7900206023)",e7422b91d6ca40a18cc7ee104b618a58,38,Work,25151b78b02742728e15d80cd2d3fb2d,20,Work
3822,03/20/2020T13:00:00 ,2020-03-20,Hotel,"(4041905.981629138, 2953161.4380196705)",14d0d6dd55e74fda86bfb74a5817c31e,49,Work,4bd2254877dc4e98936a2d93f5c86210,38,Work
3822,03/20/2020T13:00:00 ,2020-03-20,Hotel,"(4041905.981629138, 2953161.4380196705)",ca1dac6b426747d0b263a30a412dee4c,47,Work,ea546621a6bb404cad32db2fe252498f,47,Work
3823,03/20/2020T13:10:00 ,2020-03-20,Hotel,"(4041905.981629138, 2953161.4380196705)",5d7e8538d0084bcbbfa20d5b02fa1795,53,Work,063f269025cc4be5bd3aacd1c9e7559e,40,Work
3823,03/20/2020T13:10:00 ,2020-03-20,Hotel,"(4041905.981629138, 2953161.4380196705)",eeccfe08b0b4427e9235ea928b06e55c,44,Work,0b5c7bf67d96439fa41bb1f3f04cb62e,36,Work
3823,03/20/2020T13:10:00 ,2020-03-20,House,"(4059419.795645284, 2961118.2042820686)",5881b7ce2ae84ace875732b14177f933,25,House,ebd0cb5801dd400582d42777c0f0843c,57,Work
3826,03/20/2020T13:40:00 ,2020-03-20,House,"(4029793.404840179, 2939465.3949679444)",5da46a463af54a58a2aac55953e686c8,35,Work,6a62158c21924a78a085ba357601f614,55,Work
3826,03/20/2020T13:40:00 ,2020-03-20,House,"(4038040.2567509767, 2967250.8521656017)",f2213fe43df248468d3b2d27c0a9eaa7,6,House,7467f6bf849b40fcbcafd06f49b5a765,46,Restaurant
3827,03/20/2020T13:50:00 ,2020-03-20,House,"(4032844.7259825715, 2935762.5761589175)",6ff562a71ea5449f9bb94c3a740651d3,56,Work,7ce4738247be4be7a3cfa403f4c2c344,8,House
3828,03/20/2020T14:00:00 ,2020-03-20,Care Home,"(4040157.0735851885, 2957292.780931754)",dc9758efcc2d443698019cc4eeb873bb,92,Restaurant,f2e935b90c6247408cdf89196bb855f6,53,Work
3828,03/20/2020T14:00:00 ,2020-03-20,Hotel,"(4041905.981629138, 2953161.4380196705)",ab8d9109d31d44c7b8668a936442ab8b,35,Work,a41a3c59096846d89737ce5e2ba203da,18,Work
3829,03/20/2020T14:10:00 ,2020-03-20,Hospital,"(4041018.9862266188, 2978524.81136002)",f69544d9480047e789c136b37fe665cf,42,Work,d95ed15a62504a3b877ce91a13c96067,32,Work
3829,03/20/2020T14:10:00 ,2020-03-20,Secondary School,"(4028941.945504558, 2972528.6090870015)",55badd37aa864cdb886004c7e7bbfc70,14,School,92b1d16f910c4c1bb138adf4563f3273,15,School
3830,03/20/2020T14:20:00 ,2020-03-20,Hotel,"(4041905.981629138, 2953161.4380196705)",356759781a4c4ff5a52294fee9a650fb,48,Work,38399f142b0b46378f643ede6c82527a,32,Work
3834,03/20/2020T15:00:00 ,2020-03-20,Hospital,"(4041018.9862266188, 2978524.81136002)",432e041da0394c2798442e9c6b963f2a,49,Work,0781aaa553664e4b85d158694868d73c,2,Work
3834,03/20/2020T15:00:00 ,2020-03-20,Hospital,"(4026830.549424994, 2957052.0152650787)",c5585359301a4e458ed3bd4e5d370835,32,Work,5d1155fb1b9349a584f50a51d9fe760e,43,Work
3834,03/20/2020T15:00:00 ,2020-03-20,House,"(4041783.9089597883, 2950199.6040422646)",6f6e6198f53349ba8e7edbb82a314ca5,23,House,5d2638ebbf2948a0b43347c644223300,58,House
3836,03/20/2020T15:20:00 ,2020-03-20,Hospital,"(4041018.9862266188, 2978524.81136002)",7120fa894e014410aea5af5312dbea03,27,Work,c7908eeced324b92991808f68b369ca7,60,Work
3837,03/20/2020T15:30:00 ,2020-03-20,Hotel,"(4041905.981629138, 2953161.4380196705)",cbec3c98f2a843d29146d8b624bce4f4,38,Work,3f20e6db32614419a8885d88ba35ffed,46,Work
3838,03/20/2020T15:40:00 ,2020-03-20,Hotel,"(4041905.981629138, 2953161.4380196705)",04ea467fcead42fda58c0c8277f88a62,44,Work,dae08820e95a49ef9584b0b3eeadf7b9,26,Work
3838,03/20/2020T15:40:00 ,2020-03-20,House,"(4036906.975154779, 2937122.012262161)",db5468a84ccf45409a4ca6b4575fc6f0,51,Work,aa4e548b48d543928bc08a441cd1f0d2,22,Work
3838,03/20/2020T15:40:00 ,2020-03-20,Secondary School,"(4039217.2555629266, 2951517.9840602893)",a06ee82e42224933b0c8faff1ad6cd30,25,Work,1f1d7dede8d643c88f4535cb9e4a0633,52,School
3839,03/20/2020T15:50:00 ,2020-03-20,Hospital,"(4058154.76725065, 2949603.507869995)",3fc852ed087141038680881f0c5b1f6f,57,Medical,2356d7e9eb61405f9c8ae2e8f9d11c17,66,Work
3840,03/20/2020T16:00:00 ,2020-03-20,Hotel,"(4041905.981629138, 2953161.4380196705)",ebe407c905534d408955866155e1661f,53,Work,92d4b34a9fb042c7820685d9553fe407,44,Work
3840,03/20/2020T16:00:00 ,2020-03-20,Hotel,"(4039845.6103672986, 2941449.460067877)",6c0f7a02a8ae4f55892b6054dfa770d8,48,Work,297ec0f3ba0542848aee4e7d4d852284,51,Work
3841,03/20/2020T16:10:00 ,2020-03-20,Hotel,"(4041905.981629138, 2953161.4380196705)",87bbdb0de2dd4b6788c0af392c43e833,59,Work,33792607976240cc8b717c7e64830aec,34,Work
3842,03/20/2020T16:20:00 ,2020-03-20,Public Transport,"(4031257.0721200425, 2989605.225722845)",2ecf261eeeae4dd08e1cb5ce5b4aee40,4,Public Transport,4d22b6a7fbbe4fbc8718db256eb3fdf2,46,Public Transport
3843,03/20/2020T16:30:00 ,2020-03-20,Shop,"(4041394.0455010775, 2944086.237169109)",d28c1e89fcf94e29bda2263fd5f23641,60,Work,d4cac92c49e64066a607aa268e2b246e,40,Work
3845,03/20/2020T16:50:00 ,2020-03-20,Hotel,"(4041905.981629138, 2953161.4380196705)",ae5b2bd9a7ed4069ab1d7fc7cd031800,30,Work,0550d295f12945948c5f977eafcb0288,32,Work
3845,03/20/2020T16:50:00 ,2020-03-20,House,"(4025531.791540634, 2945330.441591714)",d65d4dc76ca7411a9cb15506e349f243,28,House,e1bcc4de6c934230af6fe5cb29ed4c5d,27,Work
3846,03/20/2020T17:00:00 ,2020-03-20,Shop,"(4040539.125257131, 2952140.6379154585)",317a02a6f799417c8ddf9051e466c4c7,71,Shop,b16fbb7feae34835b8cc58d2ffa7369c,36,Shop
3846,03/20/2020T17:00:00 ,2020-03-20,Hotel,"(4041905.981629138, 2953161.4380196705)",7e60f999a7c24f9cbcf5627bc89eeeb4,30,Work,33792607976240cc8b717c7e64830aec,34,Work
3848,03/20/2020T17:20:00 ,2020-03-20,Care Home,"(4040157.0735851885, 2957292.780931754)",5d49aca13ce64b3e977b54bfe8edeb9f,95,Shop,f2e935b90c6247408cdf89196bb855f6,53,Work
3851,03/20/2020T17:50:00 ,2020-03-20,Hospital,"(4058154.76725065, 2949603.507869995)",1b7bf25d2f57403da3e05576b36afd1a,7,Medical,427870d60252456cbf74d0f4de3f58b3,37,House
3851,03/20/2020T17:50:00 ,2020-03-20,House,"(4041306.76435618, 2950670.12072907)",c209506c7b0a4ffb864ec1288110715e,58,House,92a49d8b666843d29de409ccf0e127d3,37,Work
3852,03/20/2020T18:00:00 ,2020-03-20,House,"(4039589.4595408402, 2950864.700868882)",33d64516b81349b8961959416e98a342,16,House,7a2bc948517d4f53a33a9be32f1ba85d,42,Work
3853,03/20/2020T18:10:00 ,2020-03-20,Medical,"(4040550.810725588, 2950778.512874801)",4d6967b3734f4fb8a7e93033099dd747,51,Medical,81d96ece71f94903a330ff30b139f4e9,48,Work
3855,03/20/2020T18:30:00 ,2020-03-20,Hospital,"(4058154.76725065, 2949603.507869995)",c6099916b2cd425480e57a6e7aaa84fc,27,Medical,598f68de95314e79b980a08ae065b3cb,57,House
3861,03/20/2020T19:30:00 ,2020-03-20,Hospital,"(4041018.9862266188, 2978524.81136002)",6535e5a3f9954d23a392b1f834709886,38,Work,837fb125e4d34851b11a522b58389d18,52,House
3865,03/20/2020T20:10:00 ,2020-03-20,House,"(4052553.485964981, 2971613.461399969)",0a67bfc5eeef485482d4e5de7d903931,18,House,74bca9f08f12462ca927c4155c937faa,56,House
3875,03/20/2020T21:50:00 ,2020-03-20,House,"(4037085.568886273, 2937066.6047272356)",d23e9ee81ac84adf8dd5a6dc508019ce,8,House,9dd3648714944b61aa8833085a192427,44,House
3876,03/20/2020T22:00:00 ,2020-03-20,House,"(4041221.167912263, 2953745.73822016)",d169f605445f4b5893daf4529e256bad,10,House,e4f3b849b85940ccb6a90ed3b13deeef,47,House
3881,03/20/2020T22:50:00 ,2020-03-20,House,"(4048133.5924885864, 2946830.451092403)",ea88ecca89b94a37a340dbd6843d7837,89,House,31e1b1ec83124923855949ddf182844d,67,House
3883,03/20/2020T23:10:00 ,2020-03-20,House,"(4051886.569500492, 2939017.957838911)",66c14cd738684adbbca9938c75796ea9,2,House,c87f95d8c1a049d6adc9be487aa3f9e1,4,House
3885,03/20/2020T23:30:00 ,2020-03-20,House,"(4063496.6296682167, 2972390.3520604116)",4fd0de05a43e4a149bb6d10fdad5ba0c,43,House,b5a09491b65a49c2abe632d8a99154b1,26,House
3893,03/21/2020T00:50:00 ,2020-03-21,House,"(4040073.8714664113, 2951239.798693775)",45ebca739a8a4b74a95664cc9bf2101d,66,House,6a4b07bf862245c3b1c878181721933a,83,House
3894,03/21/2020T01:00:00 ,2020-03-21,House,"(4039306.2116909274, 2950827.81042701)",62169824c2ea448f8a46e5e279da3df8,37,House,14e0b65c84924be99779cf72e52195b8,36,House
3894,03/21/2020T01:00:00 ,2020-03-21,House,"(4029202.0746051264, 2970370.1228543664)",202d91b0976243b1a4253b4a38ab21a9,27,House,8bea1696a9374000ae9e4aa472fa0a19,57,House
3894,03/21/2020T01:00:00 ,2020-03-21,House,"(4038377.687811155, 2938028.0189749305)",34a658c125d84b3da4c1cb990bcd454e,49,House,da61dc679c9c4531b099fd0167754f3f,37,House
3895,03/21/2020T01:10:00 ,2020-03-21,House,"(4037528.14035311, 2937364.0509923035)",3c9d9944bf98474d820fd65b2d6d5021,7,House,bc2044b2ef3c4b368ade20da6dda820d,37,House
3896,03/21/2020T01:20:00 ,2020-03-21,House,"(4034142.1528435107, 2941172.4443916343)",4cf41c96c4c04b16974c49a64c42daaa,31,House,4bc3296296af40dba99cddcd6c697c88,64,House
3908,03/21/2020T03:20:00 ,2020-03-21,House,"(4053722.789935269, 2956002.242650932)",a0163f5cce5e4fe6aa3e65a61ede7076,42,House,36167c4a6274432d97d5b93bdc27c357,8,Visit
3909,03/21/2020T03:30:00 ,2020-03-21,House,"(4041533.0325184735, 2957752.769424972)",cd140f253ebc4d45883c2f6ef7cc9b2f,81,House,fb8b43f94d6b4f98a2bcdb2965b1a953,20,House
3914,03/21/2020T04:20:00 ,2020-03-21,House,"(4041179.971181909, 2955446.208639238)",6f76f70b174a4ec083085dd5392963d1,28,House,09662cf27300427fbf9cd9f2ada1f2c8,39,House
3915,03/21/2020T04:30:00 ,2020-03-21,House,"(4029198.717321942, 2942224.769999907)",3dd45f15761b4592906b75d0b1da178c,26,House,d0f91dd2cf5c407384c42b133bd75489,49,House
3916,03/21/2020T04:40:00 ,2020-03-21,House,"(4040435.341922766, 2952275.409322769)",0913270fd5304657999374ecc8443656,12,House,ef31ff47cbf541029a8b837fc53be26e,1,House
3922,03/21/2020T05:40:00 ,2020-03-21,Hospital,"(4041018.9862266188, 2978524.81136002)",56ef56dad7754a79994356d25a731dfc,36,Work,c451fe2077cc42a2abe341325721a3c5,95,House
3925,03/21/2020T06:10:00 ,2020-03-21,House,"(4039459.674580211, 2950415.9381157765)",0b5d0c3e25444f87a2ffb248b55cffa3,28,House,757251ba95254e62aeec703f3548a3dc,33,House
3925,03/21/2020T06:10:00 ,2020-03-21,House,"(4051530.597915881, 2939810.406718855)",ecf13bcca20244749ae961aa837c7db3,14,House,dd7d5c82c8be48f280a594e82409ad06,38,House
3928,03/21/2020T06:40:00 ,2020-03-21,House,"(4038220.424532442, 2938079.515121365)",21ed1baadfc14033bcc8f6fe15885eac,26,House,0fbe26b1820245e79648be14c7961156,9,House
3929,03/21/2020T06:50:00 ,2020-03-21,Care Home,"(4040157.0735851885, 2957292.780931754)",0c2994c8d05541f9834e46dfbf42430f,93,House,eddb22071dab4ff7a235d338ba1855d1,95,House
3929,03/21/2020T06:50:00 ,2020-03-21,Public Transport,"(4026143.9167125034, 2940175.3667169847)",3e40ea59631c473fa7077aa125ddc653,8,Public Transport,415f60ec96e745f8816d4a8cc4a3d158,53,Public Transport
3930,03/21/2020T07:00:00 ,2020-03-21,Public Transport,"(4026143.9167125034, 2940175.3667169847)",7b2ca178479a4faab6a92132bc04c27a,15,Public Transport,415f60ec96e745f8816d4a8cc4a3d158,53,Public Transport
3931,03/21/2020T07:10:00 ,2020-03-21,House,"(4030088.00670738, 2942507.2086802525)",40f666cf62024007b07f7e21b6e7bb14,58,House,59c3147e4d56452db93d4f69897a9257,27,Work
3935,03/21/2020T07:50:00 ,2020-03-21,Hotel,"(4041905.981629138, 2953161.4380196705)",d03013371beb4fbd9726852088b83b9f,41,Work,52ce5c5c92f643d28bd46194abd6cf70,31,Work
3935,03/21/2020T07:50:00 ,2020-03-21,House,"(4033801.199586485, 2935207.5343346796)",c889845ecbcd448d996c3b1cc824e116,77,House,e619e32feda84a12ad4127bd6b5d2488,24,Work
3936,03/21/2020T08:00:00 ,2020-03-21,Hospital,"(4058154.76725065, 2949603.507869995)",9120a81a9b9346e287a5e5e4a487798f,60,Work,e7e53f1dd51e4dcbb8c7e8e61ec36d2c,43,Work
3939,03/21/2020T08:30:00 ,2020-03-21,House,"(4032720.4364854363, 2944779.473390657)",520d78b65c3d4105a18829fad1565382,20,Visit,08969f5c340d4569bce26f223490a943,51,House
3940,03/21/2020T08:40:00 ,2020-03-21,Shop,"(4026138.8109881002, 2945851.965113407)",fa8ff7a8857d47d1a33a4a7450c439a9,23,Work,eba4994f38a34c10b4e411228ebfe4f9,64,Work
3943,03/21/2020T09:10:00 ,2020-03-21,Hospital,"(4058154.76725065, 2949603.507869995)",1b8bc99d7bc04c98988714ef81fefa55,31,Work,f98f177be6dd4122a5eeb7676edf763a,38,Work
3943,03/21/2020T09:10:00 ,2020-03-21,Hotel,"(4041905.981629138, 2953161.4380196705)",538678f4766b47ca8ee11aca06b55df4,49,Work,38399f142b0b46378f643ede6c82527a,32,Work
3943,03/21/2020T09:10:00 ,2020-03-21,Hotel,"(4041905.981629138, 2953161.4380196705)",b68b4e9a4f4c480da0c6526613d85419,43,Work,cf5affdbbe874b2d9f0bf45982d8ee24,58,Work
3944,03/21/2020T09:20:00 ,2020-03-21,Hotel,"(4041905.981629138, 2953161.4380196705)",c6204a4bdf434495a587eb025379039f,27,Work,38399f142b0b46378f643ede6c82527a,32,Work
3946,03/21/2020T09:40:00 ,2020-03-21,Shop,"(4026138.8109881002, 2945851.965113407)",5a5725c4d9904b01917fca9416c54e80,20,Work,e7b078e06dc0465b91156a02ba2a4f58,27,Work
3946,03/21/2020T09:40:00 ,2020-03-21,Hospital,"(4058154.76725065, 2949603.507869995)",4b9628b5d3c54b4890c3ce74151ee54e,17,Medical,ff433877602b4abca425948f4b218ada,45,Work
3946,03/21/2020T09:40:00 ,2020-03-21,Hospital,"(4041018.9862266188, 2978524.81136002)",7c573aaaf5c74b40a50dd2adf4855681,63,Work,517c6a167bd94fea8abee02bbeb36992,95,House
3946,03/21/2020T09:40:00 ,2020-03-21,Hospital,"(4041018.9862266188, 2978524.81136002)",0f0b5ebe288e47959d96698e6a86d23a,39,Work,0bd4811586c54427bca1d0a590786b98,30,Work
3946,03/21/2020T09:40:00 ,2020-03-21,House,"(4039158.741355801, 2952711.0982599445)",833effcbda434bd4b3d11d405edf178c,57,House,d9c44699ccfb4428a1a467c21309f01e,23,Work
3947,03/21/2020T09:50:00 ,2020-03-21,Hotel,"(4041905.981629138, 2953161.4380196705)",b1c232e4d069458086802b3dac53dcd6,48,Work,84720f7aca314487b123737325b2e319,20,Work
3947,03/21/2020T09:50:00 ,2020-03-21,House,"(4037762.339591301, 2957798.755934343)",751404d593dc495c9088c064fd91ce99,35,Shop,055a24c0f96f41d19c03bf7a0fb567b7,62,Work
3948,03/21/2020T10:00:00 ,2020-03-21,Shop,"(4041394.0455010775, 2944086.237169109)",0ca9879525674020b7013630787125f3,48,Work,d4cac92c49e64066a607aa268e2b246e,40,Work
3950,03/21/2020T10:20:00 ,2020-03-21,Hotel,"(4041905.981629138, 2953161.4380196705)",f60210225ec044d9a008cf053ac67c19,56,Work,e5cb505e8aad437287e1bf8ec5c75254,42,Work
3950,03/21/2020T10:20:00 ,2020-03-21,Hotel,"(4041905.981629138, 2953161.4380196705)",16adb301316942a2b6e4dc50e1361ac6,23,Work,127a6dd4ff50486a8169219ffafdb867,47,Work
3951,03/21/2020T10:30:00 ,2020-03-21,Hotel,"(4041905.981629138, 2953161.4380196705)",f789ba51ea3c45829ce46a6cec804161,46,Work,de6b0d9efaeb473ba07f42382f9ea771,30,Work
3951,03/21/2020T10:30:00 ,2020-03-21,Secondary School,"(4028941.945504558, 2972528.6090870015)",2693829a5bb0403e819973b3bbe4bca8,18,School,7b6e03d7d55440c1b2a632980cdc120e,16,School
3952,03/21/2020T10:40:00 ,2020-03-21,House,"(4027291.7874830994, 2941172.625597772)",adee4096b4884a9c99d677720013bdb5,8,School,be53ceeb464a4aebb61753ff6a544a76,34,Work
3954,03/21/2020T11:00:00 ,2020-03-21,Medical,"(4040550.810725588, 2950778.512874801)",93ff028a74a941d0ac87336f10883f3e,23,Work,81d96ece71f94903a330ff30b139f4e9,48,Work
3954,03/21/2020T11:00:00 ,2020-03-21,Secondary School,"(4038231.4573233607, 2941585.605677152)",68cd73b52dd9482aa89a1b361e115c6b,16,School,466aaa6f924f4e20b5d2e6554c64e364,15,School
3956,03/21/2020T11:20:00 ,2020-03-21,Hospital,"(4058154.76725065, 2949603.507869995)",cdc59c333d7f491a8f2238f0daf5409f,18,Work,3f34f4129b4a435093f5ee101a8d6c53,57,Work
3956,03/21/2020T11:20:00 ,2020-03-21,House,"(4036101.21930608, 2937461.331276214)",1d8386e11c86495e9d539844ce98cd98,25,Work,9af93eb857164d7084953297ba8d02c9,32,Work
3958,03/21/2020T11:40:00 ,2020-03-21,Hotel,"(4041905.981629138, 2953161.4380196705)",ec3d5027d57a42c9ab71e89a4d8bfbce,49,Work,92d4b34a9fb042c7820685d9553fe407,44,Work
3958,03/21/2020T11:40:00 ,2020-03-21,Secondary School,"(4039217.2555629266, 2951517.9840602893)",85e2b9d6681a45a596945c7f96296380,19,School,33b0fc59273b4398b1247e14fa11736c,14,School
3960,03/21/2020T12:00:00 ,2020-03-21,Hotel,"(4041905.981629138, 2953161.4380196705)",621bdbcb7c624bf18b85a19fe6af4628,65,Work,50afc78bbcb4417fa9bacfdfecffea99,42,Work
3960,03/21/2020T12:00:00 ,2020-03-21,House,"(4038812.4093351904, 2951664.841362206)",d1594ab5198f401990878a89d9947297,49,House,332b0ebfb63640c1b722282616f8db1a,8,School
3960,03/21/2020T12:00:00 ,2020-03-21,Secondary School,"(4034404.417465693, 2942685.048007)",912c2a9998214f1b95a071cdefda40cd,15,School,174b93724bee4acc86c552bcdc0475f0,16,School
3961,03/21/2020T12:10:00 ,2020-03-21,Hospital,"(4041018.9862266188, 2978524.81136002)",e2104a476a81476098cd5f6e27b5919a,24,Work,461d06ba692e484ca815d28c6af5385f,47,Work
3961,03/21/2020T12:10:00 ,2020-03-21,Hospital,"(4026830.549424994, 2957052.0152650787)",53910d2ebe6b45988c3512f83f9656ae,18,Work,a008b450ad5c46f0b804f25eaec6e412,48,Work
3961,03/21/2020T12:10:00 ,2020-03-21,Hotel,"(4041905.981629138, 2953161.4380196705)",5772422180d8407a93b92e8e530a7c73,44,Work,4bd2254877dc4e98936a2d93f5c86210,38,Work
3964,03/21/2020T12:40:00 ,2020-03-21,Hotel,"(4041905.981629138, 2953161.4380196705)",7c30dcfb40604c2f8f5adf35ec7c2b73,29,Work,1295d7882a754484a9ec880c5cea4f08,20,Work
3965,03/21/2020T12:50:00 ,2020-03-21,Hospital,"(4026830.549424994, 2957052.0152650787)",9f4852ba70744af88f75f7d28d3ac58a,25,Work,5051f490dc4849768658c90e98982bff,49,Work
3965,03/21/2020T12:50:00 ,2020-03-21,Hotel,"(4041905.981629138, 2953161.4380196705)",cacbb968905f41b3bab4f0edfbf7fa1e,36,Work,920f7b3e0ff24444ad1aa718b4886c7e,30,Work
3965,03/21/2020T12:50:00 ,2020-03-21,House,"(4042548.960410958, 2940281.755998253)",4086f530de774bf9b3f6048cdd82ef08,11,House,0b6607640b0f45f8a49964056e201dc1,9,School
3966,03/21/2020T13:00:00 ,2020-03-21,Secondary School,"(4023572.0606558337, 2941851.910132927)",281116d3d036435d9214b36b78acfaa9,15,School,3f60f0f3709346439998edc7f25859c6,28,School
3967,03/21/2020T13:10:00 ,2020-03-21,Hotel,"(4041905.981629138, 2953161.4380196705)",781266dfc54e444fb0e09edf2d8f3528,18,Work,c0f1f86c19bc4a4087b376eac8ec9d99,59,Work
3967,03/21/2020T13:10:00 ,2020-03-21,Hotel,"(4041905.981629138, 2953161.4380196705)",ad835eb914734f37a8759a5fa9bf1170,10,Work,b9e6aaaae3674a9b8b6955921c5f8eeb,22,Work
3968,03/21/2020T13:20:00 ,2020-03-21,Hospital,"(4058154.76725065, 2949603.507869995)",e8f3534ac81b4c8498cbfc0f7c6d479c,39,Work,f98f177be6dd4122a5eeb7676edf763a,38,Work
3969,03/21/2020T13:30:00 ,2020-03-21,Hospital,"(4041018.9862266188, 2978524.81136002)",1f7f9048f7744cd2be3f511d96809702,51,Work,c451fe2077cc42a2abe341325721a3c5,95,House
3969,03/21/2020T13:30:00 ,2020-03-21,Hotel,"(4041905.981629138, 2953161.4380196705)",5bbfb340a89e4de38202e662abfcec4c,38,Work,c0f1f86c19bc4a4087b376eac8ec9d99,59,Work
3970,03/21/2020T13:40:00 ,2020-03-21,Hospital,"(4058154.76725065, 2949603.507869995)",b376e75e62a24150abeae39ef879da17,36,Work,598f68de95314e79b980a08ae065b3cb,57,Work
3970,03/21/2020T13:40:00 ,2020-03-21,Hospital,"(4058154.76725065, 2949603.507869995)",5a2d7399646a44c883ccf5abe0d1aefb,23,Work,a712d36e770a4d28aeafcf8a6c6e4aac,60,Work
3970,03/21/2020T13:40:00 ,2020-03-21,Hotel,"(4041905.981629138, 2953161.4380196705)",e1d75503b12e483489b964e4c7149045,25,Work,cf5affdbbe874b2d9f0bf45982d8ee24,58,Work
3970,03/21/2020T13:40:00 ,2020-03-21,Hotel,"(4041905.981629138, 2953161.4380196705)",9458b1b184754df2b75129a0af6044df,51,Work,6393f7203605429e98f0fa1688003598,61,Work
3971,03/21/2020T13:50:00 ,2020-03-21,Hospital,"(4041018.9862266188, 2978524.81136002)",e4a1ab73b221475cb7dd2ce7a103f317,39,Work,c451fe2077cc42a2abe341325721a3c5,95,House
3971,03/21/2020T13:50:00 ,2020-03-21,House,"(4029766.455257455, 2948160.7384314733)",ec69141a1ddc4efaa74a6549e53ca7c0,35,Work,dba10f197bb643b68e63b72f494fea23,52,Work
3972,03/21/2020T14:00:00 ,2020-03-21,Hospital,"(4058154.76725065, 2949603.507869995)",39e596841eca455facdeb4bfce7f717e,47,Work,ff433877602b4abca425948f4b218ada,45,Work
3972,03/21/2020T14:00:00 ,2020-03-21,Hospital,"(4026830.549424994, 2957052.0152650787)",31378ca5c90a4624883ef8c85e82ee9a,20,Work,610a426eb8804138b15ac718ce53327f,94,House
3972,03/21/2020T14:00:00 ,2020-03-21,House,"(4036081.5319984504, 2979280.815073185)",1bd3e13deb594737a12e48b1538fce63,29,Work,a9808335ea14430994656c66a7585323,26,House
3973,03/21/2020T14:10:00 ,2020-03-21,Secondary School,"(4038231.4573233607, 2941585.605677152)",598f8e24808e41239569140d943312d4,18,School,0674bbe51a744f6d97f199c106276c1a,33,Work
3974,03/21/2020T14:20:00 ,2020-03-21,Care Home,"(4040157.0735851885, 2957292.780931754)",cc308cbcd67846c08d013023122f61b3,35,Work,dc9758efcc2d443698019cc4eeb873bb,92,Shop
3974,03/21/2020T14:20:00 ,2020-03-21,Hospital,"(4041018.9862266188, 2978524.81136002)",9b90c71f5a414d85b3ce3340e6b2dc6d,29,Work,ed60d449d9524de289c4e4e1e26897a6,95,House
3974,03/21/2020T14:20:00 ,2020-03-21,Hotel,"(4041905.981629138, 2953161.4380196705)",8f7c7fff7e47450baf39692b0cb6d9ce,27,Work,17b66491bb4b40cfb6a6f62c7f0cdee7,28,Work
3974,03/21/2020T14:20:00 ,2020-03-21,House,"(4040608.8033625465, 2949058.954725945)",43966ac3585143899583ae59783b5ff5,28,House,5de22c2913cc4cbc8869a9247ce589df,10,Restaurant
3976,03/21/2020T14:40:00 ,2020-03-21,Public Transport,"(4040094.9940320347, 2966825.7478905926)",9a2faa07e259429db991e506c5b1a377,42,Public Transport,b30f0c3f405b41c796a868f7e2b8bfc0,15,Public Transport
3976,03/21/2020T14:40:00 ,2020-03-21,House,"(4036698.0179231646, 2938958.5585477995)",56c55fe114dc49a5991817c3da2bea8a,48,Work,00716e837a6f412bbdeb443e89ac946b,54,House
3980,03/21/2020T15:20:00 ,2020-03-21,House,"(4041152.443280831, 2951309.706264234)",fc2d462e058d430ea27b117d146b71d1,20,House,a6d23e8488fe49298967ac291f723c2d,24,Work
3981,03/21/2020T15:30:00 ,2020-03-21,Shop,"(4041394.0455010775, 2944086.237169109)",26f04530ec3d405e98b19d9e987bfa13,60,Work,d4cac92c49e64066a607aa268e2b246e,40,Work
3981,03/21/2020T15:30:00 ,2020-03-21,House,"(4031948.7693657517, 2955612.988904332)",d6770c0e1f0246e7a675b6cd12aa71b3,26,Work,40d61df9b4e64a8a9feb783bc0f3a5dd,52,Work
3982,03/21/2020T15:40:00 ,2020-03-21,Care Home,"(4040157.0735851885, 2957292.780931754)",ea97ada7cfa94a9193a90f49269ad02f,49,Work,dc9758efcc2d443698019cc4eeb873bb,92,Shop
3983,03/21/2020T15:50:00 ,2020-03-21,Hotel,"(4041905.981629138, 2953161.4380196705)",cd494248b9b84ffc926dd52e7857439e,27,Work,0b5c7bf67d96439fa41bb1f3f04cb62e,36,Work
3984,03/21/2020T16:00:00 ,2020-03-21,Hotel,"(4041905.981629138, 2953161.4380196705)",66fe500839174a4a9935a4b6a8a947b4,61,Work,33e345c79771465492188fd0c5610490,42,Work
3984,03/21/2020T16:00:00 ,2020-03-21,Hotel,"(4039845.6103672986, 2941449.460067877)",d1d489d336564bba9d06b3d40dc0fe05,77,Work,26dcc34c12544a61a4133195f2000ce3,26,Work
3986,03/21/2020T16:20:00 ,2020-03-21,Hospital,"(4026830.549424994, 2957052.0152650787)",caada3e54e644222b26c7416e1bbe417,32,Work,5d1155fb1b9349a584f50a51d9fe760e,43,Work
3987,03/21/2020T16:30:00 ,2020-03-21,Hotel,"(4041905.981629138, 2953161.4380196705)",ee8daa4adb9441478563a269af0c2dcc,38,Work,3d0b1932a5e54486b060b8560d926cc0,41,Work
3987,03/21/2020T16:30:00 ,2020-03-21,House,"(4030606.433744365, 2940113.549288397)",bb2b3dee16fc46bd8c434180c1606035,3,House,85129c1fc06149418ae68d80a6052b0c,31,Work
3987,03/21/2020T16:30:00 ,2020-03-21,House,"(4029568.081492885, 2972128.18643477)",b39f57d51b7041db8eb37b81a399bb6a,46,House,9f05f6912fe84657a59c21e4e6044802,41,Work
3988,03/21/2020T16:40:00 ,2020-03-21,House,"(4033127.331821407, 2935463.8218959114)",a3dce09fc8bf4951b1a54b136fcf8202,60,House,eea883c9fe584cb48df9708b53881882,23,Work
3990,03/21/2020T17:00:00 ,2020-03-21,Shop,"(4041394.0455010775, 2944086.237169109)",d9afae264ae54cc79e0951dd160b8567,57,Work,be4a231e1e6a49b88d84b5bda4680ce1,45,Work
3996,03/21/2020T18:00:00 ,2020-03-21,House,"(4032521.1046996317, 2940197.8333157776)",20abf839173b47ecafb2d225c979d21e,32,Work,490626f279c749e1bb1ff5f436684078,27,House
3999,03/21/2020T18:30:00 ,2020-03-21,Public Transport,"(4031459.432845599, 2956880.434227305)",ae9ff141493f4ea097c15c83a7209edf,42,Public Transport,d5fd8c692ce24d12b6b621b5e18ee4ad,4,Public Transport
4005,03/21/2020T19:30:00 ,2020-03-21,Hospital,"(4026830.549424994, 2957052.0152650787)",7061dbf815574c829e5d48f3585a4693,32,Work,26805e857abd45d2b71e0613e98c0751,53,House
4010,03/21/2020T20:20:00 ,2020-03-21,Public Transport,"(4035578.4190347698, 2951012.658419337)",8239a73116484a88afa6e3b8a5341c84,11,Public Transport,5d5a14e8637749048bf1254debd98942,45,Public Transport
4011,03/21/2020T20:30:00 ,2020-03-21,House,"(4039589.4595408402, 2950864.700868882)",1deab656aef04987b6c85e9ab6bcf065,51,House,33d64516b81349b8961959416e98a342,16,House
4020,03/21/2020T22:00:00 ,2020-03-21,Hospital,"(4026830.549424994, 2957052.0152650787)",ede7bb88ab8243e59a468441890012e4,47,Work,f36801ad74654878a89c9ca9cfafe1ed,45,House
4030,03/21/2020T23:40:00 ,2020-03-21,House,"(4040115.4268500996, 2996949.459960097)",6057d419ef18431a8260f4bb87bb214f,16,House,006894d66cdb4575844355b009f15f7c,56,House
4032,03/22/2020T00:00:00 ,2020-03-22,House,"(4054340.882270062, 2950631.3815415623)",bd7e0e4eb06b496daf78244287124d06,4,House,a8222cca4bc1483884a2e9462662f609,23,House
4038,03/22/2020T01:00:00 ,2020-03-22,House,"(4051822.1780678355, 2939109.684508835)",e5a6435e2b5347be90cc9dcf3ab5fa18,33,House,e58bf2502bfd45b58578f5c5870b83ac,54,House
4041,03/22/2020T01:30:00 ,2020-03-22,House,"(4037354.25107391, 2951742.723911711)",9cb1e0500e8b423c937436e4c12d2226,49,House,c245339696a94b0a88cf50e1734c18c2,26,House
4048,03/22/2020T02:40:00 ,2020-03-22,House,"(4041770.14894604, 2944961.002479002)",3c354b5488534efaa2d92158550c303b,45,House,4302873b70c94d2a92f685ecea71964a,41,House
4057,03/22/2020T04:10:00 ,2020-03-22,House,"(4047948.361554855, 2941087.1597786928)",94fd1eb0dd364d9d960fc42b22dca420,55,House,e57c2e872b764a36b2beb98b596fad18,42,Visit
4060,03/22/2020T04:40:00 ,2020-03-22,House,"(4026681.226522868, 2986692.129295457)",a14651a3bd814d5c86b9eea6be109010,13,House,9d6ed060df2c4899b6e67c0c971d49c2,58,House
4064,03/22/2020T05:20:00 ,2020-03-22,House,"(4042900.6797690294, 2956956.4500839133)",d4e438f633e84dca802ca828e98ad08f,62,House,f2e935b90c6247408cdf89196bb855f6,53,House
4077,03/22/2020T07:30:00 ,2020-03-22,House,"(4029875.1742743505, 2939077.5178053197)",722de6f6b541412d8a60c4e70a42b510,18,House,c0b4e5420d0746b79ea9f5f4b21b7713,38,House
4080,03/22/2020T08:00:00 ,2020-03-22,House,"(4040113.4087422253, 2952959.1358891777)",f22896c4ac7d43aca2dd83c2f6d610d8,42,House,9ac34e50cdb145a5935a566142965e89,26,House
4091,03/22/2020T09:50:00 ,2020-03-22,House,"(4023331.4271503272, 2943346.2525808564)",7a3d35deeecd4087aecdcdfcf45a6562,39,House,b50993622abc45ad82f5c03e3fb7ad47,32,Work
4091,03/22/2020T09:50:00 ,2020-03-22,House,"(4037154.3704295843, 2937625.470376781)",b8883a88bc4a410e8728a3a0503e5d20,13,House,858e67db40774960a7fcf0b624aa0388,63,House
4094,03/22/2020T10:20:00 ,2020-03-22,Hospital,"(4026830.549424994, 2957052.0152650787)",e31899c5175f4ce08702749fe5efd725,33,Work,4c9357d7ccac42dd8b1177026e3f0e1c,54,House
4097,03/22/2020T10:50:00 ,2020-03-22,House,"(4023802.9661133797, 2943769.0834380686)",20bcd15dcf6e44e6ab66a9e8ca26386f,56,Restaurant,35eb1c056af049d2937d53a0f535361b,33,House
4099,03/22/2020T11:10:00 ,2020-03-22,House,"(4041721.563246677, 2952712.678718398)",940f160f5391439c861fc1119ba61e28,34,House,2ecf261eeeae4dd08e1cb5ce5b4aee40,4,House
4103,03/22/2020T11:50:00 ,2020-03-22,House,"(4023454.5713982456, 2947418.13305788)",a4e41ac02e784eb69306bb3198fb54a1,2,Visit,e608ecad5020415dbb62f6f77a7bbfc1,30,House
4103,03/22/2020T11:50:00 ,2020-03-22,House,"(4025283.887862557, 2969811.038767275)",e6e2a2a389284b85996c87317591e84c,4,House,e8314a4353d743009c3d4d636230427e,48,House
4138,03/22/2020T17:40:00 ,2020-03-22,House,"(4035784.220643405, 2951958.279763772)",81dc113317bc41c78fc52bfdcd539d23,43,House,5dd2130e3d8e4fe68e8e424f0e225b11,34,Visit
4139,03/22/2020T17:50:00 ,2020-03-22,House,"(4029361.1232578564, 2962385.1999406694)",8ef0660f2f65476c94c1bba2fdcf9673,9,House,c5f562a2e3fa460c88d4ce43b8f6ea1d,39,House
4142,03/22/2020T18:20:00 ,2020-03-22,House,"(4064021.956359562, 2972406.85697307)",0f0a0e63b1e34fdba1f597142c9854ca,8,House,e1ca78da3fca40dbbf1dcecc48f63bd5,34,Visit
4149,03/22/2020T19:30:00 ,2020-03-22,House,"(4022390.7149797557, 2951241.240718629)",d6b1728f3fbe479c9d15126eae0ff1ee,38,Shop,4bf16af66a4d4047a1e7e6e98d587a9c,36,House
4159,03/22/2020T21:10:00 ,2020-03-22,House,"(4039174.2657340514, 2951520.094723758)",1e1cc334736b4a23b1ed47e666916a50,21,Visit,63c5e5f400a84ef4adc200bf2e05027e,41,House
4163,03/22/2020T21:50:00 ,2020-03-22,House,"(4051442.521445208, 2962444.9057208505)",5b8aa11af7764f6f9d1e12a02e9088d1,40,House,4eb583895cde431aaf9b6751a35adc9d,45,House
4171,03/22/2020T23:10:00 ,2020-03-22,House,"(4032243.772925316, 2944963.340627225)",356dbdec0c7f4d3f946b67351d0d579b,14,House,172057076d8d4be389b41f7cb00eb508,43,House
4182,03/23/2020T01:00:00 ,2020-03-23,House,"(4038429.294726595, 2956446.037095086)",3605b4fedcc341c68243cacc8cb4b432,50,House,0414dea55cda4de8a8f1f259ca9cbff8,23,House
4182,03/23/2020T01:00:00 ,2020-03-23,House,"(4029008.426382366, 2939167.800141227)",2b505244cf5d405d984c7ee17dd4e582,49,House,b820517576124ed2a467630ed264e098,47,House
4186,03/23/2020T01:40:00 ,2020-03-23,House,"(4057998.491820387, 2935279.2756124595)",7e1f031169874f94a089827c75e01b76,23,House,8ea5f83edb2c483593189efc9e0fdfaf,38,House
4189,03/23/2020T02:10:00 ,2020-03-23,Public Transport,"(4029684.463103126, 2939399.926118276)",43909f2bcc2f4fb28006117768007ba6,12,Public Transport,3f60f0f3709346439998edc7f25859c6,28,Public Transport
4191,03/23/2020T02:30:00 ,2020-03-23,Public Transport,"(4029684.463103126, 2939399.926118276)",e73ac4fd50f844ffa707eb3db7ac34a3,20,Public Transport,c84d080d18964e958f44a68818ec8a04,19,Public Transport
4191,03/23/2020T02:30:00 ,2020-03-23,Public Transport,"(4029684.463103126, 2939399.926118276)",4b75ad8c23fd4346b038c793582ea547,20,Public Transport,0f0e83374e4943fca95d05cd290fcfd3,2,Public Transport
4191,03/23/2020T02:30:00 ,2020-03-23,Public Transport,"(4029684.463103126, 2939399.926118276)",f38ef134822f4341aaf0992a7aa54251,10,Public Transport,ef31ff47cbf541029a8b837fc53be26e,1,Public Transport
4191,03/23/2020T02:30:00 ,2020-03-23,House,"(4035478.3654239704, 2940634.5575055373)",41ef4417ae6349f8b71871119fb6c873,32,House,301d5cc411ee4e3b88b0e7a06b090b1c,50,House
4193,03/23/2020T02:50:00 ,2020-03-23,Care Home,"(4040157.0735851885, 2957292.780931754)",6f4e7f4294fc4ad3b8eda09e925c1679,94,House,dc9758efcc2d443698019cc4eeb873bb,92,House
4193,03/23/2020T02:50:00 ,2020-03-23,House,"(4058006.417300548, 2944348.272499161)",6f281db034134586b7de5b646d66eea2,76,House,e2b2598d98c6419da9faa4afeaf906ef,50,House
4195,03/23/2020T03:10:00 ,2020-03-23,House,"(4038550.5064746817, 2941328.870176714)",c8fb03d74b9c4a5985ec504217e36d8f,32,House,597a4a8aa72c4940b8cac639e34f4b0a,34,House
4199,03/23/2020T03:50:00 ,2020-03-23,Public Transport,"(4029684.463103126, 2939399.926118276)",346832c472f04755a7f2c193bb63292d,26,Public Transport,974469bb0aac44159dce9d6756401dcb,18,Public Transport
4200,03/23/2020T04:00:00 ,2020-03-23,House,"(4034142.1528435107, 2941172.4443916343)",a9d4ca3b825445eb98489be9a9ee03e9,45,House,4bc3296296af40dba99cddcd6c697c88,64,House
4206,03/23/2020T05:00:00 ,2020-03-23,House,"(4064491.414573999, 2972868.3359806696)",107812fc1296447085fc71a881675c23,65,House,18b8c8cee33044e3a8d7b6f30da8f7e1,46,House
4208,03/23/2020T05:20:00 ,2020-03-23,House,"(4030283.234251212, 2941069.369207499)",e4683e04cc5141df8eed6ffe215a1fc6,63,House,13ba751720e348b19917f79dc324a0f8,36,House
4211,03/23/2020T05:50:00 ,2020-03-23,Care Home,"(4040157.0735851885, 2957292.780931754)",c459b23eda724ae4b5aae06693c1504f,94,House,dc9758efcc2d443698019cc4eeb873bb,92,House
4211,03/23/2020T05:50:00 ,2020-03-23,House,"(4050470.193366514, 2962797.909908789)",12ab675efa684bc68c9b9dec76562219,60,House,7b817780c53146d48cb8ed432cde2a1c,7,House
4213,03/23/2020T06:10:00 ,2020-03-23,Care Home,"(4040157.0735851885, 2957292.780931754)",d03e9c0be3694a678262c02966bb180f,93,House,dc9758efcc2d443698019cc4eeb873bb,92,House
4213,03/23/2020T06:10:00 ,2020-03-23,House,"(4041576.5787327047, 2954618.299725108)",9339234e999143e09bbb326ef2c0f27f,4,House,ce7aae7555414c4cb6b7c3c061adf76a,54,House
4214,03/23/2020T06:20:00 ,2020-03-23,House,"(4037118.733196063, 2952404.635198354)",8bacdb57a4194b9ba18b52d9ab9f4ecd,35,House,db1cf12d93a7425e9dc92755c88b15ab,42,House
4215,03/23/2020T06:30:00 ,2020-03-23,House,"(4030085.535748114, 2939852.7572335172)",bf404758b6a64845996ece5c7eb48232,67,House,8c263e2f4dff44dda748c991238b186d,67,House
4225,03/23/2020T08:10:00 ,2020-03-23,House,"(4036782.666053387, 2952717.6671214984)",6d0857f964d54426ab581a16d5ca54bd,44,House,4a56851146f045f28fb57d159a2f8cd0,37,House
4226,03/23/2020T08:20:00 ,2020-03-23,Hospital,"(4041018.9862266188, 2978524.81136002)",773d9d1a8d2f4e80a5201dc6e568ac54,5,Work,f775ae55fc564c5db1436d35daaf7969,45,House
4226,03/23/2020T08:20:00 ,2020-03-23,House,"(4026744.4512212574, 2958132.2436643266)",f805162d18294a15aec11a9d14ac031f,9,School,db1da8c3dd704f64a92728d114abd81c,6,House
4241,03/23/2020T10:50:00 ,2020-03-23,House,"(4029397.6985534155, 2939817.7316326643)",542e4fe414d340f89348e755a91bfa17,37,House,14725cba521e4cfcb1f73b06ce175a06,18,House
4243,03/23/2020T11:10:00 ,2020-03-23,Hotel,"(4041905.981629138, 2953161.4380196705)",ffd7cfd606d1478f8a3985cb4155bd2c,27,Work,50afc78bbcb4417fa9bacfdfecffea99,42,Work
4244,03/23/2020T11:20:00 ,2020-03-23,House,"(4042031.4755446212, 2961379.941183082)",c3972bd2b9c94216ad38834a25da3c6b,54,House,aef72d2324374daa9e452bfc02f7067e,51,Visit
4247,03/23/2020T11:50:00 ,2020-03-23,House,"(4048696.144717778, 2983738.464215742)",34f2f7a9e1544876bfd1f994e3fb0f02,11,House,2af12c2bbc464dd98d96ec8d98070e1c,54,House
4250,03/23/2020T12:20:00 ,2020-03-23,Care Home,"(4039528.9994623875, 2952253.717866595)",1554275f1f864d17a7d81ad5b349a44b,53,Work,85df3e71ce2e4c0080412c1ca9767533,93,House
4268,03/23/2020T15:20:00 ,2020-03-23,Care Home,"(4040157.0735851885, 2957292.780931754)",83e37e140944460c862ac57fef7aec5a,93,House,eddb22071dab4ff7a235d338ba1855d1,95,House
4280,03/23/2020T17:20:00 ,2020-03-23,House,"(4043806.9580768435, 2952947.494885239)",162f11f80bd74a01938f77c2194d71c2,29,House,8d4a3f7e5cbb4a8cbe7b7889f757526e,48,House
4291,03/23/2020T19:10:00 ,2020-03-23,House,"(4026948.8139049415, 2942285.3661573115)",90fbba99ea064a5c9a6ffe01a04e867b,26,House,8d5d83f2df6c4b34b7fada0dd97e1a3f,54,Work
4296,03/23/2020T20:00:00 ,2020-03-23,House,"(4065470.0885734768, 2971028.358451136)",ced39764698345309a6627668da79fcb,58,House,cf5fb9eb1f914d61bcb86942bd6ba9a8,37,House
4304,03/23/2020T21:20:00 ,2020-03-23,House,"(4022066.116030221, 2969521.3445786787)",d7fd046b97a7420fbefdd9c17757415d,52,House,6a410173c83c4fee94ef6abac27a22f7,49,House
4306,03/23/2020T21:40:00 ,2020-03-23,House,"(4039661.689788822, 2952492.1612878377)",68ea3ff367a04622b35f40ffca782860,40,House,fa52bb89416e4c6688193f9b591ffcbf,51,House
4312,03/23/2020T22:40:00 ,2020-03-23,House,"(4041306.76435618, 2950670.12072907)",9541c5de76004c89b29f9697ece54fbb,28,House,92a49d8b666843d29de409ccf0e127d3,37,Restaurant
4314,03/23/2020T23:00:00 ,2020-03-23,House,"(4039589.4595408402, 2950864.700868882)",2e94cbb8c06f4f6986c48e33deca2943,20,House,1deab656aef04987b6c85e9ab6bcf065,51,House
4325,03/24/2020T00:50:00 ,2020-03-24,House,"(4038220.424532442, 2938079.515121365)",b3fce2159f904912bb7e4b00f46eddad,1,House,21ed1baadfc14033bcc8f6fe15885eac,26,House
4326,03/24/2020T01:00:00 ,2020-03-24,Care Home,"(4040157.0735851885, 2957292.780931754)",f5b6db02de864a338a7593c4463e7c84,95,House,eddb22071dab4ff7a235d338ba1855d1,95,House
4326,03/24/2020T01:00:00 ,2020-03-24,House,"(4022066.116030221, 2969521.3445786787)",3cac25ac0cbe4c0d8b4eed0211d552ef,15,House,6a410173c83c4fee94ef6abac27a22f7,49,House
4326,03/24/2020T01:00:00 ,2020-03-24,House,"(4029875.1742743505, 2939077.5178053197)",682bcb2071844b88a5cfcc9fbcb49d12,12,House,722de6f6b541412d8a60c4e70a42b510,18,House
4327,03/24/2020T01:10:00 ,2020-03-24,House,"(4022574.901976525, 2946648.4892638205)",2d82bbd0addd4488b5fd7575302b8f57,25,House,d27d245df9d14adea1813c4bb1ca0aed,41,House
4336,03/24/2020T02:40:00 ,2020-03-24,House,"(4030606.433744365, 2940113.549288397)",f6e9c2ce86f14d2b9f3147afc91ce85f,58,House,85129c1fc06149418ae68d80a6052b0c,31,House
4337,03/24/2020T02:50:00 ,2020-03-24,House,"(4023521.802026949, 2943348.3819107893)",14d9cfd57808401cab59f204d6a3c695,46,House,4071746840124d3e92b32f03613aa4dc,28,House
4338,03/24/2020T03:00:00 ,2020-03-24,House,"(4046130.9800241166, 2961338.666477653)",9dc7a9ace40c463f9423a55ba0dda859,36,House,b16d28ac6b1d41d0bbb292e68a2c1690,22,House
4338,03/24/2020T03:00:00 ,2020-03-24,House,"(4047515.268332904, 2941357.2333607487)",0d074a562d754c0096c962aa50beb130,12,House,5e1d114e464a43b08988a47706556347,41,House
4339,03/24/2020T03:10:00 ,2020-03-24,House,"(4041221.167912263, 2953745.73822016)",33b7fce6e304457396df389a22c39b14,52,House,d169f605445f4b5893daf4529e256bad,10,House
4340,03/24/2020T03:20:00 ,2020-03-24,Care Home,"(4040157.0735851885, 2957292.780931754)",d45675c325354cdb9da3ab642bd8928f,94,House,eddb22071dab4ff7a235d338ba1855d1,95,House
4341,03/24/2020T03:30:00 ,2020-03-24,Care Home,"(4040157.0735851885, 2957292.780931754)",d4194cb4f2f34459b351ceb15a995140,94,House,d03e9c0be3694a678262c02966bb180f,93,Visit
4342,03/24/2020T03:40:00 ,2020-03-24,Care Home,"(4040157.0735851885, 2957292.780931754)",f2e8457bfab9454c9ab900742663798b,95,House,b83b5d29f87f46e699b334b32989e2be,95,House
4350,03/24/2020T05:00:00 ,2020-03-24,House,"(4063267.9507203354, 2961596.2905045394)",434b0988e69d4234bdfe68eae9b5cbc9,3,House,83172117147d4944addf6579fe985f87,50,House
4363,03/24/2020T07:10:00 ,2020-03-24,Public Transport,"(4042689.7310041725, 2947205.5184772266)",575dd79ff9254e69ba2a084bf0181bc0,17,Public Transport,415f60ec96e745f8816d4a8cc4a3d158,53,Public Transport
4367,03/24/2020T07:50:00 ,2020-03-24,Public Transport,"(4040735.8449817905, 2949195.91983688)",f0947f667afc45c49f1f91fabd64ea1e,5,Public Transport,7b6e03d7d55440c1b2a632980cdc120e,16,Public Transport
4369,03/24/2020T08:10:00 ,2020-03-24,Hospital,"(4058154.76725065, 2949603.507869995)",3b77200b3daa4f9282d79c0b66ad6a53,64,Work,a38f5430f50e4e7b900e534ceec57d52,61,Car
4370,03/24/2020T08:20:00 ,2020-03-24,Hotel,"(4041905.981629138, 2953161.4380196705)",a98d8494eb40441c949375762f707436,39,Work,84720f7aca314487b123737325b2e319,20,Work
4370,03/24/2020T08:20:00 ,2020-03-24,House,"(4037154.3704295843, 2937625.470376781)",159db34c54794a249d6710a04018e994,29,House,62a6617da3e8495089630f0ba4c96261,24,House
4370,03/24/2020T08:20:00 ,2020-03-24,Secondary School,"(4031244.735218604, 2940315.296447066)",b280378723c54e56be9b7ffa9bd9e514,14,School,14725cba521e4cfcb1f73b06ce175a06,18,School
4371,03/24/2020T08:30:00 ,2020-03-24,Hotel,"(4041905.981629138, 2953161.4380196705)",64c3ee24da2f4e6c95b631e26cbe6b99,20,Work,6237d12e6af14a54bbd11289bf806007,50,Work
4371,03/24/2020T08:30:00 ,2020-03-24,Hotel,"(4041905.981629138, 2953161.4380196705)",da951c5325a04daba80d41c72aa77417,35,Work,4291a539965345789d2940029e6815c4,41,Work
4371,03/24/2020T08:30:00 ,2020-03-24,Hotel,"(4041905.981629138, 2953161.4380196705)",ffed2bfa26e2461d8b8da79e27c6fd14,23,Work,92d4b34a9fb042c7820685d9553fe407,44,Work
4371,03/24/2020T08:30:00 ,2020-03-24,Hotel,"(4041905.981629138, 2953161.4380196705)",20265db0845f4f5188f0894257cfe9c0,32,Work,e24d86b2130e4c5aaeef5d1da1474545,22,Work
4373,03/24/2020T08:50:00 ,2020-03-24,Hotel,"(4041905.981629138, 2953161.4380196705)",25e4412e3a8a4ce5b5861a35738e7f8a,55,Work,b3434245dad44e8c8a261784257a6f3a,31,Work
4374,03/24/2020T09:00:00 ,2020-03-24,Care Home,"(4040157.0735851885, 2957292.780931754)",84953b20c2bd4e9dbaf6e877c5648577,95,House,b83b5d29f87f46e699b334b32989e2be,95,Visit
4375,03/24/2020T09:10:00 ,2020-03-24,Care Home,"(4040157.0735851885, 2957292.780931754)",ee0d764a79a5428593e17dd92e159282,40,Work,eddb22071dab4ff7a235d338ba1855d1,95,Car
4376,03/24/2020T09:20:00 ,2020-03-24,Hospital,"(4058154.76725065, 2949603.507869995)",fce7682a38974b15b5e412b5890b40c5,51,Work,3a11f72562d14790a84ff3b4ea8df777,33,Work
4377,03/24/2020T09:30:00 ,2020-03-24,House,"(4035927.536676785, 2951266.266123883)",6d1801471c2f46fcb7bec60c6b1ab0d8,21,House,9a2faa07e259429db991e506c5b1a377,42,House
4378,03/24/2020T09:40:00 ,2020-03-24,Care Home,"(4040157.0735851885, 2957292.780931754)",e8aec4138dea45cd9738115893ab0e34,27,Work,ea97ada7cfa94a9193a90f49269ad02f,49,Work
4378,03/24/2020T09:40:00 ,2020-03-24,Hotel,"(4041905.981629138, 2953161.4380196705)",2a62e3520ca74c449b03058f785407e6,60,Work,14e7b5481f7442d7ba7e4a59f1ed00d0,28,Work
4378,03/24/2020T09:40:00 ,2020-03-24,Hotel,"(4041905.981629138, 2953161.4380196705)",121d4adffcfe4ad1b8302e36b175c60c,32,Work,b1d893ce3f4c441a96f7e1e8c6f9924f,30,Work
4379,03/24/2020T09:50:00 ,2020-03-24,Care Home,"(4040157.0735851885, 2957292.780931754)",35611186caa04acda529de67d3ed38cc,34,Work,ea97ada7cfa94a9193a90f49269ad02f,49,Work
4379,03/24/2020T09:50:00 ,2020-03-24,Secondary School,"(4039217.2555629266, 2951517.9840602893)",92c6187c3dcd47519d2569054f68aef8,19,School,33b0fc59273b4398b1247e14fa11736c,14,School
4380,03/24/2020T10:00:00 ,2020-03-24,Hospital,"(4026830.549424994, 2957052.0152650787)",be81b396461b4e0684fd7d706bb62e16,39,Work,d9011cc32bfd4b65913f0a3ee9509896,56,Work
4381,03/24/2020T10:10:00 ,2020-03-24,Care Home,"(4040157.0735851885, 2957292.780931754)",94fd67336a764af895ff58d5f9d88fb8,95,House,eddb22071dab4ff7a235d338ba1855d1,95,Shop
4381,03/24/2020T10:10:00 ,2020-03-24,Hospital,"(4026830.549424994, 2957052.0152650787)",1ef54d1416ca4532a72d07d2ed962816,51,Work,fab3deb5d0ae41789ea794675fd0ab85,61,Work
4381,03/24/2020T10:10:00 ,2020-03-24,Hospital,"(4026830.549424994, 2957052.0152650787)",f9e3a78265a546dd996c1a545ee12295,54,Work,fab3deb5d0ae41789ea794675fd0ab85,61,Work
4382,03/24/2020T10:20:00 ,2020-03-24,Hospital,"(4058154.76725065, 2949603.507869995)",e96febdcf72e477cb79ef014000c7ddf,48,Work,d33f4bae62ae403e8d94ae7978b4ea91,40,Work
4382,03/24/2020T10:20:00 ,2020-03-24,Hospital,"(4026830.549424994, 2957052.0152650787)",2355a39c269142ae8bb9329579039b55,35,Work,26805e857abd45d2b71e0613e98c0751,53,Work
4382,03/24/2020T10:20:00 ,2020-03-24,Hotel,"(4041905.981629138, 2953161.4380196705)",6578ce564ea0439ba350269f4ce01375,45,Work,7bc9c398138c48b098632d9c95f5f135,56,Work
4383,03/24/2020T10:30:00 ,2020-03-24,Hospital,"(4058154.76725065, 2949603.507869995)",1f11d5f30b3d411d863c412e2f00076b,55,Work,cca8f18a6f474f6889d316afbd517c7b,33,Work
4385,03/24/2020T10:50:00 ,2020-03-24,Hospital,"(4041018.9862266188, 2978524.81136002)",2cc80b58f8a64020813f94b1b91a15a8,41,Work,1fcae31b25944e7b827ab1f380989f76,27,Work
4385,03/24/2020T10:50:00 ,2020-03-24,Hotel,"(4041905.981629138, 2953161.4380196705)",86bdf3439e124fd880cfc6824a0eddd7,47,Work,dae08820e95a49ef9584b0b3eeadf7b9,26,Work
4386,03/24/2020T11:00:00 ,2020-03-24,Hotel,"(4041905.981629138, 2953161.4380196705)",d976cc1bfe7e463d9bba9ad265a22b95,30,Work,7e60f999a7c24f9cbcf5627bc89eeeb4,30,Work
4388,03/24/2020T11:20:00 ,2020-03-24,Shop,"(4026138.8109881002, 2945851.965113407)",5bfd0670ba8c451caf0a2d38781e82b4,23,Work,e7b078e06dc0465b91156a02ba2a4f58,27,Work
4388,03/24/2020T11:20:00 ,2020-03-24,Hotel,"(4041905.981629138, 2953161.4380196705)",0c15414a0f7d495a953cda949d7d2d6a,30,Work,b9e6aaaae3674a9b8b6955921c5f8eeb,22,Work
4389,03/24/2020T11:30:00 ,2020-03-24,Hospital,"(4041018.9862266188, 2978524.81136002)",07ec7c37d3b9436da03aafe98eb0723f,11,Medical,c451fe2077cc42a2abe341325721a3c5,95,Outdoor
4390,03/24/2020T11:40:00 ,2020-03-24,Hospital,"(4058154.76725065, 2949603.507869995)",f00b2839e0a745dc9e5486a6e73e737c,38,Work,87291c0271fc43319e85401348e04385,3,House
4390,03/24/2020T11:40:00 ,2020-03-24,Hospital,"(4041018.9862266188, 2978524.81136002)",ff9d56e70fee45d196a1d89e9347488a,70,Medical,b8746dea8c8440a2a8ad7b5d9f905624,44,Work
4390,03/24/2020T11:40:00 ,2020-03-24,Hotel,"(4041905.981629138, 2953161.4380196705)",a7b9dc245edc40e18592a2d264cfa9b0,35,Work,2d81a36fae004a66be89ca72dc60002c,22,Work
4391,03/24/2020T11:50:00 ,2020-03-24,Shop,"(4041394.0455010775, 2944086.237169109)",d63a95e86eee42559379232c0fce6f3a,42,Work,be4a231e1e6a49b88d84b5bda4680ce1,45,Work
4391,03/24/2020T11:50:00 ,2020-03-24,Shop,"(4041394.0455010775, 2944086.237169109)",aa53a1cf30914361964242becfc64890,28,Work,be4a231e1e6a49b88d84b5bda4680ce1,45,Work
4391,03/24/2020T11:50:00 ,2020-03-24,Hospital,"(4041018.9862266188, 2978524.81136002)",44c2c7e76b7848d39c37c697de06510f,33,Work,08bf3b8056ff4dffb2a74d434581b6c9,37,Work
4391,03/24/2020T11:50:00 ,2020-03-24,House,"(4018957.938408168, 2945991.0099484473)",c40083ea95874ed0abe1285fecc94c3a,37,House,1f2986a9175345718ea8bee9e9832255,57,Work
4392,03/24/2020T12:00:00 ,2020-03-24,Hospital,"(4058154.76725065, 2949603.507869995)",417b9114fa9a48bea23eeaa4f83d6761,31,Work,b15961f1a2bc4532a6e216175abc589d,50,Work
4392,03/24/2020T12:00:00 ,2020-03-24,Hotel,"(4041905.981629138, 2953161.4380196705)",90f1cb21f87f48a0a61cacbebcd5f06d,36,Work,127a6dd4ff50486a8169219ffafdb867,47,Work
4393,03/24/2020T12:10:00 ,2020-03-24,Hospital,"(4041018.9862266188, 2978524.81136002)",4f3fd38995184934aceef93b9daf982c,33,Work,83b08204de7c4b65ae62d6ec0d8138be,53,House
4393,03/24/2020T12:10:00 ,2020-03-24,Hotel,"(4041905.981629138, 2953161.4380196705)",bd46a8cc53894193b3798e0c91f5f998,37,Work,c50f680657634fd7837334cd906c77e8,52,Work
4394,03/24/2020T12:20:00 ,2020-03-24,Hotel,"(4041905.981629138, 2953161.4380196705)",31f6f8a09d554380b79439a0a95d15b9,39,Work,8adcd40ec296436eb76edfe2174e4a0a,64,Work
4395,03/24/2020T12:30:00 ,2020-03-24,Hospital,"(4041018.9862266188, 2978524.81136002)",dbd6d6c66ed348f081bcf5477b6b6188,26,Work,83b08204de7c4b65ae62d6ec0d8138be,53,House
4395,03/24/2020T12:30:00 ,2020-03-24,House,"(4040608.8033625465, 2949058.954725945)",4fedb0994582400f9bfe56393035589e,1,Restaurant,43966ac3585143899583ae59783b5ff5,28,House
4397,03/24/2020T12:50:00 ,2020-03-24,Hotel,"(4041905.981629138, 2953161.4380196705)",e395113cb3294ac6b4b5b6d986408023,29,Work,b8046605498a46e1a1a3832e267ba9c1,18,Work
4398,03/24/2020T13:00:00 ,2020-03-24,House,"(4035029.8510446656, 2958871.0508361035)",ffb02cc751fe4b028def3797b5ef2d13,9,School,92d0d1303eab4bc6ad80fd2b5354d45a,57,Work
4398,03/24/2020T13:00:00 ,2020-03-24,Secondary School,"(4028941.945504558, 2972528.6090870015)",5453699b449a4fb4a1a1c0f064f67a99,25,School,0a67bfc5eeef485482d4e5de7d903931,18,School
4399,03/24/2020T13:10:00 ,2020-03-24,Hospital,"(4058154.76725065, 2949603.507869995)",eac65c2352d94c9ba252d12ddfd3e95d,14,Work,31b195d5297c44dcb7ff47c10511d196,34,Work
4399,03/24/2020T13:10:00 ,2020-03-24,Hospital,"(4058154.76725065, 2949603.507869995)",3f236e0918434ff8b591811b772817f4,57,Medical,21c3a1bb8fdb46c1b043147edcb36abe,55,Work
4399,03/24/2020T13:10:00 ,2020-03-24,Secondary School,"(4039217.2555629266, 2951517.9840602893)",50233148b7bf474b87a0a63e0770f2f8,14,School,a06ee82e42224933b0c8faff1ad6cd30,25,Work
4400,03/24/2020T13:20:00 ,2020-03-24,Hotel,"(4041905.981629138, 2953161.4380196705)",be7f22379ebd4844abad6faee45b4094,22,Work,1e4baf3617d9497abc59e003f9e49003,41,Work
4401,03/24/2020T13:30:00 ,2020-03-24,Care Home,"(4040157.0735851885, 2957292.780931754)",82eeddae639e49a2bbe6264bf13c2c7d,93,House,c459b23eda724ae4b5aae06693c1504f,94,House
4401,03/24/2020T13:30:00 ,2020-03-24,Hotel,"(4041905.981629138, 2953161.4380196705)",cf866f01c7a044649a582d36bcd03b3f,57,Work,cbec3c98f2a843d29146d8b624bce4f4,38,Work
4402,03/24/2020T13:40:00 ,2020-03-24,Secondary School,"(4039217.2555629266, 2951517.9840602893)",2c8c661783c846b5b7ac543e84b19cbf,24,School,85e2b9d6681a45a596945c7f96296380,19,School
4403,03/24/2020T13:50:00 ,2020-03-24,Hospital,"(4026830.549424994, 2957052.0152650787)",54008462bbe44a5784657670c4dd6ef9,48,Work,d9011cc32bfd4b65913f0a3ee9509896,56,Work
4403,03/24/2020T13:50:00 ,2020-03-24,Hotel,"(4041905.981629138, 2953161.4380196705)",fa5b1567af304486bdca61f074e026b9,39,Work,cd494248b9b84ffc926dd52e7857439e,27,Work
4403,03/24/2020T13:50:00 ,2020-03-24,House,"(4025531.791540634, 2945330.441591714)",79aaee949a574bcdbe2ff894d12c6b7a,25,House,d65d4dc76ca7411a9cb15506e349f243,28,House
4404,03/24/2020T14:00:00 ,2020-03-24,Public Transport,"(4056531.40954748, 2936760.398052978)",8d6374050a0a41c19fd228604c3d25d4,24,Public Transport,b6fd9a6683fe4894bb5a94b280a14c0d,32,Public Transport
4404,03/24/2020T14:00:00 ,2020-03-24,House,"(4029202.0746051264, 2970370.1228543664)",47dab1d26835437bbb32e2bdc7b7aaae,90,House,202d91b0976243b1a4253b4a38ab21a9,27,Work
4406,03/24/2020T14:20:00 ,2020-03-24,Public Transport,"(4019259.468725351, 2945007.8227702193)",197cd8af3c0a41ec9fa598d18446b7b3,60,Public Transport,14725cba521e4cfcb1f73b06ce175a06,18,Public Transport
4406,03/24/2020T14:20:00 ,2020-03-24,Hospital,"(4041018.9862266188, 2978524.81136002)",a0d2819ac57e45f2bcb25b19ad60a223,25,Work,1fcae31b25944e7b827ab1f380989f76,27,Work
4406,03/24/2020T14:20:00 ,2020-03-24,Hospital,"(4026830.549424994, 2957052.0152650787)",9bf8a2d4629f4d59b323a21d40a60b99,49,Work,a69bba7b2cd24c80a1d9132178cb0028,78,House
4407,03/24/2020T14:30:00 ,2020-03-24,Hospital,"(4041018.9862266188, 2978524.81136002)",54a8c4f5eada445a936b5d6c6182ebc8,58,Medical,54bcc0db7b1b4051bc76e2d52c189842,60,Work
4408,03/24/2020T14:40:00 ,2020-03-24,Hospital,"(4058154.76725065, 2949603.507869995)",925736c1c45a4443a5fa37982d3c24c2,34,Work,f98f177be6dd4122a5eeb7676edf763a,38,Work
4408,03/24/2020T14:40:00 ,2020-03-24,Hospital,"(4041018.9862266188, 2978524.81136002)",65ac789d701c4691b778aba8f612005c,5,Work,44028fcb2c4c40ca9d761e94bfec281c,95,House
4409,03/24/2020T14:50:00 ,2020-03-24,Care Home,"(4040157.0735851885, 2957292.780931754)",55c6202d75de47c7890b33c4026e328c,59,Work,dc9758efcc2d443698019cc4eeb873bb,92,Shop
4409,03/24/2020T14:50:00 ,2020-03-24,Hospital,"(4058154.76725065, 2949603.507869995)",2b5019234f4e47bd80bdf17fd75ae71c,64,Work,2356d7e9eb61405f9c8ae2e8f9d11c17,66,Car
4409,03/24/2020T14:50:00 ,2020-03-24,Hotel,"(4041905.981629138, 2953161.4380196705)",d6195ebdfd8a4e6f8cea3d5331f0baa5,54,Work,ea546621a6bb404cad32db2fe252498f,47,Work
4410,03/24/2020T15:00:00 ,2020-03-24,Secondary School,"(4038231.4573233607, 2941585.605677152)",266f7210c8964477b3e55e3dc56d2cd3,13,School,9b623be21c9e4123a8d06530a68eb95c,19,School
4411,03/24/2020T15:10:00 ,2020-03-24,Shop,"(4041394.0455010775, 2944086.237169109)",973db0bb0e304546a9aa6169e66f653d,29,Work,be4a231e1e6a49b88d84b5bda4680ce1,45,Work
4411,03/24/2020T15:10:00 ,2020-03-24,Secondary School,"(4023572.0606558337, 2941851.910132927)",cb04182b9c50464b8b1163e9e8ca27fa,14,School,722de6f6b541412d8a60c4e70a42b510,18,School
4414,03/24/2020T15:40:00 ,2020-03-24,Hospital,"(4041018.9862266188, 2978524.81136002)",5d0858ceb38f4cbbb58d2fb43d8c4256,52,Medical,8e55627ded654728a998a6219342d485,94,Outdoor
4415,03/24/2020T15:50:00 ,2020-03-24,Hotel,"(4041905.981629138, 2953161.4380196705)",bee3077fa1c44bf09590ea235e93ba0d,24,Work,7c30dcfb40604c2f8f5adf35ec7c2b73,29,Work
4416,03/24/2020T16:00:00 ,2020-03-24,Shop,"(4026138.8109881002, 2945851.965113407)",395bf5412d344eda819a33628fd615f4,38,Work,3713217fe83945dca462b277d98879be,49,Work
4416,03/24/2020T16:00:00 ,2020-03-24,Hotel,"(4041905.981629138, 2953161.4380196705)",5a029306637f419e8636f67c2ec4ccbc,25,Work,d03013371beb4fbd9726852088b83b9f,41,Work
4416,03/24/2020T16:00:00 ,2020-03-24,Hotel,"(4041905.981629138, 2953161.4380196705)",8c17e4f0df20454fa9d1345f782b4a96,47,Work,d03013371beb4fbd9726852088b83b9f,41,Work
4417,03/24/2020T16:10:00 ,2020-03-24,Hotel,"(4041905.981629138, 2953161.4380196705)",df98fd494c054146b23deadb9695232a,35,Work,ebe407c905534d408955866155e1661f,53,Work
4418,03/24/2020T16:20:00 ,2020-03-24,Shop,"(4061132.6588792657, 2950252.969120565)",2c423577f8a94b8f93b05d94fe1846a4,50,Work,056298ea9a8c46d8b9041e70ffce63b5,23,Work
4418,03/24/2020T16:20:00 ,2020-03-24,Hospital,"(4041018.9862266188, 2978524.81136002)",ce36c720e034427688ede903686442d0,46,Work,461d06ba692e484ca815d28c6af5385f,47,Outdoor
4418,03/24/2020T16:20:00 ,2020-03-24,Hospital,"(4041018.9862266188, 2978524.81136002)",d56fd4db0f214ca89a78f00d24e68ae1,59,Work,e6fd49a182fc43969169a5676243de82,93,Medical
4420,03/24/2020T16:40:00 ,2020-03-24,Shop,"(4041394.0455010775, 2944086.237169109)",8080478575b94ec190d4fe933d625f5e,45,Work,be4a231e1e6a49b88d84b5bda4680ce1,45,Work
4420,03/24/2020T16:40:00 ,2020-03-24,Hospital,"(4058154.76725065, 2949603.507869995)",4a03d21b7b2b4a0f9c54bd5ad09395c2,23,Work,4eb583895cde431aaf9b6751a35adc9d,45,House
4421,03/24/2020T16:50:00 ,2020-03-24,Hospital,"(4026830.549424994, 2957052.0152650787)",803f6d5863ed4e7c9e565be5c7f0c39c,30,Work,1eaeb1ae8e8e43549e8f1e7102a28104,21,Work
4422,03/24/2020T17:00:00 ,2020-03-24,Hospital,"(4041018.9862266188, 2978524.81136002)",56158f9202ff4b549b7a7726656f2f5b,18,Work,d95ed15a62504a3b877ce91a13c96067,32,Work
4423,03/24/2020T17:10:00 ,2020-03-24,Shop,"(4061132.6588792657, 2950252.969120565)",02c9961d69fa493b98052d0bfcb88496,22,Work,056298ea9a8c46d8b9041e70ffce63b5,23,Work
4423,03/24/2020T17:10:00 ,2020-03-24,Hospital,"(4058154.76725065, 2949603.507869995)",4d0e8666fa3a4a8f8c12b2cf95c30c7a,57,Work,39e596841eca455facdeb4bfce7f717e,47,Work
4423,03/24/2020T17:10:00 ,2020-03-24,Hospital,"(4058154.76725065, 2949603.507869995)",43517213d1274b4da71a88f15406fc22,21,Work,598f68de95314e79b980a08ae065b3cb,57,Work
4423,03/24/2020T17:10:00 ,2020-03-24,Hospital,"(4058154.76725065, 2949603.507869995)",5578d5d8adee48778551f10d0c033a5a,39,Work,2b8f052ad5fa4d0cb781eb66e16f2962,51,Work
4424,03/24/2020T17:20:00 ,2020-03-24,Hospital,"(4058154.76725065, 2949603.507869995)",d5042d96982947c4ac22c38443ddb0e2,57,Work,2b8f052ad5fa4d0cb781eb66e16f2962,51,Car
4424,03/24/2020T17:20:00 ,2020-03-24,House,"(4029397.6985534155, 2939817.7316326643)",f915f84e79034802b99c9046f47d56a1,22,House,14725cba521e4cfcb1f73b06ce175a06,18,House
4433,03/24/2020T18:50:00 ,2020-03-24,House,"(4030606.433744365, 2940113.549288397)",3e6b1d92e523485b8edb1d5877e62073,8,House,85129c1fc06149418ae68d80a6052b0c,31,Work
4452,03/24/2020T22:00:00 ,2020-03-24,House,"(4026998.4788586367, 2940995.4530118937)",422383e1d9564fdfa323e2edff184040,31,House,52868ac2873e4700bcb29b84c5080aee,7,House
4454,03/24/2020T22:20:00 ,2020-03-24,House,"(4037891.2458741465, 2938548.996213347)",696744b9dc0b4ad78f53d64daeaaa526,7,House,7f3f3fce23b9453f8593d70b22a3bc4d,37,House
4458,03/24/2020T23:00:00 ,2020-03-24,House,"(4033222.341886691, 2953507.5833780984)",7a99aa821f9a43d3ab6bf17aa767c4fb,36,House,05cf8d949dd84d8489ff5c2f3ad87409,25,Restaurant
4462,03/24/2020T23:40:00 ,2020-03-24,House,"(4051316.4494010187, 2939896.277855454)",aff61968065e4943970ac99925edf0da,55,House,27b81b2f50194e1eb9b45e5707d72729,7,House
4476,03/25/2020T02:00:00 ,2020-03-25,House,"(4032356.474462311, 2940022.0234467727)",c88f3fdcdc1c4bc0a0b274fc938faa84,16,House,29813f59c2904ab391e9cea1faee229c,33,House
4479,03/25/2020T02:30:00 ,2020-03-25,House,"(4038812.4093351904, 2951664.841362206)",387a8a7cc8314ae1be899a26dc257beb,7,House,d1594ab5198f401990878a89d9947297,49,House
4481,03/25/2020T02:50:00 ,2020-03-25,Care Home,"(4040157.0735851885, 2957292.780931754)",5d08425f37ef4a11ad42fabb5e54a7bd,93,House,dc9758efcc2d443698019cc4eeb873bb,92,House
4481,03/25/2020T02:50:00 ,2020-03-25,House,"(4044812.79235959, 2941360.8454407994)",1f22832170a44b0d9f4e0f705625aa64,4,House,e9be93a4e9f64d8e9d845a24d0eb71cf,46,House
4483,03/25/2020T03:10:00 ,2020-03-25,House,"(4041479.979830381, 2956488.976948902)",93ecbeb88f6b491590586dc6021b6f96,14,House,5731978f00dd42138e6c2909cedb85f1,7,House
4488,03/25/2020T04:00:00 ,2020-03-25,Care Home,"(4040157.0735851885, 2957292.780931754)",3f1540dd165c4937989241a00a826ca3,93,House,dc9758efcc2d443698019cc4eeb873bb,92,House
4509,03/25/2020T07:30:00 ,2020-03-25,Public Transport,"(4041249.6904502893, 2949504.057010755)",009e56df887b476ebf73df23efc25629,4,Public Transport,9435276925824df189bc4c1ee3afa6e8,13,Public Transport
4512,03/25/2020T08:00:00 ,2020-03-25,Public Transport,"(4042245.1331804185, 2949715.908886372)",281ec95213b04ccca10e84d8e04b2b69,0,Public Transport,5c00eecc918b47928f38f24da16a98da,21,Public Transport
4512,03/25/2020T08:00:00 ,2020-03-25,Public Transport,"(4039678.0000137826, 2951473.8030637456)",d8ccb9906a374d2b9c531766408ee308,3,Public Transport,fb8b43f94d6b4f98a2bcdb2965b1a953,20,Public Transport
4512,03/25/2020T08:00:00 ,2020-03-25,Public Transport,"(4026291.680478054, 2940632.882957865)",b00bedee0cd247489d4808d707a48baf,13,Public Transport,d1e506b3366e4081a541465ce0209bee,56,Public Transport
4516,03/25/2020T08:40:00 ,2020-03-25,Hospital,"(4058154.76725065, 2949603.507869995)",b53ebe66c380498d804ebf95bf433e3b,38,Work,a38f5430f50e4e7b900e534ceec57d52,61,Work
4516,03/25/2020T08:40:00 ,2020-03-25,Hotel,"(4041905.981629138, 2953161.4380196705)",81110d58c9874a809e62a0be47be3836,37,Work,18b8c8cee33044e3a8d7b6f30da8f7e1,46,Work
4516,03/25/2020T08:40:00 ,2020-03-25,Secondary School,"(4033512.2757793837, 2937085.895240092)",f5430ba57d994138a4ad62a4003032bb,58,Work,c1980881d0e342b690190791e9030137,18,School
4516,03/25/2020T08:40:00 ,2020-03-25,Secondary School,"(4039217.2555629266, 2951517.9840602893)",e95e1178071841159bcc06e819ca5f22,12,School,a06ee82e42224933b0c8faff1ad6cd30,25,Work
4517,03/25/2020T08:50:00 ,2020-03-25,Hospital,"(4041018.9862266188, 2978524.81136002)",6a7ef29a9fe14ed39933f18fcf8e75c8,60,Work,f38a9adcc0cd4c3ea7ba2a80d7eb71f9,79,House
4518,03/25/2020T09:00:00 ,2020-03-25,Care Home,"(4040157.0735851885, 2957292.780931754)",b08400fbe8a541cd978f7efd803a1ca0,95,House,c459b23eda724ae4b5aae06693c1504f,94,House
4518,03/25/2020T09:00:00 ,2020-03-25,Hospital,"(4058154.76725065, 2949603.507869995)",0b8b9251d4834d02a3401d8a8cb280e0,25,Work,7cd7aec0165f4e9e97de48c99633c33d,93,House
4519,03/25/2020T09:10:00 ,2020-03-25,Hospital,"(4058154.76725065, 2949603.507869995)",247775de04de4676badc8dbd3cf4ab5c,64,Work,cdc59c333d7f491a8f2238f0daf5409f,18,Work
4519,03/25/2020T09:10:00 ,2020-03-25,Hotel,"(4041905.981629138, 2953161.4380196705)",57c3c6642dfb44889348e53e804ee0e8,32,Work,89f1c5386c794be89928883611650c5d,43,Work
4519,03/25/2020T09:10:00 ,2020-03-25,Hotel,"(4041905.981629138, 2953161.4380196705)",50625cbe430d42f29ad3ed8d8f13b643,63,Work,6237d12e6af14a54bbd11289bf806007,50,Work
4519,03/25/2020T09:10:00 ,2020-03-25,Secondary School,"(4031244.735218604, 2940315.296447066)",27542dfd8ed846a2b73477b6165a8e65,28,School,14725cba521e4cfcb1f73b06ce175a06,18,School
4521,03/25/2020T09:30:00 ,2020-03-25,Shop,"(4041394.0455010775, 2944086.237169109)",d29c3f6bde554cc8b95418b2e4197249,27,Work,be4a231e1e6a49b88d84b5bda4680ce1,45,Work
4521,03/25/2020T09:30:00 ,2020-03-25,Hospital,"(4041018.9862266188, 2978524.81136002)",2d078210e0f54ec2ba8e320163f80b8c,54,Work,d95ed15a62504a3b877ce91a13c96067,32,Work
4523,03/25/2020T09:50:00 ,2020-03-25,Hospital,"(4058154.76725065, 2949603.507869995)",7c35d73c89384f0e8c46515b1948c8d0,38,Work,a45b632e31564671ac73874a28acfa59,21,Work
4523,03/25/2020T09:50:00 ,2020-03-25,House,"(4029725.39227664, 2939619.871058223)",eda3a5f9de1f43228b436d944bd8ec61,27,House,5399179405654b51a14e17daaf113d17,30,House
4523,03/25/2020T09:50:00 ,2020-03-25,Secondary School,"(4034404.417465693, 2942685.048007)",b0d5ad532ad74365b1b43e5685079c17,16,School,e73ac4fd50f844ffa707eb3db7ac34a3,20,School
4524,03/25/2020T10:00:00 ,2020-03-25,Hotel,"(4041905.981629138, 2953161.4380196705)",c8974727052c450a807a81fbff70e418,33,Work,89f1c5386c794be89928883611650c5d,43,Work
4526,03/25/2020T10:20:00 ,2020-03-25,Hospital,"(4058154.76725065, 2949603.507869995)",24aaa6c6e8bf40a4b694d2a66b2d6e9c,53,Work,b15961f1a2bc4532a6e216175abc589d,50,Work
4526,03/25/2020T10:20:00 ,2020-03-25,Hospital,"(4041018.9862266188, 2978524.81136002)",f1478c4605c5430089f17e4f175fba6f,21,Work,0781aaa553664e4b85d158694868d73c,2,Work
4526,03/25/2020T10:20:00 ,2020-03-25,Hospital,"(4026830.549424994, 2957052.0152650787)",07dcc884f5f14d90b8f3beb5cee52701,36,Work,26805e857abd45d2b71e0613e98c0751,53,Work
4527,03/25/2020T10:30:00 ,2020-03-25,Hospital,"(4058154.76725065, 2949603.507869995)",ca6ca94546bd4ae7aeb7d5d662d32bc2,21,Work,87291c0271fc43319e85401348e04385,3,House
4527,03/25/2020T10:30:00 ,2020-03-25,Hospital,"(4041018.9862266188, 2978524.81136002)",2929703cc3cd4fd78a36d45ffd25f971,28,Work,646b916b29a145888751458f02f4c157,30,Work
4528,03/25/2020T10:40:00 ,2020-03-25,Hospital,"(4041018.9862266188, 2978524.81136002)",40558f2f85654358b130c1cc847719ec,57,Work,83b08204de7c4b65ae62d6ec0d8138be,53,House
4528,03/25/2020T10:40:00 ,2020-03-25,Secondary School,"(4038231.4573233607, 2941585.605677152)",71ab043913b54b278fd91a9675e74413,16,School,2adf037b92fa44e1b40ca7857fd3603e,24,School
4529,03/25/2020T10:50:00 ,2020-03-25,Care Home,"(4040157.0735851885, 2957292.780931754)",d7f83a5be680490ab83c47ede1807f4a,43,Work,eddb22071dab4ff7a235d338ba1855d1,95,Shop
4529,03/25/2020T10:50:00 ,2020-03-25,Hospital,"(4041018.9862266188, 2978524.81136002)",7caa221b86394c6a8ecbae0bee554da7,62,Work,42187d59db354458aefb10c2fdb4844f,61,Work
4530,03/25/2020T11:00:00 ,2020-03-25,Care Home,"(4040157.0735851885, 2957292.780931754)",7f616454aed44328aeca5a93d65ec85d,44,Work,eddb22071dab4ff7a235d338ba1855d1,95,Shop
4533,03/25/2020T11:30:00 ,2020-03-25,Hospital,"(4058154.76725065, 2949603.507869995)",c94e43a8fc274ae08bfc6ea2284665a9,22,Work,ff433877602b4abca425948f4b218ada,45,Work
4535,03/25/2020T11:50:00 ,2020-03-25,Shop,"(4061132.6588792657, 2950252.969120565)",623f502e97554477a03b09dfb5fe5412,50,Work,056298ea9a8c46d8b9041e70ffce63b5,23,Work
4536,03/25/2020T12:00:00 ,2020-03-25,Hotel,"(4041905.981629138, 2953161.4380196705)",cfd8689edf8b40be90ae7af0fc63884a,24,Work,b3434245dad44e8c8a261784257a6f3a,31,Work
4537,03/25/2020T12:10:00 ,2020-03-25,Shop,"(4041394.0455010775, 2944086.237169109)",b2f0c9300cff487ca33efa11bf72d4dc,43,Work,d28c1e89fcf94e29bda2263fd5f23641,60,Work
4537,03/25/2020T12:10:00 ,2020-03-25,Hospital,"(4058154.76725065, 2949603.507869995)",c8bc2eeeca174984a455cb950c1a813e,30,Work,e18e6537b6134634b4a095b4c7542019,49,Work
4541,03/25/2020T12:50:00 ,2020-03-25,Hospital,"(4026830.549424994, 2957052.0152650787)",4f63ee548ae743819f79c31e5ccdbba7,26,Work,1eaeb1ae8e8e43549e8f1e7102a28104,21,Work
4541,03/25/2020T12:50:00 ,2020-03-25,Hotel,"(4041905.981629138, 2953161.4380196705)",a10518db7133445883185b4b81b6f5bc,30,Work,6abcd4b6ed79425186ea98a5f0c0ce8d,34,Work
4545,03/25/2020T13:30:00 ,2020-03-25,Hospital,"(4058154.76725065, 2949603.507869995)",8493114e1c1b4a5a8f06ec6d2e77b3c5,54,Work,837a26b79e68487babb41135f7c841a6,45,Work
4545,03/25/2020T13:30:00 ,2020-03-25,Secondary School,"(4034683.76488532, 2947950.22012564)",72f0c897ff0b4e81a75ee023e549e773,15,School,5b8aa11af7764f6f9d1e12a02e9088d1,40,Work
4546,03/25/2020T13:40:00 ,2020-03-25,Hospital,"(4041018.9862266188, 2978524.81136002)",7ddbeb8b93ad462d96ec179db63c261f,54,Work,f69544d9480047e789c136b37fe665cf,42,Work
4546,03/25/2020T13:40:00 ,2020-03-25,Hotel,"(4041905.981629138, 2953161.4380196705)",ae910fc6aeac40f4a0427c0a522d4440,37,Work,db27881452034fa38d67b9808115e660,51,Work
4546,03/25/2020T13:40:00 ,2020-03-25,Secondary School,"(4034404.417465693, 2942685.048007)",9d8396e0c1f74c3ba1ca558a7e84b932,12,School,e73ac4fd50f844ffa707eb3db7ac34a3,20,School
4547,03/25/2020T13:50:00 ,2020-03-25,House,"(4022061.2199209584, 2942661.5544221844)",5443d9c1660a40969f9711cd6f4017ae,61,House,32afd08b9a6a40dda69090de459d3e84,64,Restaurant
4549,03/25/2020T14:10:00 ,2020-03-25,Hospital,"(4041018.9862266188, 2978524.81136002)",c3688dae3e9e4795b666e1ad4f411183,33,Work,517c6a167bd94fea8abee02bbeb36992,95,Shop
4551,03/25/2020T14:30:00 ,2020-03-25,House,"(4042308.4427674212, 2950414.0169037892)",b837e001c62848f494fdd6d690b58888,12,House,b7876b5b969948a482a203f306afc088,57,Work
4552,03/25/2020T14:40:00 ,2020-03-25,Hospital,"(4058154.76725065, 2949603.507869995)",2e89f64db25c41b78521c4fca19cb04e,22,Work,87291c0271fc43319e85401348e04385,3,Outdoor
4552,03/25/2020T14:40:00 ,2020-03-25,Secondary School,"(4028941.945504558, 2972528.6090870015)",48db346244dc4fb78a4e67af7998785d,22,School,55badd37aa864cdb886004c7e7bbfc70,14,School
4555,03/25/2020T15:10:00 ,2020-03-25,Shop,"(4041394.0455010775, 2944086.237169109)",a90726f5280d44998345a64397933911,58,Work,be4a231e1e6a49b88d84b5bda4680ce1,45,Work
4557,03/25/2020T15:30:00 ,2020-03-25,Care Home,"(4040157.0735851885, 2957292.780931754)",b3ab07ec7d3c47a5a6c4513b9387fd36,26,Work,b83b5d29f87f46e699b334b32989e2be,95,House
4557,03/25/2020T15:30:00 ,2020-03-25,Shop,"(4026138.8109881002, 2945851.965113407)",dd58a50462204fa99040b41daf2bef72,26,Work,3713217fe83945dca462b277d98879be,49,Work
4558,03/25/2020T15:40:00 ,2020-03-25,Hospital,"(4058154.76725065, 2949603.507869995)",b842baea686840ceab02dac714996d9f,55,Work,b15961f1a2bc4532a6e216175abc589d,50,Work
4558,03/25/2020T15:40:00 ,2020-03-25,Hospital,"(4058154.76725065, 2949603.507869995)",1399aee507ac4eecae8dd051b826c509,57,Medical,b376e75e62a24150abeae39ef879da17,36,Work
4559,03/25/2020T15:50:00 ,2020-03-25,Hospital,"(4058154.76725065, 2949603.507869995)",7a1a70f1b7c74224b451c55b4b8c40e2,33,Work,9120a81a9b9346e287a5e5e4a487798f,60,Work
4559,03/25/2020T15:50:00 ,2020-03-25,Hospital,"(4041018.9862266188, 2978524.81136002)",4ccf12ccc19a4896bafbad22a718ddd2,40,Work,c451fe2077cc42a2abe341325721a3c5,95,House
4560,03/25/2020T16:00:00 ,2020-03-25,Shop,"(4061132.6588792657, 2950252.969120565)",b8147dd5bdbf4ee0b41fd0b8d1ee1a87,56,Work,056298ea9a8c46d8b9041e70ffce63b5,23,Work
4561,03/25/2020T16:10:00 ,2020-03-25,Care Home,"(4040157.0735851885, 2957292.780931754)",60c3c068c7a245f2a265d66eb16a0025,22,Work,c459b23eda724ae4b5aae06693c1504f,94,Outdoor
4562,03/25/2020T16:20:00 ,2020-03-25,Hospital,"(4026830.549424994, 2957052.0152650787)",bf276702476c425c82951bc0a0ac2369,7,Work,610a426eb8804138b15ac718ce53327f,94,House
4564,03/25/2020T16:40:00 ,2020-03-25,Hospital,"(4041018.9862266188, 2978524.81136002)",e6e6c22d1f594533a052b7cfe039bc8f,35,Work,990b221de65c40d1968c1e83baa1d0a2,51,Work
4565,03/25/2020T16:50:00 ,2020-03-25,Hospital,"(4058154.76725065, 2949603.507869995)",b1167973611e4c9e94679921dfa56a27,42,Work,e8f3534ac81b4c8498cbfc0f7c6d479c,39,Work
4565,03/25/2020T16:50:00 ,2020-03-25,Hotel,"(4041905.981629138, 2953161.4380196705)",ba64e2ea6a2a4971b5942927fb2d0fa0,24,Work,e24d86b2130e4c5aaeef5d1da1474545,22,Work
4567,03/25/2020T17:10:00 ,2020-03-25,Public Transport,"(4042245.1331804185, 2949715.908886372)",43daba129aa640aa8827a67bd3a60daf,20,Public Transport,a50908c4594445ec9b9af4154ec034e8,46,Public Transport
4569,03/25/2020T17:30:00 ,2020-03-25,Care Home,"(4040157.0735851885, 2957292.780931754)",efb32ee4472d41b8b7411d41e99a23a3,53,Work,b704f266f1d441dfa989dfb1cf944aae,36,Work
4579,03/25/2020T19:10:00 ,2020-03-25,House,"(4038241.4559032563, 2971984.0192210134)",01c2f1bdab0947ea90b5704f4458e67a,26,House,f109cb1d15e04d5caa7760224c74d489,63,House
4579,03/25/2020T19:10:00 ,2020-03-25,House,"(4050208.7052336745, 2979533.1591580035)",1cd88073ae704acc95a0e15cf76033d8,52,House,235052c311714fc1a278b76e366cda1f,39,House
4593,03/25/2020T21:30:00 ,2020-03-25,Care Home,"(4040157.0735851885, 2957292.780931754)",1b79140f9c914edb8987e6d3edc53ccc,92,House,d4194cb4f2f34459b351ceb15a995140,94,House
4599,03/25/2020T22:30:00 ,2020-03-25,House,"(4029345.2865314567, 2939147.5385147147)",c15f3c34ddbf4920b9e0c462397c9f73,24,Visit,18f08da911384879b88931ed924f5ff1,42,House
4600,03/25/2020T22:40:00 ,2020-03-25,House,"(4033512.1279375874, 2953080.303976695)",94cc17abeb424b07a271f238c629f10a,36,House,532c6cf81d83429bbc78017ee5f58ccb,32,House
4602,03/25/2020T23:00:00 ,2020-03-25,Care Home,"(4040157.0735851885, 2957292.780931754)",868ffa738ad446a8a5dc10880c7cf434,95,House,c459b23eda724ae4b5aae06693c1504f,94,House
4617,03/26/2020T01:30:00 ,2020-03-26,House,"(4060219.124134669, 2949096.856851741)",a31ac63f4c34481a8badb538209dce66,47,House,c9b91dad0c02470ab29b4fbc5e043230,61,House
4618,03/26/2020T01:40:00 ,2020-03-26,House,"(4039505.0318868924, 2951688.007931262)",f2a9972bfeed47568cbd2a2ce595ebab,37,House,5fe765ae096a4e829f8ce84345ea0424,51,House
4619,03/26/2020T01:50:00 ,2020-03-26,Care Home,"(4040157.0735851885, 2957292.780931754)",fd4bce7c0b40452c846f864c0b108667,95,House,eddb22071dab4ff7a235d338ba1855d1,95,House
4631,03/26/2020T03:50:00 ,2020-03-26,Care Home,"(4040157.0735851885, 2957292.780931754)",a03242df80c64db5aaadf3845c33ed8b,93,House,dc9758efcc2d443698019cc4eeb873bb,92,House
4634,03/26/2020T04:20:00 ,2020-03-26,House,"(4048180.4598671957, 2969162.4479326094)",82ae637daaa444a68765c63244ab5825,39,House,8e5b79b915a74423ba761a232a0509f3,54,House
4639,03/26/2020T05:10:00 ,2020-03-26,House,"(4039255.9938444793, 2941540.413320238)",91e1e7d273fd474785f5778e11af1218,12,House,c441fd3b1b0f464391a96975c0b6ad69,23,House
4648,03/26/2020T06:40:00 ,2020-03-26,Care Home,"(4040157.0735851885, 2957292.780931754)",ef73c0bf0b784bc1acb1f799ad8eeb71,95,House,eddb22071dab4ff7a235d338ba1855d1,95,House
4653,03/26/2020T07:30:00 ,2020-03-26,Public Transport,"(4025082.256483298, 2947534.4960960094)",153f373176574a6580e2b120fe617fa2,37,Public Transport,d37b1f3a4b9043bf88f8be4e680cf79a,19,Public Transport
4653,03/26/2020T07:30:00 ,2020-03-26,Public Transport,"(4041441.4683545134, 2967590.737586868)",ee1a7135c7ca434fa378ddf7d59f4a6d,30,Public Transport,c1980881d0e342b690190791e9030137,18,Public Transport
4655,03/26/2020T07:50:00 ,2020-03-26,Shop,"(4041394.0455010775, 2944086.237169109)",4a589bf7935a445cacbd000e746e3d69,37,Work,d29c3f6bde554cc8b95418b2e4197249,27,Work
4656,03/26/2020T08:00:00 ,2020-03-26,Secondary School,"(4038231.4573233607, 2941585.605677152)",008c74a72b4040a79a3f143e62aec6e8,53,Work,77542923a46a4eb4a711648912df5e9b,32,School
4657,03/26/2020T08:10:00 ,2020-03-26,Hospital,"(4058154.76725065, 2949603.507869995)",04f8b3aef1964d4f90f730846431a03c,55,Work,e18e6537b6134634b4a095b4c7542019,49,House
4657,03/26/2020T08:10:00 ,2020-03-26,Hospital,"(4041018.9862266188, 2978524.81136002)",428fbcc9ec8841a59fecc871261bae0c,26,Work,0f0b5ebe288e47959d96698e6a86d23a,39,Work
4658,03/26/2020T08:20:00 ,2020-03-26,Hospital,"(4041018.9862266188, 2978524.81136002)",865a18f36c854d93ba8f37aee8d0a78f,51,Work,646b916b29a145888751458f02f4c157,30,House
4660,03/26/2020T08:40:00 ,2020-03-26,Shop,"(4026138.8109881002, 2945851.965113407)",9f8090a0c29f4262b21056a8c73ca1ab,56,Work,fa8ff7a8857d47d1a33a4a7450c439a9,23,Work
4660,03/26/2020T08:40:00 ,2020-03-26,House,"(4034142.1528435107, 2941172.4443916343)",ee4451836ac141438781ac017f6e1849,5,School,a9d4ca3b825445eb98489be9a9ee03e9,45,Work
4662,03/26/2020T09:00:00 ,2020-03-26,Shop,"(4061132.6588792657, 2950252.969120565)",105b24c5d4334d078085cd38380f77d7,45,Work,056298ea9a8c46d8b9041e70ffce63b5,23,Work
4662,03/26/2020T09:00:00 ,2020-03-26,Secondary School,"(4028941.945504558, 2972528.6090870015)",374b7128daec4bfda1764ed45761467e,16,School,55badd37aa864cdb886004c7e7bbfc70,14,School
4663,03/26/2020T09:10:00 ,2020-03-26,Hospital,"(4058154.76725065, 2949603.507869995)",b7285accc7484e95a6ee9973460e8a50,27,Work,ee9593ec4b3b443588ed5323181db4ef,45,Work
4664,03/26/2020T09:20:00 ,2020-03-26,Hospital,"(4058154.76725065, 2949603.507869995)",53cee43c7f904deabe94f163bbe48108,29,Work,e18e6537b6134634b4a095b4c7542019,49,Work
4665,03/26/2020T09:30:00 ,2020-03-26,Hospital,"(4058154.76725065, 2949603.507869995)",76b58df45d5a46beb1953009d76fc34d,52,Work,2b8f052ad5fa4d0cb781eb66e16f2962,51,Work
4665,03/26/2020T09:30:00 ,2020-03-26,Hospital,"(4058154.76725065, 2949603.507869995)",859ae7b6b29a4301aa173453afc6e41b,32,Work,4eb583895cde431aaf9b6751a35adc9d,45,Work
4668,03/26/2020T10:00:00 ,2020-03-26,Care Home,"(4040157.0735851885, 2957292.780931754)",56d8aa12b7fb4e73b25b21b678dd1c38,30,Work,dc9758efcc2d443698019cc4eeb873bb,92,House
4668,03/26/2020T10:00:00 ,2020-03-26,Hospital,"(4026830.549424994, 2957052.0152650787)",fb8340df6250438c8c87617967bb1032,35,Work,26805e857abd45d2b71e0613e98c0751,53,Work
4668,03/26/2020T10:00:00 ,2020-03-26,Secondary School,"(4034683.76488532, 2947950.22012564)",84959dc683c04b09aee8bf127848bb2e,13,School,5b8aa11af7764f6f9d1e12a02e9088d1,40,Work
4669,03/26/2020T10:10:00 ,2020-03-26,Hospital,"(4026830.549424994, 2957052.0152650787)",a370023a117c4bf0b24bd6a5f79ee0eb,41,Work,b28e9439f6634393b83c71cd3c82e59e,58,Work
4670,03/26/2020T10:20:00 ,2020-03-26,Hospital,"(4041018.9862266188, 2978524.81136002)",c81b0293f10e4e668d37faf58237e423,70,Medical,08bf3b8056ff4dffb2a74d434581b6c9,37,Work
4672,03/26/2020T10:40:00 ,2020-03-26,Care Home,"(4040157.0735851885, 2957292.780931754)",4f99b01b8a4d4777a51984d7dd72903d,55,Work,dc9758efcc2d443698019cc4eeb873bb,92,House
4672,03/26/2020T10:40:00 ,2020-03-26,Shop,"(4041394.0455010775, 2944086.237169109)",64423c6a3387494fa058caa0f2769949,39,Work,d28c1e89fcf94e29bda2263fd5f23641,60,Work
4672,03/26/2020T10:40:00 ,2020-03-26,Hospital,"(4026830.549424994, 2957052.0152650787)",75afdcd0d43d471c82f1ce12fc9c1f40,10,Work,6a4b07bf862245c3b1c878181721933a,83,House
4673,03/26/2020T10:50:00 ,2020-03-26,Care Home,"(4040157.0735851885, 2957292.780931754)",1dd5d01eb6d9457c8b155e909007c41f,39,Work,dc9758efcc2d443698019cc4eeb873bb,92,Car
4673,03/26/2020T10:50:00 ,2020-03-26,Hospital,"(4058154.76725065, 2949603.507869995)",6e53b61f84d9440385581f7ec92755f4,12,Work,75a8d66a69fe4d65b6c873317bd3df43,40,Work
4673,03/26/2020T10:50:00 ,2020-03-26,Hospital,"(4041018.9862266188, 2978524.81136002)",5f3713861b6c40dc98feab0a1dd69fee,56,Work,990b221de65c40d1968c1e83baa1d0a2,51,Work
4674,03/26/2020T11:00:00 ,2020-03-26,Shop,"(4041394.0455010775, 2944086.237169109)",329707e8e85343e89269c6d2068a17f7,34,Work,0ca9879525674020b7013630787125f3,48,Work
4674,03/26/2020T11:00:00 ,2020-03-26,House,"(4038342.222962338, 2971693.808406494)",0ca68b969b6648d6a9b01a10ff561420,47,House,dd21458c95cf44b2a1cc1f49045d4f77,50,Work
4676,03/26/2020T11:20:00 ,2020-03-26,Care Home,"(4040157.0735851885, 2957292.780931754)",a3203211eacb4eddaeb6b0e5ff0c1611,33,Work,6f4e7f4294fc4ad3b8eda09e925c1679,94,Car
4676,03/26/2020T11:20:00 ,2020-03-26,Hospital,"(4041018.9862266188, 2978524.81136002)",0a85bf285fb44114bd9d2cea4833e442,28,Work,44028fcb2c4c40ca9d761e94bfec281c,95,Shop
4676,03/26/2020T11:20:00 ,2020-03-26,Hospital,"(4026830.549424994, 2957052.0152650787)",5eb9d5bc4bb742059ad8627ef43b87ea,54,Work,6a4b07bf862245c3b1c878181721933a,83,Car
4677,03/26/2020T11:30:00 ,2020-03-26,Care Home,"(4040157.0735851885, 2957292.780931754)",66db63aa504140ee8b227cae3151372d,27,Work,6f4e7f4294fc4ad3b8eda09e925c1679,94,Car
4677,03/26/2020T11:30:00 ,2020-03-26,Hospital,"(4026830.549424994, 2957052.0152650787)",a08a4d51d07e478bb74f2d973f009ec7,56,Work,9f4852ba70744af88f75f7d28d3ac58a,25,Work
4679,03/26/2020T11:50:00 ,2020-03-26,Care Home,"(4040157.0735851885, 2957292.780931754)",c1f2bb26d610429391b034950157e289,92,House,c459b23eda724ae4b5aae06693c1504f,94,House
4680,03/26/2020T12:00:00 ,2020-03-26,Hospital,"(4026830.549424994, 2957052.0152650787)",1cec81ee0af1486fa805bc563662d94b,28,Work,d9011cc32bfd4b65913f0a3ee9509896,56,Work
4681,03/26/2020T12:10:00 ,2020-03-26,Hospital,"(4026830.549424994, 2957052.0152650787)",4a0218cfe6a34e71b580479c37289634,63,Work,53910d2ebe6b45988c3512f83f9656ae,18,Work
4682,03/26/2020T12:20:00 ,2020-03-26,Shop,"(4041394.0455010775, 2944086.237169109)",efa0f88bb978473caea98cf925cd2a3c,59,Work,0ca9879525674020b7013630787125f3,48,Work
4682,03/26/2020T12:20:00 ,2020-03-26,Hospital,"(4058154.76725065, 2949603.507869995)",0aa12121515b47af9aa87137794f4728,27,Work,e18e6537b6134634b4a095b4c7542019,49,Work
4683,03/26/2020T12:30:00 ,2020-03-26,Hotel,"(4041905.981629138, 2953161.4380196705)",15aa0a9a03d042479384225badee0d08,54,Work,c50f680657634fd7837334cd906c77e8,52,Work
4685,03/26/2020T12:50:00 ,2020-03-26,Shop,"(4044664.07129592, 2946851.603458025)",9801a590d8a748229c45f9107cecb875,52,Work,567324ce74db47aa9e7231e3561e0458,54,Shop
4687,03/26/2020T13:10:00 ,2020-03-26,Hospital,"(4026830.549424994, 2957052.0152650787)",808588329a5f461eac72cb404c773979,32,Work,1ea140554fcd4d9d9a1312a338502d45,51,Work
4689,03/26/2020T13:30:00 ,2020-03-26,Hospital,"(4058154.76725065, 2949603.507869995)",2b9269e05217445bbe17aac37d24a7fb,30,Work,87291c0271fc43319e85401348e04385,3,Public Transport
4693,03/26/2020T14:10:00 ,2020-03-26,Care Home,"(4040157.0735851885, 2957292.780931754)",2d979946856d47ceab2ba4b4b217d4d1,49,Work,eddb22071dab4ff7a235d338ba1855d1,95,House
4693,03/26/2020T14:10:00 ,2020-03-26,Shop,"(4026138.8109881002, 2945851.965113407)",5742a810ec18488989a8886b83d10cf9,62,Shop,3713217fe83945dca462b277d98879be,49,Work
4693,03/26/2020T14:10:00 ,2020-03-26,Secondary School,"(4034404.417465693, 2942685.048007)",7af79a2757c1427fbdcc746a313377ef,27,Work,e73ac4fd50f844ffa707eb3db7ac34a3,20,School
4694,03/26/2020T14:20:00 ,2020-03-26,Hospital,"(4041018.9862266188, 2978524.81136002)",d9cfd1d2a9f74f66a9ab4ad98a69a186,49,Work,08bf3b8056ff4dffb2a74d434581b6c9,37,Work
4695,03/26/2020T14:30:00 ,2020-03-26,Medical,"(4040550.810725588, 2950778.512874801)",f0ade05b14d74054be5047eb005e3132,47,Work,bbaa22851b5744f186b7d2cb052a4631,39,Work
4695,03/26/2020T14:30:00 ,2020-03-26,Hotel,"(4041905.981629138, 2953161.4380196705)",240f693a6f954279b396bff4bfb1834e,22,Work,538678f4766b47ca8ee11aca06b55df4,49,Work
4696,03/26/2020T14:40:00 ,2020-03-26,Care Home,"(4040157.0735851885, 2957292.780931754)",f4bf4a92e34447638cfa3753a3eff3ae,26,Work,6f4e7f4294fc4ad3b8eda09e925c1679,94,House
4696,03/26/2020T14:40:00 ,2020-03-26,House,"(4038550.5064746817, 2941328.870176714)",c446f1446a5141e6b39a7803187f24ed,51,Work,597a4a8aa72c4940b8cac639e34f4b0a,34,Work
4700,03/26/2020T15:20:00 ,2020-03-26,Hospital,"(4058154.76725065, 2949603.507869995)",89e4848fb3bd487ab7ee313b0de97007,44,Work,eae5fd37d7634d80bd635f8a767a153d,64,Work
4700,03/26/2020T15:20:00 ,2020-03-26,Hospital,"(4058154.76725065, 2949603.507869995)",41a41d4254344ac58483196afaf3ea86,9,Work,9496aab14bdb4dc499b7e9c2b45d4a92,61,Work
4701,03/26/2020T15:30:00 ,2020-03-26,Shop,"(4041394.0455010775, 2944086.237169109)",b4e8e873109d4bb6be6b7987d2360aaf,25,Work,be4a231e1e6a49b88d84b5bda4680ce1,45,Work
4701,03/26/2020T15:30:00 ,2020-03-26,Shop,"(4041394.0455010775, 2944086.237169109)",59b30b4e090c432e82f505ca90a47e02,35,Work,0ca9879525674020b7013630787125f3,48,Work
4701,03/26/2020T15:30:00 ,2020-03-26,Hospital,"(4041018.9862266188, 2978524.81136002)",af1c2570fc2e4f4ebecc2a1dee03a377,45,Work,745f46ff718e45e08d2f0454b12fd957,64,Work
4702,03/26/2020T15:40:00 ,2020-03-26,Care Home,"(4040157.0735851885, 2957292.780931754)",38fa616a0ca24328804fc69688360c7f,41,Work,dc9758efcc2d443698019cc4eeb873bb,92,Shop
4702,03/26/2020T15:40:00 ,2020-03-26,Public Transport,"(4039498.76227509, 2967306.4742848007)",4b516405cfc04817864a1a019aec04f7,39,Public Transport,6ff562a71ea5449f9bb94c3a740651d3,56,Public Transport
4702,03/26/2020T15:40:00 ,2020-03-26,Hospital,"(4026830.549424994, 2957052.0152650787)",1a44a262ea4c42d3a0fcf4b0c811c158,7,Medical,7dff2e603d2e4ba68bef83bb1716ebc2,58,Medical
4703,03/26/2020T15:50:00 ,2020-03-26,Care Home,"(4040157.0735851885, 2957292.780931754)",6719bc1cf62749c9b5af8fe1cb00916e,24,Work,c459b23eda724ae4b5aae06693c1504f,94,Outdoor
4703,03/26/2020T15:50:00 ,2020-03-26,Shop,"(4031708.1076472457, 2939154.5775002497)",f54a449a0e3d4bc0ad9609380b26b388,30,Work,f90f0603ef52463895d6df1e85815fb5,15,Shop
4703,03/26/2020T15:50:00 ,2020-03-26,Hospital,"(4026830.549424994, 2957052.0152650787)",353f94f37b9f4375b31dc61a8ba60431,20,Work,bf2a2ebccf7e4eecaf5ab77aee1b2a37,59,Work
4703,03/26/2020T15:50:00 ,2020-03-26,Hotel,"(4041905.981629138, 2953161.4380196705)",9ea919a70eb1472db80b3c7b70f04777,52,Work,ffed2bfa26e2461d8b8da79e27c6fd14,23,Work
4704,03/26/2020T16:00:00 ,2020-03-26,Care Home,"(4040157.0735851885, 2957292.780931754)",cc23cd269c744b9c99f99e74547ab641,44,Work,d4194cb4f2f34459b351ceb15a995140,94,House
4705,03/26/2020T16:10:00 ,2020-03-26,Care Home,"(4040157.0735851885, 2957292.780931754)",0ce7ead9691b43ee869c4f7adafc445d,57,Work,eddb22071dab4ff7a235d338ba1855d1,95,House
4705,03/26/2020T16:10:00 ,2020-03-26,Hospital,"(4026830.549424994, 2957052.0152650787)",8f26bdabcda649a1a42c81106d4e1540,52,Work,317de1a537c6493aaf1138a47eff087e,66,Outdoor
4706,03/26/2020T16:20:00 ,2020-03-26,Care Home,"(4040157.0735851885, 2957292.780931754)",0bfda0b5292a4af9a36aa0652c590830,25,Work,3f1540dd165c4937989241a00a826ca3,93,House
4708,03/26/2020T16:40:00 ,2020-03-26,Care Home,"(4040157.0735851885, 2957292.780931754)",e845143c1b7f499b97b94e8b8968d665,46,Work,dc9758efcc2d443698019cc4eeb873bb,92,Car
4708,03/26/2020T16:40:00 ,2020-03-26,Shop,"(4026138.8109881002, 2945851.965113407)",bc661e4f64f7442b980527356be78778,2,Shop,3713217fe83945dca462b277d98879be,49,Work
4708,03/26/2020T16:40:00 ,2020-03-26,Shop,"(4041394.0455010775, 2944086.237169109)",f1474a5306fd4fee88d9ea49435d433b,45,Work,be4a231e1e6a49b88d84b5bda4680ce1,45,Work
4708,03/26/2020T16:40:00 ,2020-03-26,Hospital,"(4058154.76725065, 2949603.507869995)",3265a1a649fa4e6e91e1b29f82470566,18,Work,598f68de95314e79b980a08ae065b3cb,57,Work
4709,03/26/2020T16:50:00 ,2020-03-26,Care Home,"(4040157.0735851885, 2957292.780931754)",d32338c94ea342f39a4b0577bb85e5b5,45,Work,7f616454aed44328aeca5a93d65ec85d,44,Work
4709,03/26/2020T16:50:00 ,2020-03-26,Care Home,"(4040157.0735851885, 2957292.780931754)",80654bdbcd8642b7b0f5680c1b194d0b,29,Work,eddb22071dab4ff7a235d338ba1855d1,95,House
4714,03/26/2020T17:40:00 ,2020-03-26,Hospital,"(4026830.549424994, 2957052.0152650787)",055495a9661046539e8622bf4c7e0fba,49,Work,317de1a537c6493aaf1138a47eff087e,66,House
4718,03/26/2020T18:20:00 ,2020-03-26,Hospital,"(4026830.549424994, 2957052.0152650787)",86edf384743d4787be0d15d5bed69bb9,41,Work,f36801ad74654878a89c9ca9cfafe1ed,45,Indoor Sport
4723,03/26/2020T19:10:00 ,2020-03-26,Care Home,"(4040157.0735851885, 2957292.780931754)",9326012c717e4404b39970a43d948cb2,95,House,b83b5d29f87f46e699b334b32989e2be,95,House
4726,03/26/2020T19:40:00 ,2020-03-26,House,"(4025273.5526762223, 2947568.2458718563)",aa2ee8d5deb74dec87460cd76abbb777,0,House,dc0add6b35664058be551bf9806fb376,25,Work
4730,03/26/2020T20:20:00 ,2020-03-26,Care Home,"(4040157.0735851885, 2957292.780931754)",4a2ddac52e0c48a58c19db53171229af,95,House,3f1540dd165c4937989241a00a826ca3,93,House
4731,03/26/2020T20:30:00 ,2020-03-26,House,"(4048696.144717778, 2983738.464215742)",840f1d8bbcad4490ada77eb563908818,23,House,34f2f7a9e1544876bfd1f994e3fb0f02,11,House
4733,03/26/2020T20:50:00 ,2020-03-26,House,"(4037542.4622550756, 2957883.316360428)",c35550493a504af0ac20735705853916,56,House,b8b3c878d71d4bb3be361b34938b3f81,53,House
4738,03/26/2020T21:40:00 ,2020-03-26,House,"(4042034.9007893316, 2948892.2341880905)",c3d141f579e544c888a5cee97628bdbe,11,House,33b0fc59273b4398b1247e14fa11736c,14,House
4740,03/26/2020T22:00:00 ,2020-03-26,House,"(4059419.795645284, 2961118.2042820686)",4ffe666af8ff42cda030e08156b333ad,40,House,5881b7ce2ae84ace875732b14177f933,25,House
4745,03/26/2020T22:50:00 ,2020-03-26,Care Home,"(4040157.0735851885, 2957292.780931754)",762eb576a93e4abf849426812572caf8,93,House,f2e8457bfab9454c9ab900742663798b,95,House
4747,03/26/2020T23:10:00 ,2020-03-26,Care Home,"(4040157.0735851885, 2957292.780931754)",73bb97578d224ab2ac5afeadfe60bc80,92,House,c459b23eda724ae4b5aae06693c1504f,94,House
4758,03/27/2020T01:00:00 ,2020-03-27,House,"(4022292.6589513845, 2946853.523838953)",f2516e33f27b4ebd8fb6db62d5a54b0d,56,House,3de33b1a032349228ccbcb43926438a2,49,House
4761,03/27/2020T01:30:00 ,2020-03-27,House,"(4042234.449548038, 2950051.5796323856)",d3dc788200ba4fe69e498d106c731fb8,32,House,be73872f08db44bf95635b69b856cca4,52,House
4763,03/27/2020T01:50:00 ,2020-03-27,Care Home,"(4040157.0735851885, 2957292.780931754)",96c47f151ff543329f2e32b0d3c50e4b,17,Work,5d49aca13ce64b3e977b54bfe8edeb9f,95,House
4766,03/27/2020T02:20:00 ,2020-03-27,House,"(4030506.536633055, 2939716.706733522)",983b761a25244ad0aab51ddfd95a0c25,0,House,c6b002bd273142ed8a470900c876d362,62,House
4789,03/27/2020T06:10:00 ,2020-03-27,House,"(4038342.222962338, 2971693.808406494)",654905f1e18f42c48c8a8000c4a0f91c,10,House,dd21458c95cf44b2a1cc1f49045d4f77,50,House
4794,03/27/2020T07:00:00 ,2020-03-27,Hospital,"(4026830.549424994, 2957052.0152650787)",a50491556eaf4f95b5a19a81d08fc792,31,Work,a008b450ad5c46f0b804f25eaec6e412,48,Work
4795,03/27/2020T07:10:00 ,2020-03-27,House,"(4057555.8083274467, 2969269.249057364)",26eff20c97c74450aef8ca17f2208ef9,40,House,788fd01b0a3941f5b65fdb86e2da0d56,36,House
4797,03/27/2020T07:30:00 ,2020-03-27,Hospital,"(4041018.9862266188, 2978524.81136002)",1cf3d30cc47e4c0888bbbdd10099d05f,42,Work,54bcc0db7b1b4051bc76e2d52c189842,60,Car
4800,03/27/2020T08:00:00 ,2020-03-27,Shop,"(4026138.8109881002, 2945851.965113407)",28bd360ac284491e936d00fef2826546,50,Work,5a5725c4d9904b01917fca9416c54e80,20,Work
4801,03/27/2020T08:10:00 ,2020-03-27,Hospital,"(4058154.76725065, 2949603.507869995)",0684f081d3764eafa20469093165cbe7,41,Work,e18e6537b6134634b4a095b4c7542019,49,House
4803,03/27/2020T08:30:00 ,2020-03-27,Medical,"(4040550.810725588, 2950778.512874801)",d819a3a5fb494a5fa607e3b3c77d0823,58,Work,bbaa22851b5744f186b7d2cb052a4631,39,Work
4805,03/27/2020T08:50:00 ,2020-03-27,Hospital,"(4041018.9862266188, 2978524.81136002)",4a5d45c6ce3b4cfdaa2f21a594fd38f2,21,Work,745f46ff718e45e08d2f0454b12fd957,64,Work
4805,03/27/2020T08:50:00 ,2020-03-27,Secondary School,"(4045969.233886082, 2943140.9300204823)",9d940315d83846648c6918a8af5785ba,17,School,d067800ee6904803840e1e0ae12832e7,13,School
4806,03/27/2020T09:00:00 ,2020-03-27,Hotel,"(4041905.981629138, 2953161.4380196705)",fabb302d3b3847ab87a1b5f650fa8c5b,51,Work,da951c5325a04daba80d41c72aa77417,35,Work
4807,03/27/2020T09:10:00 ,2020-03-27,Care Home,"(4040157.0735851885, 2957292.780931754)",9906fd173da94e78acc92759d8c00114,47,Work,eddb22071dab4ff7a235d338ba1855d1,95,Car
4807,03/27/2020T09:10:00 ,2020-03-27,Care Home,"(4040157.0735851885, 2957292.780931754)",69f036d8025a473fb0e21229d138a36f,46,Work,b83b5d29f87f46e699b334b32989e2be,95,Visit
4809,03/27/2020T09:30:00 ,2020-03-27,Secondary School,"(4023176.1497836937, 2946646.060237015)",3bea62990c314d4aa0d3446534dac892,12,School,4b75ad8c23fd4346b038c793582ea547,20,School
4810,03/27/2020T09:40:00 ,2020-03-27,Care Home,"(4040157.0735851885, 2957292.780931754)",fe520bcb9a8c4cbd8ea4cbc5fad47d8d,22,Work,d03e9c0be3694a678262c02966bb180f,93,House
4812,03/27/2020T10:00:00 ,2020-03-27,Care Home,"(4040157.0735851885, 2957292.780931754)",97735a4cd9f54960908923ae3d08d147,36,Work,84953b20c2bd4e9dbaf6e877c5648577,95,House
4813,03/27/2020T10:10:00 ,2020-03-27,Care Home,"(4040157.0735851885, 2957292.780931754)",c58a914ad9be4aafac5d23e42059b137,32,Work,94fd67336a764af895ff58d5f9d88fb8,95,House
4813,03/27/2020T10:10:00 ,2020-03-27,Hospital,"(4058154.76725065, 2949603.507869995)",00589dcc286d4ba6a032bc34cf399012,59,Work,e8f3534ac81b4c8498cbfc0f7c6d479c,39,Work
4814,03/27/2020T10:20:00 ,2020-03-27,Hospital,"(4058154.76725065, 2949603.507869995)",52317f8b12f94ed6b713f1b348b0cb51,53,Work,eae5fd37d7634d80bd635f8a767a153d,64,Work
4815,03/27/2020T10:30:00 ,2020-03-27,Shop,"(4061132.6588792657, 2950252.969120565)",62290056061e4c77818f02fa767b9c68,49,Work,08ebede20aef4c01bd37a3b8437fad52,33,Work
4815,03/27/2020T10:30:00 ,2020-03-27,Hospital,"(4041018.9862266188, 2978524.81136002)",eb381ac71ec841e0b0fee7df6a4aae4f,38,Work,6f999593fd2b461ea313588b53172f4b,56,Work
4817,03/27/2020T10:50:00 ,2020-03-27,Hospital,"(4026830.549424994, 2957052.0152650787)",a7f642babff14477827e709812eee6a6,72,Medical,7061dbf815574c829e5d48f3585a4693,32,Work
4819,03/27/2020T11:10:00 ,2020-03-27,Hotel,"(4041905.981629138, 2953161.4380196705)",e99ff9c73cd24d3db342015666254437,49,Work,1ad01cdaaf8746d0bcd4a0098290011f,57,Work
4820,03/27/2020T11:20:00 ,2020-03-27,Shop,"(4026138.8109881002, 2945851.965113407)",be7f221f295b4aa192d7a24ac2c10de8,55,Shop,fa8ff7a8857d47d1a33a4a7450c439a9,23,Work
4820,03/27/2020T11:20:00 ,2020-03-27,Hospital,"(4041018.9862266188, 2978524.81136002)",f0ab66c5da0a468e88059917542f27f5,61,Work,2cc80b58f8a64020813f94b1b91a15a8,41,Work
4820,03/27/2020T11:20:00 ,2020-03-27,Hotel,"(4041905.981629138, 2953161.4380196705)",7b3d97237a364b268b0f56efee7d57ca,55,Work,788fd01b0a3941f5b65fdb86e2da0d56,36,Work
4821,03/27/2020T11:30:00 ,2020-03-27,Hospital,"(4058154.76725065, 2949603.507869995)",3bea8dd7de1848e186cfe253d79a8767,32,Work,eae5fd37d7634d80bd635f8a767a153d,64,Work
4824,03/27/2020T12:00:00 ,2020-03-27,Hospital,"(4058154.76725065, 2949603.507869995)",487ebbfaeca340e7a792e94ca3c34735,31,Work,34677692e3184cf1a91dbfbbb08ee89a,63,Work
4825,03/27/2020T12:10:00 ,2020-03-27,Hospital,"(4026830.549424994, 2957052.0152650787)",a41608e373834fd083e9ca33997c3182,23,Work,a69bba7b2cd24c80a1d9132178cb0028,78,House
4826,03/27/2020T12:20:00 ,2020-03-27,Shop,"(4061132.6588792657, 2950252.969120565)",eafd425cef6e4526a38a9f8ceef7ea93,35,Work,623f502e97554477a03b09dfb5fe5412,50,Work
4826,03/27/2020T12:20:00 ,2020-03-27,Shop,"(4041394.0455010775, 2944086.237169109)",5cb931bbbc3547a486b4014d7173b684,56,Work,d9afae264ae54cc79e0951dd160b8567,57,Work
4827,03/27/2020T12:30:00 ,2020-03-27,Hospital,"(4026830.549424994, 2957052.0152650787)",a0dfb400479e4b7ca736a049f36cf551,51,Work,d9011cc32bfd4b65913f0a3ee9509896,56,Work
4827,03/27/2020T12:30:00 ,2020-03-27,Hotel,"(4041905.981629138, 2953161.4380196705)",7e88e7fad4114ebdae17b3c59e0322d7,23,Work,16adb301316942a2b6e4dc50e1361ac6,23,Work
4828,03/27/2020T12:40:00 ,2020-03-27,Hospital,"(4058154.76725065, 2949603.507869995)",94ddfbb49a424ffd8a5561df7c67bcc8,35,Work,21c3a1bb8fdb46c1b043147edcb36abe,55,Work
4828,03/27/2020T12:40:00 ,2020-03-27,Hospital,"(4058154.76725065, 2949603.507869995)",c563680b6c094fd58bdea0c96cef2967,44,Work,2356d7e9eb61405f9c8ae2e8f9d11c17,66,House
4828,03/27/2020T12:40:00 ,2020-03-27,Hospital,"(4058154.76725065, 2949603.507869995)",5893edbcb10a43c29319187d80b2c9ac,32,Work,9496aab14bdb4dc499b7e9c2b45d4a92,61,Work
4829,03/27/2020T12:50:00 ,2020-03-27,Care Home,"(4040157.0735851885, 2957292.780931754)",00db8e8b0da640c4b1d57398e2b2b14a,24,Work,cc308cbcd67846c08d013023122f61b3,35,Work
4830,03/27/2020T13:00:00 ,2020-03-27,Hospital,"(4058154.76725065, 2949603.507869995)",b9d4cab2211b44b69caac6c8f4c5844a,39,Work,b5acb8d86d2a436a848bb3fa00f90228,59,Work
4830,03/27/2020T13:00:00 ,2020-03-27,Hospital,"(4026830.549424994, 2957052.0152650787)",c5b73211ab4d4f188b8362c7e8680c8f,49,Work,6a4b07bf862245c3b1c878181721933a,83,Restaurant
4831,03/27/2020T13:10:00 ,2020-03-27,Shop,"(4041394.0455010775, 2944086.237169109)",9f18cf1b96864fb19c0da6152372b2a3,45,Work,d63a95e86eee42559379232c0fce6f3a,42,Work
4832,03/27/2020T13:20:00 ,2020-03-27,Care Home,"(4040157.0735851885, 2957292.780931754)",9148095b16574411adb5a3b0c9128f2f,41,Work,ee0d764a79a5428593e17dd92e159282,40,Work
4832,03/27/2020T13:20:00 ,2020-03-27,Hospital,"(4058154.76725065, 2949603.507869995)",3f40a30171ac409c90323fe421d9afec,29,Work,3b77200b3daa4f9282d79c0b66ad6a53,64,Work
4832,03/27/2020T13:20:00 ,2020-03-27,Secondary School,"(4023572.0606558337, 2941851.910132927)",c935a6baeab44f28a944ee2f5c8442c9,14,School,682bcb2071844b88a5cfcc9fbcb49d12,12,School
4833,03/27/2020T13:30:00 ,2020-03-27,Hospital,"(4026830.549424994, 2957052.0152650787)",013093a621b0453eb411f11c83534b43,58,Work,1cec81ee0af1486fa805bc563662d94b,28,Work
4833,03/27/2020T13:30:00 ,2020-03-27,Hospital,"(4026830.549424994, 2957052.0152650787)",25acd58ae2a1474bb8e424806316cce3,56,Work,9f4852ba70744af88f75f7d28d3ac58a,25,Work
4835,03/27/2020T13:50:00 ,2020-03-27,Care Home,"(4040157.0735851885, 2957292.780931754)",5cf211fb3ebf4c9f9a45612a33d9b962,42,Work,c459b23eda724ae4b5aae06693c1504f,94,House
4839,03/27/2020T14:30:00 ,2020-03-27,Shop,"(4061132.6588792657, 2950252.969120565)",b99a35d27f074757be57f45dbb87b94b,33,Work,08ebede20aef4c01bd37a3b8437fad52,33,Work
4839,03/27/2020T14:30:00 ,2020-03-27,Shop,"(4041394.0455010775, 2944086.237169109)",8fc929686440495eabad0f89644ea4e5,46,Shop,0ca9879525674020b7013630787125f3,48,Work
4842,03/27/2020T15:00:00 ,2020-03-27,Hospital,"(4026830.549424994, 2957052.0152650787)",4c3bd8c6b05a4f469ac29482883277e0,51,Work,a69bba7b2cd24c80a1d9132178cb0028,78,Outdoor
4844,03/27/2020T15:20:00 ,2020-03-27,Shop,"(4061132.6588792657, 2950252.969120565)",3b4c53cc7ba24fee8f0877671281617f,39,Work,95d84656b977455e9a62bb85165748d5,40,Work
4844,03/27/2020T15:20:00 ,2020-03-27,Hospital,"(4058154.76725065, 2949603.507869995)",b15fa914b4ff4041be3aa4c8ffb493c9,51,Medical,e7e53f1dd51e4dcbb8c7e8e61ec36d2c,43,Work
4845,03/27/2020T15:30:00 ,2020-03-27,Care Home,"(4040157.0735851885, 2957292.780931754)",ca6e6a8f57fc4ff3b6b6db0a8462521e,26,Work,eddb22071dab4ff7a235d338ba1855d1,95,House
4845,03/27/2020T15:30:00 ,2020-03-27,Hospital,"(4058154.76725065, 2949603.507869995)",291c7403d38c4d34b2ea7de0045e364b,47,Work,6937ff5de175410d9ef376db8d6d57ad,72,Outdoor
4846,03/27/2020T15:40:00 ,2020-03-27,Shop,"(4061132.6588792657, 2950252.969120565)",3a97d1336abe4d749759864cfada8238,18,Work,623f502e97554477a03b09dfb5fe5412,50,Work
4847,03/27/2020T15:50:00 ,2020-03-27,Hospital,"(4041018.9862266188, 2978524.81136002)",d8384dbeb2d544af898f8c06cd3937f3,56,Work,42187d59db354458aefb10c2fdb4844f,61,Work
4848,03/27/2020T16:00:00 ,2020-03-27,Care Home,"(4040157.0735851885, 2957292.780931754)",fb5b4c374e2f4834a06901ecf5424b2f,26,Work,5d49aca13ce64b3e977b54bfe8edeb9f,95,Shop
4849,03/27/2020T16:10:00 ,2020-03-27,Hospital,"(4058154.76725065, 2949603.507869995)",b251fb629622425ca8f3b67a6714549d,34,Work,6937ff5de175410d9ef376db8d6d57ad,72,Shop
4850,03/27/2020T16:20:00 ,2020-03-27,Care Home,"(4040157.0735851885, 2957292.780931754)",f7b5ce68b4bf49b38b2e2a5c6919e9bc,43,Work,94fd67336a764af895ff58d5f9d88fb8,95,Outdoor
4850,03/27/2020T16:20:00 ,2020-03-27,Shop,"(4061132.6588792657, 2950252.969120565)",c8922f8152af4ad89d3dcf990e8ab0d9,38,Work,95d84656b977455e9a62bb85165748d5,40,Work
4850,03/27/2020T16:20:00 ,2020-03-27,Hospital,"(4026830.549424994, 2957052.0152650787)",3dcdb2ed75a5463c9b3c5587c23666c3,22,Work,7fbced31c29a4efd895c30222e02b350,66,Outdoor
4853,03/27/2020T16:50:00 ,2020-03-27,Hospital,"(4041018.9862266188, 2978524.81136002)",e83e0cef65b04fdfb980e390ba690a09,48,Work,8e55627ded654728a998a6219342d485,94,House
4855,03/27/2020T17:10:00 ,2020-03-27,Shop,"(4041394.0455010775, 2944086.237169109)",79cd825d6fbd4f2abc405bc8eb6e4ad9,59,Work,d9afae264ae54cc79e0951dd160b8567,57,Work
4855,03/27/2020T17:10:00 ,2020-03-27,Hospital,"(4058154.76725065, 2949603.507869995)",bde6c119e854459fbccb3396c0196a9b,49,Work,5a2d7399646a44c883ccf5abe0d1aefb,23,Work
4856,03/27/2020T17:20:00 ,2020-03-27,Hospital,"(4041018.9862266188, 2978524.81136002)",0c52c44cbc9e48af8b401d8a45161105,41,Work,6535e5a3f9954d23a392b1f834709886,38,Work
4856,03/27/2020T17:20:00 ,2020-03-27,Hospital,"(4026830.549424994, 2957052.0152650787)",4a48dffe3b3f492892575e8475dfa772,64,Work,6a4b07bf862245c3b1c878181721933a,83,House
4857,03/27/2020T17:30:00 ,2020-03-27,House,"(4039963.100455224, 2952394.078703297)",b55a342fcc7a4b79adf955122e4ddec4,39,House,82fcc49110aa462a9cbbe725eaecdd32,2,House
4858,03/27/2020T17:40:00 ,2020-03-27,Hospital,"(4026830.549424994, 2957052.0152650787)",284e8a4a513b481ea7bcde703a178230,58,Work,ede7bb88ab8243e59a468441890012e4,47,Work
4873,03/27/2020T20:10:00 ,2020-03-27,House,"(4050608.140049214, 2962417.88143219)",85619178be744f2baddda2f1ccba9720,0,House,d45c3b1cc064424fa0bb4a01f6914ce7,31,House
4874,03/27/2020T20:20:00 ,2020-03-27,House,"(4024844.7648822414, 2942829.018126645)",fe3d591c5345427786338430db0c0d74,1,House,7f616454aed44328aeca5a93d65ec85d,44,House
4874,03/27/2020T20:20:00 ,2020-03-27,House,"(4026442.9481760226, 2954696.180821336)",a776b4e2e0824717bfa1f8cc37c85df7,54,House,9bf8a2d4629f4d59b323a21d40a60b99,49,House
4901,03/28/2020T00:50:00 ,2020-03-28,House,"(4041195.7551783277, 2960619.10391392)",f40a7dc4c3854156b0f7da74f5e1411d,18,House,503713c14f374d3cbfdadb72004e93d9,54,House
4903,03/28/2020T01:10:00 ,2020-03-28,Care Home,"(4040157.0735851885, 2957292.780931754)",5ddf47562c0643f1a1e80dc6097ccb64,93,House,eddb22071dab4ff7a235d338ba1855d1,95,House
4903,03/28/2020T01:10:00 ,2020-03-28,House,"(4034897.203628153, 2936704.961420576)",625cc846434f41879844d9f6f4ac3534,49,House,5742a810ec18488989a8886b83d10cf9,62,House
4909,03/28/2020T02:10:00 ,2020-03-28,House,"(4037154.3704295843, 2937625.470376781)",9cbb4151eaad4db68524226fdbc5baeb,0,House,62a6617da3e8495089630f0ba4c96261,24,House
4915,03/28/2020T03:10:00 ,2020-03-28,House,"(4038114.3670667005, 2971696.0801633974)",ddde8269e89647f4a7f7ebcb735280b0,17,House,2f58c384bb23481f91492c46511ba081,24,House
4916,03/28/2020T03:20:00 ,2020-03-28,House,"(4041522.8643858037, 2949209.543412005)",99b9d50b26db4e8a8c16746f9ed99a11,24,House,2c8c661783c846b5b7ac543e84b19cbf,24,House
4916,03/28/2020T03:20:00 ,2020-03-28,House,"(4041721.563246677, 2952712.678718398)",ef4c565bc3084a9481282591d6cd83f2,23,House,940f160f5391439c861fc1119ba61e28,34,House
4930,03/28/2020T05:40:00 ,2020-03-28,Care Home,"(4040157.0735851885, 2957292.780931754)",ef833903648c410f8c5fbd97f96f9a07,94,House,94fd67336a764af895ff58d5f9d88fb8,95,House
4934,03/28/2020T06:20:00 ,2020-03-28,House,"(4042234.756075547, 2946614.8908266914)",9a478848d43f409bbd53ed49f14dad8d,2,House,77542923a46a4eb4a711648912df5e9b,32,House
4942,03/28/2020T07:40:00 ,2020-03-28,Public Transport,"(4041613.264914821, 2950471.6700731707)",ef202ee3cec74a6fba634cc91ba23f96,16,Public Transport,6057d419ef18431a8260f4bb87bb214f,16,Public Transport
4943,03/28/2020T07:50:00 ,2020-03-28,Public Transport,"(4041172.5880538346, 2964815.8273696364)",b7b24cf2a50441a9af1d8798e396a710,38,Public Transport,2ecf261eeeae4dd08e1cb5ce5b4aee40,4,Public Transport
4944,03/28/2020T08:00:00 ,2020-03-28,Shop,"(4026138.8109881002, 2945851.965113407)",1a848a94e7944b5fac7c7e1c7fd63938,20,Work,395bf5412d344eda819a33628fd615f4,38,Work
4947,03/28/2020T08:30:00 ,2020-03-28,Public Transport,"(4044203.7590989703, 2980409.1085916767)",d10fe153367b4fa09ddae8750f03bc79,23,Public Transport,a473762c4dc64d06945863551893859a,25,Public Transport
4947,03/28/2020T08:30:00 ,2020-03-28,Medical,"(4029482.315801536, 2939443.6922682687)",1ff5232af962442b9c27b4dc630924ec,60,Medical,994e4bd6867b4ec486c6ef1425189f5a,59,Work
4948,03/28/2020T08:40:00 ,2020-03-28,Hospital,"(4041018.9862266188, 2978524.81136002)",2fdd2dbf7f3441488b571bd040ee5ce9,23,Work,03aa14b3c1fb40e6b42c9ebd309d8338,48,Work
4950,03/28/2020T09:00:00 ,2020-03-28,Hospital,"(4041018.9862266188, 2978524.81136002)",e8f7ddd93faf42068c8b57e296118a79,43,Work,88e7f5c0c4914ce08242d0f988ccdaf7,76,House
4950,03/28/2020T09:00:00 ,2020-03-28,Hospital,"(4026830.549424994, 2957052.0152650787)",e018e20e9745461aa61b707b7d06d5f9,55,Work,1cec81ee0af1486fa805bc563662d94b,28,Work
4951,03/28/2020T09:10:00 ,2020-03-28,Hospital,"(4026830.549424994, 2957052.0152650787)",7608d1c9acb144df97f69b7c281cade5,32,Work,f109cb1d15e04d5caa7760224c74d489,63,House
4951,03/28/2020T09:10:00 ,2020-03-28,Hospital,"(4026830.549424994, 2957052.0152650787)",dbfe37eb8f0947fc9e3b46e86dee8ff6,45,Work,ba441e3fa86347b68915ad4ae21e6b0e,42,Work
4952,03/28/2020T09:20:00 ,2020-03-28,Care Home,"(4040157.0735851885, 2957292.780931754)",82d2511941d14f59b11413bde0bed357,93,House,b08400fbe8a541cd978f7efd803a1ca0,95,House
4952,03/28/2020T09:20:00 ,2020-03-28,Shop,"(4041394.0455010775, 2944086.237169109)",dfaa5d60671844a7af0e933db1c550d2,49,Work,d9afae264ae54cc79e0951dd160b8567,57,Work
4952,03/28/2020T09:20:00 ,2020-03-28,Hospital,"(4041018.9862266188, 2978524.81136002)",d25990e02d8e47b7adb867396da3aea4,36,Work,37796818744f448c9812144adca391a0,59,Work
4952,03/28/2020T09:20:00 ,2020-03-28,Hospital,"(4026830.549424994, 2957052.0152650787)",25c139da1ebf4fddb27bfa8f9bcf0f18,42,Work,808588329a5f461eac72cb404c773979,32,Work
4955,03/28/2020T09:50:00 ,2020-03-28,Hospital,"(4026830.549424994, 2957052.0152650787)",6e6b8a2392664996ad9b48028878a59c,49,Work,be81b396461b4e0684fd7d706bb62e16,39,Work
4956,03/28/2020T10:00:00 ,2020-03-28,Hospital,"(4058154.76725065, 2949603.507869995)",5b8ef6fd1f27400ab6ca9b18e2ee6273,8,Work,913a266573214751919c469063eea9c2,44,Work
4957,03/28/2020T10:10:00 ,2020-03-28,Medical,"(4040108.704180502, 2950487.998839088)",e30d75698a324a7583188ec73fccafd8,81,Medical,1deab656aef04987b6c85e9ab6bcf065,51,Medical
4957,03/28/2020T10:10:00 ,2020-03-28,Secondary School,"(4035707.7409694637, 2940460.9147072453)",a11dd83d123f4b3abf18cc3edb705b65,28,School,20bcd15dcf6e44e6ab66a9e8ca26386f,56,Work
4958,03/28/2020T10:20:00 ,2020-03-28,Shop,"(4041394.0455010775, 2944086.237169109)",757128d73dd343008abf9d978d948165,32,Work,aa53a1cf30914361964242becfc64890,28,Work
4959,03/28/2020T10:30:00 ,2020-03-28,Secondary School,"(4023572.0606558337, 2941851.910132927)",96c9e266cfb24f88bf0b81e1e71988c1,17,School,281116d3d036435d9214b36b78acfaa9,15,School
4960,03/28/2020T10:40:00 ,2020-03-28,Care Home,"(4040157.0735851885, 2957292.780931754)",0f106674a03042828bf82a9ac60890ef,31,Work,dc9758efcc2d443698019cc4eeb873bb,92,House
4960,03/28/2020T10:40:00 ,2020-03-28,Hospital,"(4026830.549424994, 2957052.0152650787)",4d28d168c48d46b1942b0b6be4de28e9,65,Medical,c5585359301a4e458ed3bd4e5d370835,32,Work
4960,03/28/2020T10:40:00 ,2020-03-28,Secondary School,"(4028941.945504558, 2972528.6090870015)",ebfd0ed5cb974ad38243f5bda0917dbc,19,School,5453699b449a4fb4a1a1c0f064f67a99,25,School
4961,03/28/2020T10:50:00 ,2020-03-28,Care Home,"(4040157.0735851885, 2957292.780931754)",2d80213bf23b410388d5afff4451b219,59,Work,f2e8457bfab9454c9ab900742663798b,95,House
4961,03/28/2020T10:50:00 ,2020-03-28,Hospital,"(4058154.76725065, 2949603.507869995)",766a2f4dead546fd8e9256c25de016b0,47,Work,21c3a1bb8fdb46c1b043147edcb36abe,55,Work
4961,03/28/2020T10:50:00 ,2020-03-28,Hospital,"(4041018.9862266188, 2978524.81136002)",4444ac0f71894a62b7ddd18b15eb34dc,50,Work,7c573aaaf5c74b40a50dd2adf4855681,63,Work
4961,03/28/2020T10:50:00 ,2020-03-28,Hospital,"(4041018.9862266188, 2978524.81136002)",17462bf3c81a4fc580482a119faff624,29,Work,42187d59db354458aefb10c2fdb4844f,61,Work
4961,03/28/2020T10:50:00 ,2020-03-28,Hospital,"(4041018.9862266188, 2978524.81136002)",d9daa2513173483abf46ca82ac8fff4d,36,Work,88e7f5c0c4914ce08242d0f988ccdaf7,76,Car
4962,03/28/2020T11:00:00 ,2020-03-28,Shop,"(4061132.6588792657, 2950252.969120565)",02a6c6824bd040329aa949452c44eecb,44,Shop,08ebede20aef4c01bd37a3b8437fad52,33,Work
4962,03/28/2020T11:00:00 ,2020-03-28,Shop,"(4041394.0455010775, 2944086.237169109)",efaadefd376a481e867ef6f01b80be0d,24,Work,0ca9879525674020b7013630787125f3,48,Work
4964,03/28/2020T11:20:00 ,2020-03-28,Shop,"(4041394.0455010775, 2944086.237169109)",30aefd9ebab24bf59f366d265f956c03,45,Work,d63a95e86eee42559379232c0fce6f3a,42,Work
4965,03/28/2020T11:30:00 ,2020-03-28,Hospital,"(4041018.9862266188, 2978524.81136002)",d991e2e2a8c942a69f8d582cde3f81cb,47,Work,88e7f5c0c4914ce08242d0f988ccdaf7,76,Visit
4966,03/28/2020T11:40:00 ,2020-03-28,Shop,"(4041394.0455010775, 2944086.237169109)",3978ecff535244b2966ab775de51f9c3,31,Work,d29c3f6bde554cc8b95418b2e4197249,27,Work
4967,03/28/2020T11:50:00 ,2020-03-28,Care Home,"(4040157.0735851885, 2957292.780931754)",af983e876e3c4eb8a49f1c948a96738b,31,Work,6f4e7f4294fc4ad3b8eda09e925c1679,94,House
4968,03/28/2020T12:00:00 ,2020-03-28,Hospital,"(4041018.9862266188, 2978524.81136002)",5dc574ba0df74f78af8b36b960158915,51,Work,2cc80b58f8a64020813f94b1b91a15a8,41,Work
4969,03/28/2020T12:10:00 ,2020-03-28,Shop,"(4061132.6588792657, 2950252.969120565)",b025e3eaafd3463db15407d8be25c411,49,Work,08ebede20aef4c01bd37a3b8437fad52,33,Work
4969,03/28/2020T12:10:00 ,2020-03-28,Hospital,"(4058154.76725065, 2949603.507869995)",538b8aa57aaa424eb2d1a5adc87ca34b,27,Work,e96febdcf72e477cb79ef014000c7ddf,48,Work
4969,03/28/2020T12:10:00 ,2020-03-28,Hospital,"(4026830.549424994, 2957052.0152650787)",20024bfbb9f344208ac0d4688b5a0fcc,31,Work,e31899c5175f4ce08702749fe5efd725,33,Work
4970,03/28/2020T12:20:00 ,2020-03-28,Care Home,"(4040157.0735851885, 2957292.780931754)",e2c538073a704fe48d7ad7e6165bf093,42,Work,dc9758efcc2d443698019cc4eeb873bb,92,Restaurant
4974,03/28/2020T13:00:00 ,2020-03-28,Care Home,"(4040157.0735851885, 2957292.780931754)",4b85cf7bf8974226a8ceadee8e938d5f,45,Work,b3ab07ec7d3c47a5a6c4513b9387fd36,26,Work
4978,03/28/2020T13:40:00 ,2020-03-28,Care Home,"(4040157.0735851885, 2957292.780931754)",0851ffea435f428ca1075ed89396a8b0,41,Work,83e37e140944460c862ac57fef7aec5a,93,House
4979,03/28/2020T13:50:00 ,2020-03-28,Shop,"(4041394.0455010775, 2944086.237169109)",53405ad667354daea77a2f157e1f9496,48,Work,8080478575b94ec190d4fe933d625f5e,45,Work
4980,03/28/2020T14:00:00 ,2020-03-28,Care Home,"(4040157.0735851885, 2957292.780931754)",0ef7497fd3334658a4a69c67eab44699,20,Work,cc23cd269c744b9c99f99e74547ab641,44,Work
4980,03/28/2020T14:00:00 ,2020-03-28,House,"(4029361.1232578564, 2962385.1999406694)",4e96d220d73842cbb22f571b240e6068,59,House,8ef0660f2f65476c94c1bba2fdcf9673,9,School
4981,03/28/2020T14:10:00 ,2020-03-28,Hospital,"(4058154.76725065, 2949603.507869995)",f4701e9fbccc49d59647e852d1de5f83,40,Work,b3535e7dd45841129197094771e31aa8,63,Work
4981,03/28/2020T14:10:00 ,2020-03-28,Hospital,"(4058154.76725065, 2949603.507869995)",72737017026d4ff8b775d987735e3706,37,Work,d33f4bae62ae403e8d94ae7978b4ea91,40,Work
4981,03/28/2020T14:10:00 ,2020-03-28,House,"(4042308.4427674212, 2950414.0169037892)",7b00881a334b41f090aea4515cff1c57,41,House,b7876b5b969948a482a203f306afc088,57,Work
4983,03/28/2020T14:30:00 ,2020-03-28,Hospital,"(4041018.9862266188, 2978524.81136002)",6f296dbd94df4e92b815166842dd4c5c,27,Work,0f0b5ebe288e47959d96698e6a86d23a,39,Work
4983,03/28/2020T14:30:00 ,2020-03-28,Hospital,"(4041018.9862266188, 2978524.81136002)",68283ed945a941a1b0fb773cd73a8847,25,Work,1f7f9048f7744cd2be3f511d96809702,51,Work
4984,03/28/2020T14:40:00 ,2020-03-28,Care Home,"(4040157.0735851885, 2957292.780931754)",52c252e9eadc45c09bad83dff4c196e2,49,Work,1dd5d01eb6d9457c8b155e909007c41f,39,Work
4984,03/28/2020T14:40:00 ,2020-03-28,Hospital,"(4058154.76725065, 2949603.507869995)",2fd7a1e5cbcc4ca2afc2ece5d13f2c84,24,Work,e18e6537b6134634b4a095b4c7542019,49,Work
4984,03/28/2020T14:40:00 ,2020-03-28,Hospital,"(4026830.549424994, 2957052.0152650787)",4326aaae151549a98a451f2a818ed55d,37,Medical,779f80ba0ca4448b87299d0139f8136d,55,Work
4985,03/28/2020T14:50:00 ,2020-03-28,Hospital,"(4026830.549424994, 2957052.0152650787)",ab336bc63e3d481f988d9721a2def5cb,35,Work,610a426eb8804138b15ac718ce53327f,94,House
4985,03/28/2020T14:50:00 ,2020-03-28,Hospital,"(4026830.549424994, 2957052.0152650787)",de998fc348124ea19bf79efb01e2af9e,45,Work,808588329a5f461eac72cb404c773979,32,Work
4985,03/28/2020T14:50:00 ,2020-03-28,House,"(4032844.7259825715, 2935762.5761589175)",d3a2fbaa0d9546e0aa6fde74f46ddcf6,3,Restaurant,6ff562a71ea5449f9bb94c3a740651d3,56,Work
4986,03/28/2020T15:00:00 ,2020-03-28,Care Home,"(4040157.0735851885, 2957292.780931754)",d9dba7b4e28b41a78889c5786a4a7723,20,Work,d4194cb4f2f34459b351ceb15a995140,94,House
4986,03/28/2020T15:00:00 ,2020-03-28,Care Home,"(4040157.0735851885, 2957292.780931754)",87776634653940dca7d5b0271de73beb,25,Work,1b79140f9c914edb8987e6d3edc53ccc,92,Outdoor
4988,03/28/2020T15:20:00 ,2020-03-28,Shop,"(4041394.0455010775, 2944086.237169109)",f399213151b34520a51b322744176ed8,44,Work,d9afae264ae54cc79e0951dd160b8567,57,Work
4989,03/28/2020T15:30:00 ,2020-03-28,Public Transport,"(4039761.7664635205, 2951217.540982896)",eed92c24c5844dbab96b3a750145fa70,50,Public Transport,36c0eb61e2ea456b89eee13eebd8c32d,45,Public Transport
4989,03/28/2020T15:30:00 ,2020-03-28,Shop,"(4041394.0455010775, 2944086.237169109)",264afb0ab6ee4e40a08895f9ef5cb68d,24,Work,329707e8e85343e89269c6d2068a17f7,34,Work
4989,03/28/2020T15:30:00 ,2020-03-28,Shop,"(4041394.0455010775, 2944086.237169109)",a054dba3f5a749709490cb8a5ee6a037,24,Work,329707e8e85343e89269c6d2068a17f7,34,Work
4989,03/28/2020T15:30:00 ,2020-03-28,Hospital,"(4058154.76725065, 2949603.507869995)",dedb5d6c4b6549a3b755c080e22bafe1,57,Work,53cee43c7f904deabe94f163bbe48108,29,Work
4990,03/28/2020T15:40:00 ,2020-03-28,Care Home,"(4040157.0735851885, 2957292.780931754)",5316768219a94e82b55a9ebf12186bf0,28,Work,eddb22071dab4ff7a235d338ba1855d1,95,House
4990,03/28/2020T15:40:00 ,2020-03-28,Secondary School,"(4023176.1497836937, 2946646.060237015)",e10e53fa9003496c96badff047ba18ba,25,School,4b75ad8c23fd4346b038c793582ea547,20,School
4995,03/28/2020T16:30:00 ,2020-03-28,Hospital,"(4041018.9862266188, 2978524.81136002)",f43a73e6691d4545a3d4e4db74868606,31,Work,e6fd49a182fc43969169a5676243de82,93,Medical
4999,03/28/2020T17:10:00 ,2020-03-28,Care Home,"(4040157.0735851885, 2957292.780931754)",51749393e03a4c90bcfe8fd3820b9eb6,50,Work,84953b20c2bd4e9dbaf6e877c5648577,95,House
4999,03/28/2020T17:10:00 ,2020-03-28,Hospital,"(4041018.9862266188, 2978524.81136002)",409aa731ca6949f382a051e47bc84c42,62,Work,54bcc0db7b1b4051bc76e2d52c189842,60,Work
5002,03/28/2020T17:40:00 ,2020-03-28,Public Transport,"(4039946.4107431388, 2967588.535006977)",d24d2e95186b4f7f8944a78139f71ec5,50,Public Transport,d976cc1bfe7e463d9bba9ad265a22b95,30,Public Transport
5002,03/28/2020T17:40:00 ,2020-03-28,Hospital,"(4026830.549424994, 2957052.0152650787)",f0e72ee42f7c494a84641be6040da703,35,Work,05d4b0acd18c4d0b860d24c0ad3bd4f3,55,House
5006,03/28/2020T18:20:00 ,2020-03-28,Public Transport,"(4040537.8316456447, 2952208.1627804884)",86bd00e054c54c4ba276574ec3294882,49,Public Transport,75afdcd0d43d471c82f1ce12fc9c1f40,10,Public Transport
5009,03/28/2020T18:50:00 ,2020-03-28,House,"(4050470.193366514, 2962797.909908789)",ce35f152aff44fff8cd3b455cd24303f,13,House,12ab675efa684bc68c9b9dec76562219,60,House
5016,03/28/2020T20:00:00 ,2020-03-28,Public Transport,"(4028939.9210216827, 2944268.5155167854)",33be5f7c5d504bf89689de5538ca8971,47,Public Transport,90fbba99ea064a5c9a6ffe01a04e867b,26,Public Transport
5026,03/28/2020T21:40:00 ,2020-03-28,House,"(4039661.689788822, 2952492.1612878377)",fb143de86e344eb1ab61a215981fb68f,31,House,68ea3ff367a04622b35f40ffca782860,40,Shop
5030,03/28/2020T22:20:00 ,2020-03-28,House,"(4042845.9732145006, 2940895.1709766383)",03134c5c4538485fa9950209bebd5314,43,House,7c35d73c89384f0e8c46515b1948c8d0,38,House
5037,03/28/2020T23:30:00 ,2020-03-28,Care Home,"(4040157.0735851885, 2957292.780931754)",734f5da13795481fa24666796699729f,53,Work,84953b20c2bd4e9dbaf6e877c5648577,95,House
5046,03/29/2020T01:00:00 ,2020-03-29,Care Home,"(4040157.0735851885, 2957292.780931754)",c57d7078323e4bf2a45fd8e7b99c7de2,95,House,9326012c717e4404b39970a43d948cb2,95,House
5056,03/29/2020T02:40:00 ,2020-03-29,Public Transport,"(4043116.9448100002, 2952700.929486109)",7acdd3c98fb7449a99a95d424386c251,1,Public Transport,75afdcd0d43d471c82f1ce12fc9c1f40,10,Public Transport
5056,03/29/2020T02:40:00 ,2020-03-29,House,"(4038240.0120255845, 2978532.021307152)",231c98641d324832b5eb1e9e794d8cc6,0,House,5d0858ceb38f4cbbb58d2fb43d8c4256,52,House
5062,03/29/2020T03:40:00 ,2020-03-29,House,"(4040353.797515296, 2952656.5998089286)",8cd3b9eb291842cb8411c7b165f199de,37,House,01f191ea23b54d2aba44036f301d83c7,53,House
5065,03/29/2020T04:10:00 ,2020-03-29,House,"(4057284.325495125, 2943459.9497926724)",bf002224461f4282aa0a1121ab8ac97f,27,House,d29c3f6bde554cc8b95418b2e4197249,27,Visit
5067,03/29/2020T04:30:00 ,2020-03-29,Care Home,"(4040157.0735851885, 2957292.780931754)",31110b2d35fb4af8a346dfdf1a288d27,95,House,1b79140f9c914edb8987e6d3edc53ccc,92,House
5075,03/29/2020T05:50:00 ,2020-03-29,House,"(4036793.829800337, 2960117.5956465965)",77637f9b3283481cb0ee515b1c173b2f,14,House,cda61cf5477143f3b303d489db3d5f4c,30,House
5075,03/29/2020T05:50:00 ,2020-03-29,House,"(4022630.095127674, 2969736.5925961095)",b7259da391384bca9fcf1eb582cfebea,23,Visit,f9e3a78265a546dd996c1a545ee12295,54,House
5082,03/29/2020T07:00:00 ,2020-03-29,House,"(4039892.7858470823, 2978819.4094830747)",f8365c88bb1642959381a55f2b977efc,34,House,caada3e54e644222b26c7416e1bbe417,32,House
5085,03/29/2020T07:30:00 ,2020-03-29,Care Home,"(4040157.0735851885, 2957292.780931754)",3c56fd9141ff4205a9dbf852892fa1e5,59,Work,5ddf47562c0643f1a1e80dc6097ccb64,93,House
5085,03/29/2020T07:30:00 ,2020-03-29,House,"(4040272.1423258563, 2951017.7824418605)",74720279a5884a929934bb1c45e768ba,15,House,7f86faffdcc14aaa99c49a89c124975b,46,House
5098,03/29/2020T09:40:00 ,2020-03-29,House,"(4042006.8403284047, 2956724.758311227)",90f60a9b7f214720a09b0b0cc2c9a99c,44,House,1399aee507ac4eecae8dd051b826c509,57,House
5100,03/29/2020T10:00:00 ,2020-03-29,House,"(4042454.4167919206, 2949682.9956898605)",f711ea0ab9d94433bf264c98e5af2ee2,14,House,a4affefddd9c4d28b9ac870c4e075f3f,37,Work
5115,03/29/2020T12:30:00 ,2020-03-29,House,"(4048696.144717778, 2983738.464215742)",7018b76658d741f3b35af4a53708c4c9,14,House,840f1d8bbcad4490ada77eb563908818,23,House
5133,03/29/2020T15:30:00 ,2020-03-29,House,"(4039589.4595408402, 2950864.700868882)",4bb281cc494a4c9d9960bfae93bfbfc8,44,House,1deab656aef04987b6c85e9ab6bcf065,51,House
5151,03/29/2020T18:30:00 ,2020-03-29,Care Home,"(4040157.0735851885, 2957292.780931754)",920d7bee472c418a80d94bb8d402800c,95,House,3f1540dd165c4937989241a00a826ca3,93,House
5153,03/29/2020T18:50:00 ,2020-03-29,Hospital,"(4058154.76725065, 2949603.507869995)",c89f7a0c53914fa3829434c4763f380b,48,Work,eae5fd37d7634d80bd635f8a767a153d,64,House
5157,03/29/2020T19:30:00 ,2020-03-29,House,"(4026998.4788586367, 2940995.4530118937)",0abbae63818d4c269517b766737f6a5f,61,House,52868ac2873e4700bcb29b84c5080aee,7,House
5158,03/29/2020T19:40:00 ,2020-03-29,House,"(4038412.917453958, 2941066.118690471)",bf6486ca721240a4b51d42ca4b2927e3,64,Restaurant,d976cc1bfe7e463d9bba9ad265a22b95,30,Shop
5172,03/29/2020T22:00:00 ,2020-03-29,House,"(4045451.154803491, 2980692.4325826843)",1c9799f9956b433f8c138013db87a824,35,Work,48db346244dc4fb78a4e67af7998785d,22,House
5177,03/29/2020T22:50:00 ,2020-03-29,House,"(4040115.4268500996, 2996949.459960097)",2b8a54901bc6493db11b58aedb939944,52,House,006894d66cdb4575844355b009f15f7c,56,House
5190,03/30/2020T01:00:00 ,2020-03-30,House,"(4039196.241858305, 2979038.453015978)",dfc3caf6d4754d5ead5bf4bed326e162,40,House,5772422180d8407a93b92e8e530a7c73,44,House
5193,03/30/2020T01:30:00 ,2020-03-30,House,"(4040073.622734031, 2952697.1207371694)",db74bfee043c49398e73adf431f90ea3,47,House,64c3ee24da2f4e6c95b631e26cbe6b99,20,House
5197,03/30/2020T02:10:00 ,2020-03-30,Public Transport,"(4029684.463103126, 2939399.926118276)",25e989643fd94fa796e2fbdb3398c42a,24,Public Transport,f38ef134822f4341aaf0992a7aa54251,10,Public Transport
5197,03/30/2020T02:10:00 ,2020-03-30,Public Transport,"(4029684.463103126, 2939399.926118276)",dd3f4ed893da4567b1f609911ceaadf5,15,Public Transport,4b75ad8c23fd4346b038c793582ea547,20,Public Transport
5199,03/30/2020T02:30:00 ,2020-03-30,Public Transport,"(4029684.463103126, 2939399.926118276)",42da8826c6284375b3b96ea30878b6b4,3,Public Transport,c84d080d18964e958f44a68818ec8a04,19,Public Transport
5200,03/30/2020T02:40:00 ,2020-03-30,Public Transport,"(4029684.463103126, 2939399.926118276)",08638d3a573b42b28563e3b2f1053f14,26,Public Transport,f38ef134822f4341aaf0992a7aa54251,10,Public Transport
5200,03/30/2020T02:40:00 ,2020-03-30,House,"(4051316.4494010187, 2939896.277855454)",1319ceec12fe44aeaa3f2e05227fbc40,20,House,aff61968065e4943970ac99925edf0da,55,House
5201,03/30/2020T02:50:00 ,2020-03-30,Public Transport,"(4029684.463103126, 2939399.926118276)",d54222c2bf3e4d58b9aa829942e648aa,2,Public Transport,c84d080d18964e958f44a68818ec8a04,19,Public Transport
5209,03/30/2020T04:10:00 ,2020-03-30,House,"(4023831.652660141, 2946952.0871942663)",8e4b4b48ae204f04913378f85516e4d8,68,House,be7f221f295b4aa192d7a24ac2c10de8,55,House
5211,03/30/2020T04:30:00 ,2020-03-30,House,"(4039810.912839706, 2985742.27520913)",c898dfe8cab34ff4babd9524420b680f,12,House,2d078210e0f54ec2ba8e320163f80b8c,54,House
5221,03/30/2020T06:10:00 ,2020-03-30,House,"(4029397.6985534155, 2939817.7316326643)",aa9388932bb84731b8708a65017fc903,30,House,f915f84e79034802b99c9046f47d56a1,22,House
5222,03/30/2020T06:20:00 ,2020-03-30,House,"(4040608.8033625465, 2949058.954725945)",672f587367014711bf4816431b6648fe,17,House,43966ac3585143899583ae59783b5ff5,28,House
5231,03/30/2020T07:50:00 ,2020-03-30,House,"(4040807.2073976803, 2952345.851734171)",0a54792803f84b5999b507433ce3414f,48,House,d594a1d2693a46d09859e43fc10d5bde,17,House
5249,03/30/2020T10:50:00 ,2020-03-30,Care Home,"(4040157.0735851885, 2957292.780931754)",4efd166a130349ef885c3a103be0f7f0,31,Work,5d49aca13ce64b3e977b54bfe8edeb9f,95,Outdoor
5249,03/30/2020T10:50:00 ,2020-03-30,Public Transport,"(4031986.8761710194, 2939159.4461778626)",420d122ea6fc41ecb5743a3f17ccfea1,34,Public Transport,d976cc1bfe7e463d9bba9ad265a22b95,30,Public Transport
5266,03/30/2020T13:40:00 ,2020-03-30,Care Home,"(4040157.0735851885, 2957292.780931754)",6ffa0165790a4705b21049aa65b736e4,93,House,fd4bce7c0b40452c846f864c0b108667,95,Indoor Sport
5270,03/30/2020T14:20:00 ,2020-03-30,Care Home,"(4040157.0735851885, 2957292.780931754)",823fb83e3b164b9789252aa9c698b477,29,Work,f5b6db02de864a338a7593c4463e7c84,95,House
5274,03/30/2020T15:00:00 ,2020-03-30,House,"(4040508.088963921, 2995788.6930156806)",a1d6a26b94ed41ddbe25d8b7ebc156fd,46,House,5bfd0670ba8c451caf0a2d38781e82b4,23,Cinema or Theatre
5298,03/30/2020T19:00:00 ,2020-03-30,Care Home,"(4040157.0735851885, 2957292.780931754)",65b3e6db347a40d6a3e34fc2946d26b6,95,House,7f616454aed44328aeca5a93d65ec85d,44,Work
5302,03/30/2020T19:40:00 ,2020-03-30,House,"(4024635.6764140846, 2965359.7559479815)",595be7c007354f88b7b72907ee57db2a,26,Cinema or Theatre,6f296dbd94df4e92b815166842dd4c5c,27,House
5304,03/30/2020T20:00:00 ,2020-03-30,Care Home,"(4040157.0735851885, 2957292.780931754)",6d43c317ca2c4459bc1894719b98dd17,92,House,94fd67336a764af895ff58d5f9d88fb8,95,House
5307,03/30/2020T20:30:00 ,2020-03-30,House,"(4030506.536633055, 2939716.706733522)",941e2a57b8bd4900af643ee2c01d318b,49,House,983b761a25244ad0aab51ddfd95a0c25,0,House
5307,03/30/2020T20:30:00 ,2020-03-30,House,"(4029856.4999238346, 2940314.808089799)",249da1127d19427fbbbdc758a34632a0,29,Visit,efa0f88bb978473caea98cf925cd2a3c,59,House
5326,03/30/2020T23:40:00 ,2020-03-30,House,"(4068039.9817007547, 2962641.8229476702)",1263f3e4553e4eb78469c33eb2bfcefb,55,House,2c423577f8a94b8f93b05d94fe1846a4,50,House
5329,03/31/2020T00:10:00 ,2020-03-31,House,"(4037455.246741217, 2952813.7633912205)",8e9e7149316e4b939dcae9049c82e64d,24,House,92c6187c3dcd47519d2569054f68aef8,19,House
5342,03/31/2020T02:20:00 ,2020-03-31,House,"(4054479.1475280505, 2955099.0070257084)",4c4eb3adef484c2d81f3ae5adebc7a4b,27,House,43daba129aa640aa8827a67bd3a60daf,20,House
5362,03/31/2020T05:40:00 ,2020-03-31,House,"(4038114.3670667005, 2971696.0801633974)",c96ea746af9047169c5105388eea755f,60,House,ddde8269e89647f4a7f7ebcb735280b0,17,House
5367,03/31/2020T06:30:00 ,2020-03-31,Hospital,"(4041018.9862266188, 2978524.81136002)",a4d420dfd56b4fb5bf4fbb344ece49ca,31,Work,745f46ff718e45e08d2f0454b12fd957,64,House
5376,03/31/2020T08:00:00 ,2020-03-31,Care Home,"(4040157.0735851885, 2957292.780931754)",facf6c5137d94248925d99644a547bed,18,Work,94fd67336a764af895ff58d5f9d88fb8,95,House
5376,03/31/2020T08:00:00 ,2020-03-31,Public Transport,"(4051362.6332256645, 2973914.107917106)",03d34731bd804ea8bfbacc646d30952a,7,Public Transport,e31899c5175f4ce08702749fe5efd725,33,Public Transport
5376,03/31/2020T08:00:00 ,2020-03-31,Hospital,"(4058154.76725065, 2949603.507869995)",a30d4fc0b40940f89544404e7ae872c9,51,Work,eae5fd37d7634d80bd635f8a767a153d,64,Work
5377,03/31/2020T08:10:00 ,2020-03-31,Care Home,"(4040157.0735851885, 2957292.780931754)",bcbf106f63a0424d96e91929d1506379,45,Work,94fd67336a764af895ff58d5f9d88fb8,95,House
5377,03/31/2020T08:10:00 ,2020-03-31,Hospital,"(4041018.9862266188, 2978524.81136002)",df412392c7974d2f80962fb7dcda4653,42,Work,88e7f5c0c4914ce08242d0f988ccdaf7,76,House
5378,03/31/2020T08:20:00 ,2020-03-31,Shop,"(4061132.6588792657, 2950252.969120565)",ee2d8602ed414d2a9cca357f2fd0d150,52,Work,c8922f8152af4ad89d3dcf990e8ab0d9,38,Work
5378,03/31/2020T08:20:00 ,2020-03-31,Shop,"(4041394.0455010775, 2944086.237169109)",e05334bf2b324d6a88494910a858c15b,24,Work,b4e8e873109d4bb6be6b7987d2360aaf,25,Work
5379,03/31/2020T08:30:00 ,2020-03-31,Secondary School,"(4024707.746048194, 2985903.86374896)",e0c7707b2da44c13869f564dd8a1ef81,12,School,6057d419ef18431a8260f4bb87bb214f,16,School
5380,03/31/2020T08:40:00 ,2020-03-31,Care Home,"(4040157.0735851885, 2957292.780931754)",5c17de329848480e9f674087a9a40b71,68,Work,82eeddae639e49a2bbe6264bf13c2c7d,93,House
5381,03/31/2020T08:50:00 ,2020-03-31,Shop,"(4061132.6588792657, 2950252.969120565)",b57b6f9f06fe4196828a3342674b21e5,20,Work,623f502e97554477a03b09dfb5fe5412,50,Work
5381,03/31/2020T08:50:00 ,2020-03-31,Hospital,"(4041018.9862266188, 2978524.81136002)",8cc75439ccd24ee58c37744e9bfb4d47,22,Work,2fdd2dbf7f3441488b571bd040ee5ce9,23,Work
5381,03/31/2020T08:50:00 ,2020-03-31,Hospital,"(4026830.549424994, 2957052.0152650787)",fbef90948e9f4c57aa9829f904c09d1f,36,Work,a72f56660719452ab88fda791f73ef37,59,House
5382,03/31/2020T09:00:00 ,2020-03-31,Care Home,"(4040157.0735851885, 2957292.780931754)",5d63e6422c6240858e6083a2776033a2,37,Work,d45675c325354cdb9da3ab642bd8928f,94,House
5382,03/31/2020T09:00:00 ,2020-03-31,House,"(4039661.689788822, 2952492.1612878377)",17a52668fa574dec9c5d1a763da1bc90,26,House,68ea3ff367a04622b35f40ffca782860,40,Work
5383,03/31/2020T09:10:00 ,2020-03-31,Care Home,"(4040157.0735851885, 2957292.780931754)",4822fe722ba94917826ce8f377e5d59a,28,Work,f2e8457bfab9454c9ab900742663798b,95,House
5383,03/31/2020T09:10:00 ,2020-03-31,Hospital,"(4058154.76725065, 2949603.507869995)",0e4fa2985b46432d9f1c16e1a71b2145,53,Work,4ffe666af8ff42cda030e08156b333ad,40,Work
5383,03/31/2020T09:10:00 ,2020-03-31,Hospital,"(4058154.76725065, 2949603.507869995)",29d32196c8504ce9bbb9f846055db25c,32,Work,ff433877602b4abca425948f4b218ada,45,Work
5385,03/31/2020T09:30:00 ,2020-03-31,Shop,"(4061132.6588792657, 2950252.969120565)",d874ece208754d6aa27742554edd197e,36,Work,3a97d1336abe4d749759864cfada8238,18,Work
5385,03/31/2020T09:30:00 ,2020-03-31,Shop,"(4041394.0455010775, 2944086.237169109)",b13fbd31f2634d4896f568ea90bbaf88,41,Work,a054dba3f5a749709490cb8a5ee6a037,24,Work
5386,03/31/2020T09:40:00 ,2020-03-31,Care Home,"(4040157.0735851885, 2957292.780931754)",0d707cab487a4842bcf25150d9feb417,34,Work,73bb97578d224ab2ac5afeadfe60bc80,92,House
5386,03/31/2020T09:40:00 ,2020-03-31,Shop,"(4061132.6588792657, 2950252.969120565)",d617062fcd504a45858500d314d1dbce,34,Work,2c423577f8a94b8f93b05d94fe1846a4,50,Work
5386,03/31/2020T09:40:00 ,2020-03-31,Hospital,"(4041018.9862266188, 2978524.81136002)",53bd83a18a9846f189e78c98e56de240,83,Medical,c00c1fe7615344a384d6c99a5ee9efda,64,Work
5388,03/31/2020T10:00:00 ,2020-03-31,Shop,"(4041394.0455010775, 2944086.237169109)",19ab1953004e4161af34696eaf4edcc3,40,Work,a054dba3f5a749709490cb8a5ee6a037,24,Work
5388,03/31/2020T10:00:00 ,2020-03-31,House,"(4063665.7448275546, 2957873.838526482)",247f7641b0184f538aad758165bdf5de,12,House,1b7bf25d2f57403da3e05576b36afd1a,7,School
5389,03/31/2020T10:10:00 ,2020-03-31,Shop,"(4041394.0455010775, 2944086.237169109)",6d5b6ff11e4b44dea11d14dcb8e25252,35,Work,4a589bf7935a445cacbd000e746e3d69,37,Work
5389,03/31/2020T10:10:00 ,2020-03-31,Hospital,"(4058154.76725065, 2949603.507869995)",9f381f4029534ecaa16594634313d1b8,64,Work,72737017026d4ff8b775d987735e3706,37,Work
5389,03/31/2020T10:10:00 ,2020-03-31,Hospital,"(4041018.9862266188, 2978524.81136002)",2364054e7a644ea5a4a667aa56b9345d,41,Work,37796818744f448c9812144adca391a0,59,Work
5390,03/31/2020T10:20:00 ,2020-03-31,Care Home,"(4040157.0735851885, 2957292.780931754)",1f24065782594de09524d60640a2f8e2,45,Work,84953b20c2bd4e9dbaf6e877c5648577,95,Outdoor
5390,03/31/2020T10:20:00 ,2020-03-31,Hospital,"(4041018.9862266188, 2978524.81136002)",d90afc1002334a299950c1547b9f22bc,57,Work,745f46ff718e45e08d2f0454b12fd957,64,Work
5391,03/31/2020T10:30:00 ,2020-03-31,Shop,"(4061132.6588792657, 2950252.969120565)",5a81511e2d104b0f8a4bf4c7d71e7615,48,Work,b99a35d27f074757be57f45dbb87b94b,33,Work
5392,03/31/2020T10:40:00 ,2020-03-31,Shop,"(4041394.0455010775, 2944086.237169109)",a5cbccff97904ea9a4bc2164cff6bee0,62,Work,26f04530ec3d405e98b19d9e987bfa13,60,Work
5392,03/31/2020T10:40:00 ,2020-03-31,Secondary School,"(4033512.2757793837, 2937085.895240092)",455d2fb5f6794739b96e8e3eba3ed79c,17,School,f5430ba57d994138a4ad62a4003032bb,58,Work
5393,03/31/2020T10:50:00 ,2020-03-31,Shop,"(4026138.8109881002, 2945851.965113407)",43100478dbb443ce8f52dc3d71240215,46,Work,395bf5412d344eda819a33628fd615f4,38,Work
5393,03/31/2020T10:50:00 ,2020-03-31,Hospital,"(4058154.76725065, 2949603.507869995)",f953968a0e9849b6885cfd526fd4d2b0,19,Work,53cee43c7f904deabe94f163bbe48108,29,Work
5393,03/31/2020T10:50:00 ,2020-03-31,Hospital,"(4058154.76725065, 2949603.507869995)",7398839e088042599bb6301a8277fcf1,83,Medical,6e53b61f84d9440385581f7ec92755f4,12,Work
5394,03/31/2020T11:00:00 ,2020-03-31,Shop,"(4061132.6588792657, 2950252.969120565)",12e3d9350ef0477982c70ce36f899a98,44,Work,08ebede20aef4c01bd37a3b8437fad52,33,Work
5395,03/31/2020T11:10:00 ,2020-03-31,Care Home,"(4040157.0735851885, 2957292.780931754)",4b7c151710694115b742525e069a81a1,23,Work,00db8e8b0da640c4b1d57398e2b2b14a,24,Work
5395,03/31/2020T11:10:00 ,2020-03-31,Shop,"(4026138.8109881002, 2945851.965113407)",7c2383713e59439fa0841c631db4e5b8,19,Work,9f8090a0c29f4262b21056a8c73ca1ab,56,Work
5395,03/31/2020T11:10:00 ,2020-03-31,Shop,"(4041394.0455010775, 2944086.237169109)",32e4de02cd904e47884232242e54111c,42,Work,26f04530ec3d405e98b19d9e987bfa13,60,Work
5395,03/31/2020T11:10:00 ,2020-03-31,Shop,"(4041394.0455010775, 2944086.237169109)",07618392bba545dd85cf7b49c8424082,53,Work,9f18cf1b96864fb19c0da6152372b2a3,45,Work
5396,03/31/2020T11:20:00 ,2020-03-31,Secondary School,"(4045969.233886082, 2943140.9300204823)",8dee324fe0804536a3843da3b348a086,14,School,346832c472f04755a7f2c193bb63292d,26,School
5396,03/31/2020T11:20:00 ,2020-03-31,Hospital,"(4058154.76725065, 2949603.507869995)",3ad70b7885734f63bd0013cc0e3e708e,38,Work,6937ff5de175410d9ef376db8d6d57ad,72,House
5396,03/31/2020T11:20:00 ,2020-03-31,Hospital,"(4041018.9862266188, 2978524.81136002)",64086c06e87c476caf6d74c304edaf93,49,Work,40558f2f85654358b130c1cc847719ec,57,Work
5397,03/31/2020T11:30:00 ,2020-03-31,Shop,"(4041394.0455010775, 2944086.237169109)",1e14ffaecd5c4f3dbbbdf2eef7c43249,41,Work,79cd825d6fbd4f2abc405bc8eb6e4ad9,59,Work
5397,03/31/2020T11:30:00 ,2020-03-31,Hospital,"(4058154.76725065, 2949603.507869995)",154d1c78d2da4815b184f9b11238e105,79,Medical,7f3f3fce23b9453f8593d70b22a3bc4d,37,Work
5397,03/31/2020T11:30:00 ,2020-03-31,Hospital,"(4026830.549424994, 2957052.0152650787)",4c13b6952722433ba8efddadd5967dd6,28,Work,fb8340df6250438c8c87617967bb1032,35,Work
5398,03/31/2020T11:40:00 ,2020-03-31,Shop,"(4061132.6588792657, 2950252.969120565)",9904ba1149b545c4b039a9cb46ab19e4,38,Work,eafd425cef6e4526a38a9f8ceef7ea93,35,Work
5399,03/31/2020T11:50:00 ,2020-03-31,Hospital,"(4026830.549424994, 2957052.0152650787)",852e65f622a54ed8a59255bfc799e777,43,Medical,bf276702476c425c82951bc0a0ac2369,7,Work
5400,03/31/2020T12:00:00 ,2020-03-31,Shop,"(4041394.0455010775, 2944086.237169109)",bb164e67e7c34366b8e6f3edd215f1db,37,Work,d63a95e86eee42559379232c0fce6f3a,42,Work
5400,03/31/2020T12:00:00 ,2020-03-31,Shop,"(4041394.0455010775, 2944086.237169109)",b6ca22881b6043d09a7afe7971ddf19c,28,Work,d9afae264ae54cc79e0951dd160b8567,57,Work
5400,03/31/2020T12:00:00 ,2020-03-31,Hospital,"(4058154.76725065, 2949603.507869995)",9a4b6276cf8a48d39a6ef1246532a731,39,Work,4eb583895cde431aaf9b6751a35adc9d,45,Work
5400,03/31/2020T12:00:00 ,2020-03-31,Hospital,"(4041018.9862266188, 2978524.81136002)",0b0168489f1446f3a2818188676110ae,20,Work,c00c1fe7615344a384d6c99a5ee9efda,64,Work
5400,03/31/2020T12:00:00 ,2020-03-31,Hospital,"(4041018.9862266188, 2978524.81136002)",5dea0c94039341eeb7d81753b6d2b072,17,Medical,37796818744f448c9812144adca391a0,59,Work
5400,03/31/2020T12:00:00 ,2020-03-31,Hospital,"(4026830.549424994, 2957052.0152650787)",b471c39f4fa54a4ebe6e8c7c7f758f30,34,Work,779f80ba0ca4448b87299d0139f8136d,55,Work
5401,03/31/2020T12:10:00 ,2020-03-31,Hospital,"(4041018.9862266188, 2978524.81136002)",3048c576237d4c0c8ccf86f8865a8f93,32,Work,d56fd4db0f214ca89a78f00d24e68ae1,59,Work
5402,03/31/2020T12:20:00 ,2020-03-31,Shop,"(4041394.0455010775, 2944086.237169109)",9fdd929b802b40fb898a21a411734779,21,Work,329707e8e85343e89269c6d2068a17f7,34,Work
5402,03/31/2020T12:20:00 ,2020-03-31,Hospital,"(4058154.76725065, 2949603.507869995)",4d6f610ca69d49a99fe338ef801267e1,46,Work,fce7682a38974b15b5e412b5890b40c5,51,Work
5402,03/31/2020T12:20:00 ,2020-03-31,Hospital,"(4058154.76725065, 2949603.507869995)",66e2981a53b64fa1a80ac4f1955e3191,31,Work,6937ff5de175410d9ef376db8d6d57ad,72,House
5403,03/31/2020T12:30:00 ,2020-03-31,Hospital,"(4058154.76725065, 2949603.507869995)",b93cce55cda24684930115641a3feef4,18,Work,e7e53f1dd51e4dcbb8c7e8e61ec36d2c,43,Work
5403,03/31/2020T12:30:00 ,2020-03-31,Secondary School,"(4034683.76488532, 2947950.22012564)",20e2d41fc26a463986683fe9c27f9769,43,Work,72f0c897ff0b4e81a75ee023e549e773,15,School
5404,03/31/2020T12:40:00 ,2020-03-31,Care Home,"(4040157.0735851885, 2957292.780931754)",6ec33172bb3146beaa57156ed269408a,46,Work,55c6202d75de47c7890b33c4026e328c,59,Work
5404,03/31/2020T12:40:00 ,2020-03-31,Shop,"(4061132.6588792657, 2950252.969120565)",3311fa4f009746cc8ad7cccf02448428,25,Work,08ebede20aef4c01bd37a3b8437fad52,33,Work
5404,03/31/2020T12:40:00 ,2020-03-31,Shop,"(4061132.6588792657, 2950252.969120565)",8fae59cfe70a4b91ac93458ed2f301f2,25,Work,eafd425cef6e4526a38a9f8ceef7ea93,35,Work
5404,03/31/2020T12:40:00 ,2020-03-31,Hospital,"(4041018.9862266188, 2978524.81136002)",684610a91e1642518c804c205c0816e5,44,Medical,d56fd4db0f214ca89a78f00d24e68ae1,59,Work
5405,03/31/2020T12:50:00 ,2020-03-31,Care Home,"(4040157.0735851885, 2957292.780931754)",f317f8fa26f44f7bb823db795b351bd7,41,Work,d03e9c0be3694a678262c02966bb180f,93,Visit
5405,03/31/2020T12:50:00 ,2020-03-31,Shop,"(4026138.8109881002, 2945851.965113407)",67e4b2a3b7c14805ac936a1267f11252,53,Work,28bd360ac284491e936d00fef2826546,50,Work
5405,03/31/2020T12:50:00 ,2020-03-31,Shop,"(4026138.8109881002, 2945851.965113407)",e3125a7dd32c480b995d4735ed2998d1,52,Work,fa8ff7a8857d47d1a33a4a7450c439a9,23,Work
5405,03/31/2020T12:50:00 ,2020-03-31,Shop,"(4041394.0455010775, 2944086.237169109)",fd3df072fded4e29943673820692cf54,25,Work,d9afae264ae54cc79e0951dd160b8567,57,Work
5406,03/31/2020T13:00:00 ,2020-03-31,Shop,"(4041394.0455010775, 2944086.237169109)",9a4d8566880840fa89e79ddc336ce6a4,44,Work,4a589bf7935a445cacbd000e746e3d69,37,Work
5406,03/31/2020T13:00:00 ,2020-03-31,Secondary School,"(4034683.76488532, 2947950.22012564)",397b00b5af374210b1d65bcd87aa919f,28,School,72f0c897ff0b4e81a75ee023e549e773,15,School
5407,03/31/2020T13:10:00 ,2020-03-31,House,"(4035478.3654239704, 2940634.5575055373)",769704c5a94849c1b0226088611ff305,55,Work,41ef4417ae6349f8b71871119fb6c873,32,Work
5409,03/31/2020T13:30:00 ,2020-03-31,Hospital,"(4041018.9862266188, 2978524.81136002)",28851068132c41928c19d9d211c0d66d,38,Work,6d3b3ac7249141d3bd68867b98e39d28,62,Work
5410,03/31/2020T13:40:00 ,2020-03-31,Shop,"(4026138.8109881002, 2945851.965113407)",8bf8bce99e3e42218acff88f3c0bdc70,62,Work,dd58a50462204fa99040b41daf2bef72,26,Work
5410,03/31/2020T13:40:00 ,2020-03-31,Hospital,"(4058154.76725065, 2949603.507869995)",f69901e504b24451b0604902c064d36c,27,Work,c89f7a0c53914fa3829434c4763f380b,48,Work
5411,03/31/2020T13:50:00 ,2020-03-31,Care Home,"(4040157.0735851885, 2957292.780931754)",587d68db424f486c8e4be3add6244e8e,41,Work,fd4bce7c0b40452c846f864c0b108667,95,House
5411,03/31/2020T13:50:00 ,2020-03-31,Hospital,"(4026830.549424994, 2957052.0152650787)",0ddf79ae40884eeb9e3364d8577fb230,25,Work,9bf8a2d4629f4d59b323a21d40a60b99,49,Work
5411,03/31/2020T13:50:00 ,2020-03-31,House,"(4030330.329255337, 2939215.74024956)",c36634f5483b4d7f8593c83e03aa155b,5,House,1a44a262ea4c42d3a0fcf4b0c811c158,7,House
5412,03/31/2020T14:00:00 ,2020-03-31,Care Home,"(4040157.0735851885, 2957292.780931754)",46723bada2f6413a8d523f245dcf6739,44,Work,73bb97578d224ab2ac5afeadfe60bc80,92,House
5412,03/31/2020T14:00:00 ,2020-03-31,Hospital,"(4026830.549424994, 2957052.0152650787)",e86552604c264b4aa5003363a7d3da5e,30,Work,be81b396461b4e0684fd7d706bb62e16,39,Work
5412,03/31/2020T14:00:00 ,2020-03-31,Hotel,"(4041905.981629138, 2953161.4380196705)",2bf4130fc6a64d12bf99764454f84e10,6,Work,15aa0a9a03d042479384225badee0d08,54,Work
5415,03/31/2020T14:30:00 ,2020-03-31,Shop,"(4041394.0455010775, 2944086.237169109)",70059232dd0448bbb8bbec75cbddd5ea,56,Work,efa0f88bb978473caea98cf925cd2a3c,59,Work
5416,03/31/2020T14:40:00 ,2020-03-31,Shop,"(4061132.6588792657, 2950252.969120565)",b3486343021742fbb4f148fc3ba744ba,38,Work,2c423577f8a94b8f93b05d94fe1846a4,50,Work
5416,03/31/2020T14:40:00 ,2020-03-31,Shop,"(4026138.8109881002, 2945851.965113407)",5df1716d19534291a0cb8ac035cc81db,41,Shop,5bfd0670ba8c451caf0a2d38781e82b4,23,Work
5416,03/31/2020T14:40:00 ,2020-03-31,Shop,"(4041394.0455010775, 2944086.237169109)",2ae051134b994eb1bada3183c5b3d24b,30,Work,efa0f88bb978473caea98cf925cd2a3c,59,Work
5416,03/31/2020T14:40:00 ,2020-03-31,Shop,"(4041394.0455010775, 2944086.237169109)",0a9f8c4b82194c8e980f750f5f0b39b1,54,Shop,5cb931bbbc3547a486b4014d7173b684,56,Work
5417,03/31/2020T14:50:00 ,2020-03-31,Shop,"(4041394.0455010775, 2944086.237169109)",9e050718631945b19277ce692512b82e,37,Work,79cd825d6fbd4f2abc405bc8eb6e4ad9,59,Work
5417,03/31/2020T14:50:00 ,2020-03-31,Hospital,"(4041018.9862266188, 2978524.81136002)",a16dd5269c404b4f81c7e595b8d0f183,44,Work,990b221de65c40d1968c1e83baa1d0a2,51,Work
5418,03/31/2020T15:00:00 ,2020-03-31,Shop,"(4061132.6588792657, 2950252.969120565)",e3a7fc26683d46039fcf9ec028fffa93,56,Work,c8922f8152af4ad89d3dcf990e8ab0d9,38,Work
5418,03/31/2020T15:00:00 ,2020-03-31,Shop,"(4041394.0455010775, 2944086.237169109)",6c8f0a70a071447ca7ed2dd2232d2c50,46,Work,a054dba3f5a749709490cb8a5ee6a037,24,Work
5418,03/31/2020T15:00:00 ,2020-03-31,Hospital,"(4058154.76725065, 2949603.507869995)",cb0e2b2e613f46fa961ceea3aed1f0f4,40,Work,2b8f052ad5fa4d0cb781eb66e16f2962,51,Work
5418,03/31/2020T15:00:00 ,2020-03-31,Hospital,"(4058154.76725065, 2949603.507869995)",317471be6afd4136ae305fcb9f6ac8a5,33,Work,2b66219d92de4d92bdad98ddd0735e4b,55,Work
5419,03/31/2020T15:10:00 ,2020-03-31,Hospital,"(4058154.76725065, 2949603.507869995)",f2aba369e23e423aba1c2fb9e592a789,44,Work,417b9114fa9a48bea23eeaa4f83d6761,31,Work
5420,03/31/2020T15:20:00 ,2020-03-31,Secondary School,"(4034404.417465693, 2942685.048007)",3867e6e5bf17408a8a368a87fb3f76b0,12,School,7af79a2757c1427fbdcc746a313377ef,27,Work
5421,03/31/2020T15:30:00 ,2020-03-31,Shop,"(4061132.6588792657, 2950252.969120565)",a2bd540b214847839f7cab642c2707d7,47,Work,eafd425cef6e4526a38a9f8ceef7ea93,35,Work
5421,03/31/2020T15:30:00 ,2020-03-31,Shop,"(4041394.0455010775, 2944086.237169109)",1bb0541e821f47fab4d660c83b8c96d4,87,Shop,d63a95e86eee42559379232c0fce6f3a,42,Work
5421,03/31/2020T15:30:00 ,2020-03-31,Hospital,"(4058154.76725065, 2949603.507869995)",19b0b659d3e743e59de2d3c7fc065888,56,Medical,b376e75e62a24150abeae39ef879da17,36,Work
5423,03/31/2020T15:50:00 ,2020-03-31,Care Home,"(4040157.0735851885, 2957292.780931754)",ca35089c6765430792a4d49bbe0b6b32,49,Work,eddb22071dab4ff7a235d338ba1855d1,95,House
5423,03/31/2020T15:50:00 ,2020-03-31,Shop,"(4041394.0455010775, 2944086.237169109)",d66d8027e29446cc8b8469081a269fa7,30,Work,59b30b4e090c432e82f505ca90a47e02,35,Work
5423,03/31/2020T15:50:00 ,2020-03-31,Hospital,"(4041018.9862266188, 2978524.81136002)",5fcda70f87ee41a7a920000d1901f188,48,Work,c00c1fe7615344a384d6c99a5ee9efda,64,Work
5424,03/31/2020T16:00:00 ,2020-03-31,Care Home,"(4040157.0735851885, 2957292.780931754)",32aeeca935c84cfc8f868a918e506970,41,Work,fd4bce7c0b40452c846f864c0b108667,95,House
5424,03/31/2020T16:00:00 ,2020-03-31,Shop,"(4041394.0455010775, 2944086.237169109)",da8594e9c43b4a5195d8b654ad30c8f2,36,Work,9f18cf1b96864fb19c0da6152372b2a3,45,Work
5424,03/31/2020T16:00:00 ,2020-03-31,Hospital,"(4026830.549424994, 2957052.0152650787)",d059d88bf2df4a66a33d573711406ab0,18,Work,caada3e54e644222b26c7416e1bbe417,32,Work
5426,03/31/2020T16:20:00 ,2020-03-31,Hospital,"(4041018.9862266188, 2978524.81136002)",b2cd923bfc334c37b688526e0f46d776,56,Work,42187d59db354458aefb10c2fdb4844f,61,Work
5427,03/31/2020T16:30:00 ,2020-03-31,Care Home,"(4040157.0735851885, 2957292.780931754)",a849a79fd8534bb7b114c4e6fd7b38c1,54,Work,ef833903648c410f8c5fbd97f96f9a07,94,House
5427,03/31/2020T16:30:00 ,2020-03-31,Hospital,"(4041018.9862266188, 2978524.81136002)",7a8accc7907a49b2bd7ccac479a37ba3,60,Work,08bf3b8056ff4dffb2a74d434581b6c9,37,Work
5427,03/31/2020T16:30:00 ,2020-03-31,Hospital,"(4041018.9862266188, 2978524.81136002)",3989ac1855c14558ad7b570955cb7e4d,72,Medical,7ddbeb8b93ad462d96ec179db63c261f,54,Work
5428,03/31/2020T16:40:00 ,2020-03-31,Shop,"(4041394.0455010775, 2944086.237169109)",4e6b157b61784d9083f5ad67db9e4672,42,Work,79cd825d6fbd4f2abc405bc8eb6e4ad9,59,Work
5428,03/31/2020T16:40:00 ,2020-03-31,Hospital,"(4026830.549424994, 2957052.0152650787)",24a8d5a52a794b58bc248e614247a64a,46,Work,bf276702476c425c82951bc0a0ac2369,7,Work
5429,03/31/2020T16:50:00 ,2020-03-31,Care Home,"(4040157.0735851885, 2957292.780931754)",4a7ee227ec6a4b12bfac8904e7b8e83f,62,Work,55c6202d75de47c7890b33c4026e328c,59,Work
5429,03/31/2020T16:50:00 ,2020-03-31,House,"(4061285.7987791393, 2954566.56182937)",2851b649bbcf4fd394f9639e7ab19480,71,House,00589dcc286d4ba6a032bc34cf399012,59,House
5431,03/31/2020T17:10:00 ,2020-03-31,Hospital,"(4026830.549424994, 2957052.0152650787)",40f10c2163ac46abbb1231a9a3edc71b,31,Work,3dcdb2ed75a5463c9b3c5587c23666c3,22,Work
5432,03/31/2020T17:20:00 ,2020-03-31,Care Home,"(4040157.0735851885, 2957292.780931754)",90c6c97654354309ac436e97e76f5961,37,Work,a03242df80c64db5aaadf3845c33ed8b,93,House
5434,03/31/2020T17:40:00 ,2020-03-31,Care Home,"(4040157.0735851885, 2957292.780931754)",239d34e2888743e7a1bff1bef12c3020,49,Work,d45675c325354cdb9da3ab642bd8928f,94,House
5435,03/31/2020T17:50:00 ,2020-03-31,Hospital,"(4058154.76725065, 2949603.507869995)",43c316fce36f456489ebda1166dd8f06,59,Medical,83172117147d4944addf6579fe985f87,50,Work
5452,03/31/2020T20:40:00 ,2020-03-31,Hospital,"(4041018.9862266188, 2978524.81136002)",bd97390e0ff7467f8511d1c9f9428fb3,44,Work,6d3b3ac7249141d3bd68867b98e39d28,62,House
5475,04/01/2020T00:30:00 ,2020-04-01,House,"(4062659.4705326436, 2972487.700825738)",1700a3c89cbf453ca5ff399a7f4083c9,77,House,8d6374050a0a41c19fd228604c3d25d4,24,House
5482,04/01/2020T01:40:00 ,2020-04-01,House,"(4029285.4636485577, 2972970.6140050325)",5a0fa1e8f43e488d9ba79b8ba7c10006,38,House,fa5b1567af304486bdca61f074e026b9,39,House
5492,04/01/2020T03:20:00 ,2020-04-01,House,"(4039573.8657988748, 2952966.713702258)",830aa0c498884886a67932a33729ceae,45,House,b09bd7e884a342cca6e5b1e0c440b801,40,House
5503,04/01/2020T05:10:00 ,2020-04-01,House,"(4042546.122386688, 2950460.6776036145)",3dc54bc68e66402ea2728059e2ed4b5e,33,House,281ec95213b04ccca10e84d8e04b2b69,0,House
5508,04/01/2020T06:00:00 ,2020-04-01,House,"(4057794.8757558437, 2969064.171771269)",02c574f250ff490aa78fb11df5e6b812,41,House,623f502e97554477a03b09dfb5fe5412,50,House
5519,04/01/2020T07:50:00 ,2020-04-01,Shop,"(4041394.0455010775, 2944086.237169109)",24fdb6ed21ba4dee8c9fcbed5e1ff403,35,Work,264afb0ab6ee4e40a08895f9ef5cb68d,24,Work
5521,04/01/2020T08:10:00 ,2020-04-01,Hospital,"(4026830.549424994, 2957052.0152650787)",9306ea720995439eb3b7e03bff3bb2ad,46,Work,f4d93f9939ca4c7ab58fac1231c73624,61,Work
5522,04/01/2020T08:20:00 ,2020-04-01,Shop,"(4041394.0455010775, 2944086.237169109)",bd836efcc3ae46cd89ebef2903050dea,43,Work,26f04530ec3d405e98b19d9e987bfa13,60,Work
5522,04/01/2020T08:20:00 ,2020-04-01,Hospital,"(4058154.76725065, 2949603.507869995)",72ea4a0c21634e9c96186acf7c5d5dae,54,Work,c94e43a8fc274ae08bfc6ea2284665a9,22,Work
5523,04/01/2020T08:30:00 ,2020-04-01,Hospital,"(4041018.9862266188, 2978524.81136002)",8e620fc5dc974fc98c58628ba33389bd,29,Work,8e55627ded654728a998a6219342d485,94,House
5524,04/01/2020T08:40:00 ,2020-04-01,Shop,"(4041394.0455010775, 2944086.237169109)",801b03cf4f854488b1bd0247c317a60c,26,Work,4a589bf7935a445cacbd000e746e3d69,37,Work
5524,04/01/2020T08:40:00 ,2020-04-01,Hospital,"(4058154.76725065, 2949603.507869995)",62847408d89e4c3ca9dd6bbbacdd014d,42,Work,b5acb8d86d2a436a848bb3fa00f90228,59,Work
5524,04/01/2020T08:40:00 ,2020-04-01,Hospital,"(4041018.9862266188, 2978524.81136002)",e6f9267ec14f48208e10ee2ece5fc3e9,37,Work,990b221de65c40d1968c1e83baa1d0a2,51,Work
5525,04/01/2020T08:50:00 ,2020-04-01,Hospital,"(4026830.549424994, 2957052.0152650787)",a0bf7a38c8b3435c875a65828e5fbdc5,58,Work,caada3e54e644222b26c7416e1bbe417,32,Work
5526,04/01/2020T09:00:00 ,2020-04-01,Hospital,"(4058154.76725065, 2949603.507869995)",f206ab2b7c0d4c5fb05639a18e3bdd8d,21,Work,83172117147d4944addf6579fe985f87,50,Car
5526,04/01/2020T09:00:00 ,2020-04-01,Secondary School,"(4034404.417465693, 2942685.048007)",f6c1b14e274248b5801bb5fea8317c32,12,School,e73ac4fd50f844ffa707eb3db7ac34a3,20,School
5527,04/01/2020T09:10:00 ,2020-04-01,Shop,"(4041394.0455010775, 2944086.237169109)",dd295fde11ba4fc8975d483af753233b,27,Work,efa0f88bb978473caea98cf925cd2a3c,59,Work
5527,04/01/2020T09:10:00 ,2020-04-01,Hospital,"(4058154.76725065, 2949603.507869995)",afba775b05ba4a7d9bf67162267279e8,27,Work,5578d5d8adee48778551f10d0c033a5a,39,Work
5528,04/01/2020T09:20:00 ,2020-04-01,Care Home,"(4040157.0735851885, 2957292.780931754)",1e97ce522155422994899ee65c2c7479,36,Work,b3ab07ec7d3c47a5a6c4513b9387fd36,26,Work
5528,04/01/2020T09:20:00 ,2020-04-01,Shop,"(4061132.6588792657, 2950252.969120565)",d8dae7b6f8fe4b9abfec893cf0ed4f56,54,Work,eafd425cef6e4526a38a9f8ceef7ea93,35,Work
5528,04/01/2020T09:20:00 ,2020-04-01,Shop,"(4041394.0455010775, 2944086.237169109)",539c630eb64c46e0806cbd40c13d091a,26,Work,53405ad667354daea77a2f157e1f9496,48,Work
5528,04/01/2020T09:20:00 ,2020-04-01,Shop,"(4041394.0455010775, 2944086.237169109)",54c34e3611df42c7b076f2a6b94baa71,40,Work,d63a95e86eee42559379232c0fce6f3a,42,Work
5529,04/01/2020T09:30:00 ,2020-04-01,Shop,"(4061132.6588792657, 2950252.969120565)",3e0cedfa08d64a15878e765fa5f9047a,35,Work,623f502e97554477a03b09dfb5fe5412,50,Work
5529,04/01/2020T09:30:00 ,2020-04-01,Shop,"(4041394.0455010775, 2944086.237169109)",f6c7a5502db34c47bae7405c5da86b55,34,Work,d9afae264ae54cc79e0951dd160b8567,57,Work
5529,04/01/2020T09:30:00 ,2020-04-01,Hospital,"(4026830.549424994, 2957052.0152650787)",35c94a2c4ba2485abf5cb30f83fc3a28,79,Medical,f109cb1d15e04d5caa7760224c74d489,63,House
5529,04/01/2020T09:30:00 ,2020-04-01,Hotel,"(4041905.981629138, 2953161.4380196705)",79ab40c359d14352bc470edd0c3e0a06,36,Work,25e4412e3a8a4ce5b5861a35738e7f8a,55,Work
5532,04/01/2020T10:00:00 ,2020-04-01,Hospital,"(4026830.549424994, 2957052.0152650787)",3d9b0c9c94c448cb96a49a465057127e,52,Work,509eebc327534c74a1273d09537704d5,57,Work
5534,04/01/2020T10:20:00 ,2020-04-01,Hospital,"(4041018.9862266188, 2978524.81136002)",b0fab05d1204426bafad046b8f1c09ad,33,Work,1d7c3d70008345b995ab1dfec1801717,63,House
5535,04/01/2020T10:30:00 ,2020-04-01,Shop,"(4041394.0455010775, 2944086.237169109)",bdc00fc763fe4340b741ef32dbc606db,33,Work,d63a95e86eee42559379232c0fce6f3a,42,Work
5535,04/01/2020T10:30:00 ,2020-04-01,Shop,"(4041394.0455010775, 2944086.237169109)",0f5a0c180e6f48eda1f51c709918de36,57,Work,79cd825d6fbd4f2abc405bc8eb6e4ad9,59,Work
5535,04/01/2020T10:30:00 ,2020-04-01,Hospital,"(4058154.76725065, 2949603.507869995)",d2af189bd296431a9331e38b5702ce49,31,Work,4a03d21b7b2b4a0f9c54bd5ad09395c2,23,Work
5535,04/01/2020T10:30:00 ,2020-04-01,Secondary School,"(4028941.945504558, 2972528.6090870015)",ce005d56d65749178a2a535b91fb3fa8,15,School,374b7128daec4bfda1764ed45761467e,16,School
5537,04/01/2020T10:50:00 ,2020-04-01,Care Home,"(4040157.0735851885, 2957292.780931754)",000f9475e70f4aada493bd630a782c4f,32,Work,b08400fbe8a541cd978f7efd803a1ca0,95,House
5538,04/01/2020T11:00:00 ,2020-04-01,Shop,"(4061132.6588792657, 2950252.969120565)",f8ff6d3c6c6d4847af1f8b6f75e1a532,38,Work,3a97d1336abe4d749759864cfada8238,18,Work
5538,04/01/2020T11:00:00 ,2020-04-01,Shop,"(4041394.0455010775, 2944086.237169109)",97a134dc2c4946e2b2bf144f02587297,55,Work,329707e8e85343e89269c6d2068a17f7,34,Work
5538,04/01/2020T11:00:00 ,2020-04-01,Shop,"(4041394.0455010775, 2944086.237169109)",796ea3c6fad549e59d1491cd48de6a1b,58,Shop,f1474a5306fd4fee88d9ea49435d433b,45,Work
5538,04/01/2020T11:00:00 ,2020-04-01,Hospital,"(4026830.549424994, 2957052.0152650787)",b5ec9efb7f384266b522fdfa84b030cd,35,Work,6afae0a9ea0141228da98bd02fd5f529,62,House
5538,04/01/2020T11:00:00 ,2020-04-01,Secondary School,"(4028941.945504558, 2972528.6090870015)",7514903d2b7b4269a623340d13702bcc,19,School,ebfd0ed5cb974ad38243f5bda0917dbc,19,School
5539,04/01/2020T11:10:00 ,2020-04-01,Shop,"(4061132.6588792657, 2950252.969120565)",2f54e430066248bb8fea9b4fbb2735d5,52,Work,ee2d8602ed414d2a9cca357f2fd0d150,52,Work
5539,04/01/2020T11:10:00 ,2020-04-01,Shop,"(4041394.0455010775, 2944086.237169109)",ac9a976198cd4bacb69f970fa28b174e,58,Work,b4e8e873109d4bb6be6b7987d2360aaf,25,Work
5539,04/01/2020T11:10:00 ,2020-04-01,Hospital,"(4058154.76725065, 2949603.507869995)",65cd6f9666b74b48a866ade7bc23f2c9,15,Medical,21c3a1bb8fdb46c1b043147edcb36abe,55,Work
5541,04/01/2020T11:30:00 ,2020-04-01,Hospital,"(4026830.549424994, 2957052.0152650787)",8c7e8dcfcdff4015847e7da4fa87da58,42,Work,f36801ad74654878a89c9ca9cfafe1ed,45,Work
5542,04/01/2020T11:40:00 ,2020-04-01,Hotel,"(4041905.981629138, 2953161.4380196705)",21b943acf4524e5ab6caba91d5d6c067,41,Work,64c3ee24da2f4e6c95b631e26cbe6b99,20,Work
5543,04/01/2020T11:50:00 ,2020-04-01,Shop,"(4041394.0455010775, 2944086.237169109)",4b54691ef75a4546a5185adf099dc492,57,Work,973db0bb0e304546a9aa6169e66f653d,29,Work
5543,04/01/2020T11:50:00 ,2020-04-01,Secondary School,"(4038231.4573233607, 2941585.605677152)",88805b9ca5394e14b6c48abea76521db,16,School,008c74a72b4040a79a3f143e62aec6e8,53,Work
5545,04/01/2020T12:10:00 ,2020-04-01,Hospital,"(4041018.9862266188, 2978524.81136002)",b1b03594984a461489f78a2b8cb8fc6b,57,Work,990b221de65c40d1968c1e83baa1d0a2,51,Work
5545,04/01/2020T12:10:00 ,2020-04-01,Hospital,"(4026830.549424994, 2957052.0152650787)",c98e413d75684f5682e660f1c68d3d2b,23,Work,6e6b8a2392664996ad9b48028878a59c,49,Work
5545,04/01/2020T12:10:00 ,2020-04-01,Hospital,"(4026830.549424994, 2957052.0152650787)",99f8e180863541dc9d87e83a40825de2,45,Work,07dcc884f5f14d90b8f3beb5cee52701,36,Work
5548,04/01/2020T12:40:00 ,2020-04-01,Shop,"(4026138.8109881002, 2945851.965113407)",4fab353476cd46c2948bbd0e8f0e6695,32,Work,5a5725c4d9904b01917fca9416c54e80,20,Work
5549,04/01/2020T12:50:00 ,2020-04-01,Shop,"(4041394.0455010775, 2944086.237169109)",5e919f27566d48fb9ddfbb3858e4fcf0,22,Work,973db0bb0e304546a9aa6169e66f653d,29,Work
5549,04/01/2020T12:50:00 ,2020-04-01,Shop,"(4041394.0455010775, 2944086.237169109)",b573ec31b93a405f9676836f41c746ff,26,Work,6d5b6ff11e4b44dea11d14dcb8e25252,35,Work
5549,04/01/2020T12:50:00 ,2020-04-01,Hospital,"(4026830.549424994, 2957052.0152650787)",afc0c81db39040c882b227c5ca6dae4d,60,Work,ea3b32f966e0477d830c75cac7ab7066,50,Work
5550,04/01/2020T13:00:00 ,2020-04-01,Shop,"(4041394.0455010775, 2944086.237169109)",0eac0873a9f045e8b6ed672d43ad5f7b,34,Work,79cd825d6fbd4f2abc405bc8eb6e4ad9,59,Work
5551,04/01/2020T13:10:00 ,2020-04-01,Hospital,"(4026830.549424994, 2957052.0152650787)",dc9a3a7358b144cea2c56f253c07eb7a,56,Work,ea3b32f966e0477d830c75cac7ab7066,50,Work
5552,04/01/2020T13:20:00 ,2020-04-01,Shop,"(4041394.0455010775, 2944086.237169109)",4a70c49f30d847a380f99611ed32ed0d,29,Work,26f04530ec3d405e98b19d9e987bfa13,60,Work
5554,04/01/2020T13:40:00 ,2020-04-01,Shop,"(4041394.0455010775, 2944086.237169109)",3793fa8990ae4fd9b4b3aa0bcf70de39,18,Work,a054dba3f5a749709490cb8a5ee6a037,24,Work
5554,04/01/2020T13:40:00 ,2020-04-01,Shop,"(4041394.0455010775, 2944086.237169109)",d5d5d62f66c44165a349629ebd8e93f3,63,Work,30aefd9ebab24bf59f366d265f956c03,45,Work
5554,04/01/2020T13:40:00 ,2020-04-01,Hospital,"(4041018.9862266188, 2978524.81136002)",39ca54c835c94906afa4501a87c204c6,31,Work,67e259fb09d3455982c5e501df936f1d,25,Work
5555,04/01/2020T13:50:00 ,2020-04-01,Hospital,"(4026830.549424994, 2957052.0152650787)",dd1f086e2e7041b7aae4f7daf08e4e42,28,Work,6afae0a9ea0141228da98bd02fd5f529,62,House
5556,04/01/2020T14:00:00 ,2020-04-01,Shop,"(4061132.6588792657, 2950252.969120565)",daf8411c067145a78792fb2f827372a3,27,Work,3a97d1336abe4d749759864cfada8238,18,Work
5556,04/01/2020T14:00:00 ,2020-04-01,Hospital,"(4026830.549424994, 2957052.0152650787)",6bc5d48f81814dcfabba5f1bc7be516f,42,Work,013093a621b0453eb411f11c83534b43,58,Work
5557,04/01/2020T14:10:00 ,2020-04-01,Shop,"(4026138.8109881002, 2945851.965113407)",b5b03a9b1bfd4f6bacac2047e05622f1,57,Work,9f8090a0c29f4262b21056a8c73ca1ab,56,Work
5557,04/01/2020T14:10:00 ,2020-04-01,Hospital,"(4058154.76725065, 2949603.507869995)",450a27cf33fe47f7a9bf6f06349b4982,63,Work,913a266573214751919c469063eea9c2,44,Work
5558,04/01/2020T14:20:00 ,2020-04-01,Shop,"(4041394.0455010775, 2944086.237169109)",c01c80d2f4ab4ac29b4abd972c0d9a2e,55,Work,b4e8e873109d4bb6be6b7987d2360aaf,25,Work
5558,04/01/2020T14:20:00 ,2020-04-01,Hospital,"(4058154.76725065, 2949603.507869995)",15ed9a3bf0604c8885bb0f96720af45f,41,Work,2b5019234f4e47bd80bdf17fd75ae71c,64,Work
5558,04/01/2020T14:20:00 ,2020-04-01,Hospital,"(4026830.549424994, 2957052.0152650787)",528b210f570e41b2a340c860faefe73a,36,Work,b1b3f0f114734195b2ed337fd0bc1a6d,24,Work
5559,04/01/2020T14:30:00 ,2020-04-01,Hospital,"(4058154.76725065, 2949603.507869995)",857730a613b946a9912050c5c1feb6fc,22,Work,006894d66cdb4575844355b009f15f7c,56,House
5561,04/01/2020T14:50:00 ,2020-04-01,Hospital,"(4026830.549424994, 2957052.0152650787)",7a92fc6b6e8e4991b440d771132ccbb6,61,Work,d458e87a104249a3b588b85949c7e2a2,60,Work
5562,04/01/2020T15:00:00 ,2020-04-01,Shop,"(4061132.6588792657, 2950252.969120565)",5a172f4882d04f55965cb9901895378a,55,Work,eafd425cef6e4526a38a9f8ceef7ea93,35,Work
5563,04/01/2020T15:10:00 ,2020-04-01,Hospital,"(4058154.76725065, 2949603.507869995)",17dbf08cfdf64394b388222e5a00b80a,48,Medical,51725a80336447e7976155d7e66e5f42,59,Work
5567,04/01/2020T15:50:00 ,2020-04-01,Shop,"(4041394.0455010775, 2944086.237169109)",d7d33e60d6894b889401cd730142d0e9,23,Work,26f04530ec3d405e98b19d9e987bfa13,60,Work
5567,04/01/2020T15:50:00 ,2020-04-01,Shop,"(4041394.0455010775, 2944086.237169109)",eaeff50452b849e6bb6a942a03831ce1,32,Work,30aefd9ebab24bf59f366d265f956c03,45,Work
5568,04/01/2020T16:00:00 ,2020-04-01,Medical,"(4056660.9116824567, 2941603.4527415517)",a9779cf32a1b4d2592baef16ea69ebc5,40,Work,1319ceec12fe44aeaa3f2e05227fbc40,20,Medical
5568,04/01/2020T16:00:00 ,2020-04-01,Hospital,"(4041018.9862266188, 2978524.81136002)",6d7c9e661122471a9c87f353f55e7c82,59,Work,1d7c3d70008345b995ab1dfec1801717,63,Car
5569,04/01/2020T16:10:00 ,2020-04-01,Shop,"(4061132.6588792657, 2950252.969120565)",c08ae5c39cf244e1a8bd8dd92f0b2b31,59,Work,c8922f8152af4ad89d3dcf990e8ab0d9,38,Work
5569,04/01/2020T16:10:00 ,2020-04-01,Shop,"(4041394.0455010775, 2944086.237169109)",790564e345ea4975b5d72f0388ec9669,30,Work,b2f0c9300cff487ca33efa11bf72d4dc,43,Work
5569,04/01/2020T16:10:00 ,2020-04-01,Hospital,"(4058154.76725065, 2949603.507869995)",0c6e58c2d4f34516b0f9d4489d963fd6,44,Work,eae5fd37d7634d80bd635f8a767a153d,64,Work
5569,04/01/2020T16:10:00 ,2020-04-01,Hospital,"(4026830.549424994, 2957052.0152650787)",d8439f789517466eb5bb89ea814f5e99,21,Work,b28e9439f6634393b83c71cd3c82e59e,58,Work
5571,04/01/2020T16:30:00 ,2020-04-01,Shop,"(4061132.6588792657, 2950252.969120565)",bcc0232882444d7f9fb98ff6815c2591,41,Work,62290056061e4c77818f02fa767b9c68,49,Work
5571,04/01/2020T16:30:00 ,2020-04-01,Hospital,"(4026830.549424994, 2957052.0152650787)",336df4b3297b433ea456bce6881d3d44,18,Work,8628659e2a784a77bcc339ae8cdf823e,34,Work
5572,04/01/2020T16:40:00 ,2020-04-01,Care Home,"(4040157.0735851885, 2957292.780931754)",3f782c2538a841a8a557a5a1e95bcbd5,55,Work,d03e9c0be3694a678262c02966bb180f,93,Outdoor
5572,04/01/2020T16:40:00 ,2020-04-01,Hospital,"(4026830.549424994, 2957052.0152650787)",9aeb44df172f4b1a84bcd74e4fd45f9a,38,Work,7fbced31c29a4efd895c30222e02b350,66,Outdoor
5572,04/01/2020T16:40:00 ,2020-04-01,Hospital,"(4026830.549424994, 2957052.0152650787)",6e53b67343ad46d0a2f1ce6a8d6946f0,42,Work,055495a9661046539e8622bf4c7e0fba,49,Work
5574,04/01/2020T17:00:00 ,2020-04-01,Public Transport,"(4038312.9071980133, 2952545.514769823)",b2753180326d42ac92b32ce3065eb143,2,Public Transport,387a8a7cc8314ae1be899a26dc257beb,7,Public Transport
5576,04/01/2020T17:20:00 ,2020-04-01,Public Transport,"(4026793.7018039757, 2942907.4862215742)",8a85ea3893fd4ee4b9758a95e4f9e6b6,15,Public Transport,43daba129aa640aa8827a67bd3a60daf,20,Public Transport
5580,04/01/2020T18:00:00 ,2020-04-01,House,"(4038541.724411114, 2936579.186496294)",69470d816eed4c6daedae59eec0c8086,33,Work,a11dd83d123f4b3abf18cc3edb705b65,28,Visit
5585,04/01/2020T18:50:00 ,2020-04-01,Hospital,"(4041018.9862266188, 2978524.81136002)",280af309d52040cb8484e7e2e89670e4,34,Medical,6f999593fd2b461ea313588b53172f4b,56,Car
5585,04/01/2020T18:50:00 ,2020-04-01,Hospital,"(4026830.549424994, 2957052.0152650787)",6d85109523ab4c54b2cb0f7458aadf3f,34,Medical,05d4b0acd18c4d0b860d24c0ad3bd4f3,55,House
5619,04/02/2020T00:30:00 ,2020-04-02,House,"(4054696.2164375293, 2956484.9671411105)",f4f487ee75d74fe298f3490cc52bb656,8,House,913a266573214751919c469063eea9c2,44,House
5633,04/02/2020T02:50:00 ,2020-04-02,House,"(4024618.129247167, 2985899.1749550165)",0533b92a8c1a44ff8ef350e2c3e8e1b2,13,House,54a8c4f5eada445a936b5d6c6182ebc8,58,House
5641,04/02/2020T04:10:00 ,2020-04-02,House,"(4060219.124134669, 2949096.856851741)",f6153238f3d444fdb3f8fe1b2259a656,47,House,a31ac63f4c34481a8badb538209dce66,47,House
5660,04/02/2020T07:20:00 ,2020-04-02,House,"(4026998.4788586367, 2940995.4530118937)",3508b015b7114c9ba479be73c4b84d45,12,House,422383e1d9564fdfa323e2edff184040,31,House
5664,04/02/2020T08:00:00 ,2020-04-02,Hospital,"(4058154.76725065, 2949603.507869995)",1bf7b75045db41e588bad545f59d8d0c,40,Medical,b3535e7dd45841129197094771e31aa8,63,Work
5665,04/02/2020T08:10:00 ,2020-04-02,Care Home,"(4040157.0735851885, 2957292.780931754)",881cb3b761e941d6a5958bcbd48f97dc,48,Work,6ffa0165790a4705b21049aa65b736e4,93,House
5665,04/02/2020T08:10:00 ,2020-04-02,Shop,"(4041394.0455010775, 2944086.237169109)",5ef2c4e1ae994822a87f5392d2e80c3f,33,Work,329707e8e85343e89269c6d2068a17f7,34,Work
5665,04/02/2020T08:10:00 ,2020-04-02,Secondary School,"(4035707.7409694637, 2940460.9147072453)",bed38f92429b43de9570cb6b220648f0,29,School,a11dd83d123f4b3abf18cc3edb705b65,28,School
5666,04/02/2020T08:20:00 ,2020-04-02,Shop,"(4061132.6588792657, 2950252.969120565)",9ba576be98e8461a9804b03ffb2bf924,39,Work,623f502e97554477a03b09dfb5fe5412,50,Work
5666,04/02/2020T08:20:00 ,2020-04-02,Hospital,"(4058154.76725065, 2949603.507869995)",1459de58910248909dac5268de30decb,63,Work,21c3a1bb8fdb46c1b043147edcb36abe,55,Work
5666,04/02/2020T08:20:00 ,2020-04-02,Secondary School,"(4034683.76488532, 2947950.22012564)",02ad81e60da640359b674b75dc7909e1,14,School,20e2d41fc26a463986683fe9c27f9769,43,Work
5667,04/02/2020T08:30:00 ,2020-04-02,Care Home,"(4040157.0735851885, 2957292.780931754)",d4efb44b7c1e40b096a8f04c65ccd023,22,Work,0c2994c8d05541f9834e46dfbf42430f,93,House
5667,04/02/2020T08:30:00 ,2020-04-02,Hospital,"(4026830.549424994, 2957052.0152650787)",54b1edca606d46faa7b8037b1b1e131a,20,Work,8628659e2a784a77bcc339ae8cdf823e,34,Work
5668,04/02/2020T08:40:00 ,2020-04-02,Shop,"(4061132.6588792657, 2950252.969120565)",3c257eb212b84a598c7b9395f8f4143c,48,Work,2c423577f8a94b8f93b05d94fe1846a4,50,Work
5668,04/02/2020T08:40:00 ,2020-04-02,Secondary School,"(4045969.233886082, 2943140.9300204823)",08c5e609250a4ab58d802cad4fc3e369,14,School,9d940315d83846648c6918a8af5785ba,17,School
5669,04/02/2020T08:50:00 ,2020-04-02,Care Home,"(4040157.0735851885, 2957292.780931754)",05923faf9157447c83e2670c67fa0e79,24,Work,9326012c717e4404b39970a43d948cb2,95,Visit
5669,04/02/2020T08:50:00 ,2020-04-02,Hospital,"(4026830.549424994, 2957052.0152650787)",3d12675d66744f57a93a6ef8cfabc130,49,Work,5051f490dc4849768658c90e98982bff,49,Work
5669,04/02/2020T08:50:00 ,2020-04-02,Hospital,"(4026830.549424994, 2957052.0152650787)",b961311106094331aa7ff426f493e97a,64,Medical,de998fc348124ea19bf79efb01e2af9e,45,Work
5670,04/02/2020T09:00:00 ,2020-04-02,Hospital,"(4058154.76725065, 2949603.507869995)",414f245f03fa404bbe05656a85727bdd,45,Work,b9d4cab2211b44b69caac6c8f4c5844a,39,Work
5672,04/02/2020T09:20:00 ,2020-04-02,Shop,"(4026138.8109881002, 2945851.965113407)",0e327672924746a58f63883f1bf587d5,45,Work,9f8090a0c29f4262b21056a8c73ca1ab,56,Work
5672,04/02/2020T09:20:00 ,2020-04-02,Shop,"(4041394.0455010775, 2944086.237169109)",fdb24ef0e7944f9bb79363da8469a936,56,Work,b2f0c9300cff487ca33efa11bf72d4dc,43,Work
5674,04/02/2020T09:40:00 ,2020-04-02,Shop,"(4061132.6588792657, 2950252.969120565)",35189543bb634312ba6bd7dc39c2699d,56,Work,3a97d1336abe4d749759864cfada8238,18,Work
5674,04/02/2020T09:40:00 ,2020-04-02,Shop,"(4041394.0455010775, 2944086.237169109)",26e68f18405f417c910d4a16a2748e1d,38,Work,329707e8e85343e89269c6d2068a17f7,34,Work
5674,04/02/2020T09:40:00 ,2020-04-02,Secondary School,"(4034404.417465693, 2942685.048007)",2e700608d08448d289db2f788016dab4,15,School,7af79a2757c1427fbdcc746a313377ef,27,Work
5675,04/02/2020T09:50:00 ,2020-04-02,Care Home,"(4040157.0735851885, 2957292.780931754)",758c682d6a07495687dce7e48a9d07bd,59,Work,5ddf47562c0643f1a1e80dc6097ccb64,93,House
5675,04/02/2020T09:50:00 ,2020-04-02,Hospital,"(4026830.549424994, 2957052.0152650787)",96a4274712254a379be5c33433b5ee87,57,Work,9bf8a2d4629f4d59b323a21d40a60b99,49,Work
5675,04/02/2020T09:50:00 ,2020-04-02,Hospital,"(4026830.549424994, 2957052.0152650787)",b18792fa39f8418f812b1dbf9e2e3ed8,66,Medical,8628659e2a784a77bcc339ae8cdf823e,34,Work
5676,04/02/2020T10:00:00 ,2020-04-02,Shop,"(4039783.835461351, 2973536.658573533)",822b404166d14d1da4659b507f3477dc,39,Work,654905f1e18f42c48c8a8000c4a0f91c,10,Shop
5677,04/02/2020T10:10:00 ,2020-04-02,Hotel,"(4041905.981629138, 2953161.4380196705)",5a4e09d0068349b68bfedab9df402a2a,33,Work,5772422180d8407a93b92e8e530a7c73,44,Work
5678,04/02/2020T10:20:00 ,2020-04-02,Shop,"(4061132.6588792657, 2950252.969120565)",3aa04edb18ff4139ac27daa9a6446adf,39,Work,12e3d9350ef0477982c70ce36f899a98,44,Work
5680,04/02/2020T10:40:00 ,2020-04-02,Hospital,"(4026830.549424994, 2957052.0152650787)",8ffa4109cde748149a4a4cfb80ac9cc1,59,Work,b1b3f0f114734195b2ed337fd0bc1a6d,24,Work
5682,04/02/2020T11:00:00 ,2020-04-02,Care Home,"(4040157.0735851885, 2957292.780931754)",4cde04f074ff485eb4d748b526f0d5f9,57,Work,d03e9c0be3694a678262c02966bb180f,93,Car
5683,04/02/2020T11:10:00 ,2020-04-02,Shop,"(4061132.6588792657, 2950252.969120565)",21f203c797fd4227954147ff267b4c18,28,Work,c8922f8152af4ad89d3dcf990e8ab0d9,38,Work
5683,04/02/2020T11:10:00 ,2020-04-02,Shop,"(4041394.0455010775, 2944086.237169109)",80b86d2bf733484484a17f204fe80b0c,42,Work,b4e8e873109d4bb6be6b7987d2360aaf,25,Work
5683,04/02/2020T11:10:00 ,2020-04-02,Hospital,"(4026830.549424994, 2957052.0152650787)",e7a307dd48e64560af127afab544ccff,61,Work,d458e87a104249a3b588b85949c7e2a2,60,Work
5684,04/02/2020T11:20:00 ,2020-04-02,Shop,"(4041394.0455010775, 2944086.237169109)",0aba501483e74916a47ddc74f614a783,39,Work,9f18cf1b96864fb19c0da6152372b2a3,45,Work
5684,04/02/2020T11:20:00 ,2020-04-02,Shop,"(4041394.0455010775, 2944086.237169109)",95779c75af494e958b1e68321edd84c1,32,Work,3978ecff535244b2966ab775de51f9c3,31,Work
5685,04/02/2020T11:30:00 ,2020-04-02,Shop,"(4041394.0455010775, 2944086.237169109)",69eb6a530ae740aea238af1a0ca6a380,32,Work,973db0bb0e304546a9aa6169e66f653d,29,Work
5687,04/02/2020T11:50:00 ,2020-04-02,Hospital,"(4041018.9862266188, 2978524.81136002)",d3495ca5003544ad9071180b2eebce25,44,Work,4071746840124d3e92b32f03613aa4dc,28,Work
5688,04/02/2020T12:00:00 ,2020-04-02,Care Home,"(4040157.0735851885, 2957292.780931754)",b84dfbc6ab7a4d31a6b45eeacc4ce1bd,59,Work,ef73c0bf0b784bc1acb1f799ad8eeb71,95,House
5688,04/02/2020T12:00:00 ,2020-04-02,Shop,"(4041394.0455010775, 2944086.237169109)",44f677776077418ca5f51718f70a3d72,59,Shop,973db0bb0e304546a9aa6169e66f653d,29,Work
5688,04/02/2020T12:00:00 ,2020-04-02,Hospital,"(4058154.76725065, 2949603.507869995)",5e440991c2764d77a176667947adbda8,29,Work,e7e53f1dd51e4dcbb8c7e8e61ec36d2c,43,Work
5689,04/02/2020T12:10:00 ,2020-04-02,Hospital,"(4058154.76725065, 2949603.507869995)",37be0afecc124a46a82c4c061659a39a,38,Work,5e237632d0e94145836d884d5637fa48,54,Work
5689,04/02/2020T12:10:00 ,2020-04-02,Hospital,"(4026830.549424994, 2957052.0152650787)",66eab544fb174254936a605b79636616,28,Work,1ea140554fcd4d9d9a1312a338502d45,51,Work
5691,04/02/2020T12:30:00 ,2020-04-02,Hospital,"(4041018.9862266188, 2978524.81136002)",e7cd74f736f74f1daccb0aaf62218e9a,38,Work,c0f1f86c19bc4a4087b376eac8ec9d99,59,Work
5694,04/02/2020T13:00:00 ,2020-04-02,Shop,"(4061132.6588792657, 2950252.969120565)",5810798e13004303b8b46b454243ddd1,55,Work,ee2d8602ed414d2a9cca357f2fd0d150,52,Work
5696,04/02/2020T13:20:00 ,2020-04-02,Hospital,"(4041018.9862266188, 2978524.81136002)",0507b9f82a904907becbc0656f6770fe,37,Work,1f290174cf5b4d428f3ce5de1034737f,48,Work
5699,04/02/2020T13:50:00 ,2020-04-02,Shop,"(4061132.6588792657, 2950252.969120565)",4701b32f14e2484593d59174e070c540,52,Work,d874ece208754d6aa27742554edd197e,36,Work
5700,04/02/2020T14:00:00 ,2020-04-02,Shop,"(4041394.0455010775, 2944086.237169109)",f1924ce411b14012b47e8f9a632d5423,57,Work,07618392bba545dd85cf7b49c8424082,53,Work
5703,04/02/2020T14:30:00 ,2020-04-02,Secondary School,"(4039217.2555629266, 2951517.9840602893)",e9bad12619e64b318ff77dcd5da0690a,28,School,9541c5de76004c89b29f9697ece54fbb,28,School
5704,04/02/2020T14:40:00 ,2020-04-02,Care Home,"(4040157.0735851885, 2957292.780931754)",ec197ba29c934253be8364877deb28b4,31,Work,82d2511941d14f59b11413bde0bed357,93,House
5704,04/02/2020T14:40:00 ,2020-04-02,Shop,"(4041394.0455010775, 2944086.237169109)",2573146ebf49481480714c6bba1baf54,39,Work,b4e8e873109d4bb6be6b7987d2360aaf,25,Work
5706,04/02/2020T15:00:00 ,2020-04-02,Shop,"(4041394.0455010775, 2944086.237169109)",6c7357d094994e318ed88a9aca5869bb,53,Work,5cb931bbbc3547a486b4014d7173b684,56,Work
5707,04/02/2020T15:10:00 ,2020-04-02,Care Home,"(4040157.0735851885, 2957292.780931754)",6aa0dfde5d114ac087cbd45d53c1867a,21,Work,4a2ddac52e0c48a58c19db53171229af,95,House
5707,04/02/2020T15:10:00 ,2020-04-02,Shop,"(4041394.0455010775, 2944086.237169109)",9a3a9c2fc83d481783e08c83d0c1813b,57,Work,b4e8e873109d4bb6be6b7987d2360aaf,25,Work
5707,04/02/2020T15:10:00 ,2020-04-02,Shop,"(4041394.0455010775, 2944086.237169109)",907bd22d08d54845bb16a2fa61ddeeae,31,Work,b2f0c9300cff487ca33efa11bf72d4dc,43,Work
5708,04/02/2020T15:20:00 ,2020-04-02,Hospital,"(4026830.549424994, 2957052.0152650787)",512eaf8047264b6e87b1a1b3ad9ba77f,63,Work,8628659e2a784a77bcc339ae8cdf823e,34,Work
5709,04/02/2020T15:30:00 ,2020-04-02,Hospital,"(4041018.9862266188, 2978524.81136002)",a9593919adba4d91a4d0dc554f52606e,41,Work,4444ac0f71894a62b7ddd18b15eb34dc,50,Work
5710,04/02/2020T15:40:00 ,2020-04-02,Hospital,"(4058154.76725065, 2949603.507869995)",eef14bb1adde453f8c719552fe4480e8,46,Work,b16d28ac6b1d41d0bbb292e68a2c1690,22,Work
5711,04/02/2020T15:50:00 ,2020-04-02,Shop,"(4061132.6588792657, 2950252.969120565)",2fcc945519354642bd04ddb32886f395,38,Work,d874ece208754d6aa27742554edd197e,36,Work
5711,04/02/2020T15:50:00 ,2020-04-02,Shop,"(4061132.6588792657, 2950252.969120565)",153d70d7c65245e29a05703261aa82c1,34,Work,ee2d8602ed414d2a9cca357f2fd0d150,52,Work
5711,04/02/2020T15:50:00 ,2020-04-02,Hospital,"(4026830.549424994, 2957052.0152650787)",69aecb1e251d4bf88d7c52d8505badea,64,Medical,284e8a4a513b481ea7bcde703a178230,58,Work
5712,04/02/2020T16:00:00 ,2020-04-02,Hospital,"(4026830.549424994, 2957052.0152650787)",0cea98be11fe4ae9b0dfa72997d5df45,51,Work,a50491556eaf4f95b5a19a81d08fc792,31,Work
5713,04/02/2020T16:10:00 ,2020-04-02,Shop,"(4041394.0455010775, 2944086.237169109)",4927391b54644945a0ae61e081d66724,34,Work,bb164e67e7c34366b8e6f3edd215f1db,37,Work
5713,04/02/2020T16:10:00 ,2020-04-02,Shop,"(4041394.0455010775, 2944086.237169109)",98527b176e5c4ec580d4c699267945aa,57,Work,59b30b4e090c432e82f505ca90a47e02,35,Work
5714,04/02/2020T16:20:00 ,2020-04-02,Care Home,"(4040157.0735851885, 2957292.780931754)",c953f4d118724eb29f02ab51dd956511,40,Work,5d63e6422c6240858e6083a2776033a2,37,Work
5716,04/02/2020T16:40:00 ,2020-04-02,Shop,"(4041394.0455010775, 2944086.237169109)",b66f4ee350df46f19eeea05a8a1517a1,28,Work,79cd825d6fbd4f2abc405bc8eb6e4ad9,59,Work
5716,04/02/2020T16:40:00 ,2020-04-02,Hospital,"(4041018.9862266188, 2978524.81136002)",f02a3974662e44b1b4bdfcfae30eef21,85,Medical,c00c1fe7615344a384d6c99a5ee9efda,64,Work
5718,04/02/2020T17:00:00 ,2020-04-02,Care Home,"(4040157.0735851885, 2957292.780931754)",e75347236fd14350adfdc0008ef9ed4e,45,Work,fb5b4c374e2f4834a06901ecf5424b2f,26,Work
5718,04/02/2020T17:00:00 ,2020-04-02,Shop,"(4061132.6588792657, 2950252.969120565)",65c1164ca9274e33a63c7fd0bb27cd90,29,Work,d874ece208754d6aa27742554edd197e,36,Work
5719,04/02/2020T17:10:00 ,2020-04-02,Shop,"(4041394.0455010775, 2944086.237169109)",978f2ae803ae4a1cbc2bfd3d934a467f,43,Work,6c8f0a70a071447ca7ed2dd2232d2c50,46,Work
5722,04/02/2020T17:40:00 ,2020-04-02,Public Transport,"(4025748.9144627484, 2945818.34005924)",51454142c5984b47966e23512739a507,67,Public Transport,d976cc1bfe7e463d9bba9ad265a22b95,30,Public Transport
5746,04/02/2020T21:40:00 ,2020-04-02,House,"(4026998.4788586367, 2940995.4530118937)",226160b2996b4d3187a9cfe266237711,50,House,422383e1d9564fdfa323e2edff184040,31,House
5756,04/02/2020T23:20:00 ,2020-04-02,House,"(4044842.0566060506, 2972712.3614599146)",1d5f4b85670640f58dabd614eba0cae5,5,House,5b8ef6fd1f27400ab6ca9b18e2ee6273,8,House
5766,04/03/2020T01:00:00 ,2020-04-03,House,"(4038412.917453958, 2941066.118690471)",8804903830b3439196c29f801a99c81d,14,House,d976cc1bfe7e463d9bba9ad265a22b95,30,House
5773,04/03/2020T02:10:00 ,2020-04-03,House,"(4026078.233150716, 2961615.866753784)",f1239bf6f20440978aa389a739477af8,54,House,4a48dffe3b3f492892575e8475dfa772,64,House
5789,04/03/2020T04:50:00 ,2020-04-03,House,"(4062552.137660534, 2952302.8337419764)",55ce7d3a6c3e41a285779c3c4bf4d0e1,25,House,43c316fce36f456489ebda1166dd8f06,59,House
5807,04/03/2020T07:50:00 ,2020-04-03,Shop,"(4041394.0455010775, 2944086.237169109)",4703bd145154435ca8c74378be2f8dd5,38,Work,79cd825d6fbd4f2abc405bc8eb6e4ad9,59,Work
5810,04/03/2020T08:20:00 ,2020-04-03,Shop,"(4041394.0455010775, 2944086.237169109)",d0a8e80226b946ee837b0261ff01836d,49,Work,ac9a976198cd4bacb69f970fa28b174e,58,Work
5810,04/03/2020T08:20:00 ,2020-04-03,Hospital,"(4026830.549424994, 2957052.0152650787)",101bdaa17b4344c2afb1413aadff2b90,61,Work,8628659e2a784a77bcc339ae8cdf823e,34,Work
5811,04/03/2020T08:30:00 ,2020-04-03,Hospital,"(4058154.76725065, 2949603.507869995)",2f3161f9f18046a7b5799611ae44593e,33,Work,c459b23eda724ae4b5aae06693c1504f,94,House
5813,04/03/2020T08:50:00 ,2020-04-03,Hospital,"(4041018.9862266188, 2978524.81136002)",20fe365411f44d95bdebac15c0c52dbb,33,Work,2364054e7a644ea5a4a667aa56b9345d,41,Work
5813,04/03/2020T08:50:00 ,2020-04-03,Hospital,"(4026830.549424994, 2957052.0152650787)",55020c368dd845e7a10b4f801bec85df,50,Work,0ddf79ae40884eeb9e3364d8577fb230,25,Work
5814,04/03/2020T09:00:00 ,2020-04-03,Hospital,"(4058154.76725065, 2949603.507869995)",13b832a432634537be3f7e6557e9c489,41,Work,43d24241001845c6b9b1c90e289361f3,49,Work
5815,04/03/2020T09:10:00 ,2020-04-03,Shop,"(4041394.0455010775, 2944086.237169109)",f5720dcfbcf0448aa4c02385152810db,56,Work,bb164e67e7c34366b8e6f3edd215f1db,37,Work
5815,04/03/2020T09:10:00 ,2020-04-03,Hospital,"(4041018.9862266188, 2978524.81136002)",9047f5c06d7a417885ebe0e1718cc613,80,Medical,4071746840124d3e92b32f03613aa4dc,28,Work
5818,04/03/2020T09:40:00 ,2020-04-03,Shop,"(4061132.6588792657, 2950252.969120565)",add4089ecf8142b78529aa6f532bb9c2,33,Work,12e3d9350ef0477982c70ce36f899a98,44,Work
5818,04/03/2020T09:40:00 ,2020-04-03,Secondary School,"(4034404.417465693, 2942685.048007)",2f4f3de93e7f4ab28695f65f1a24a3ff,19,School,7af79a2757c1427fbdcc746a313377ef,27,Work
5819,04/03/2020T09:50:00 ,2020-04-03,Shop,"(4061132.6588792657, 2950252.969120565)",9175e75b3139417aa8bdf9ce88affd7d,32,Work,3b4c53cc7ba24fee8f0877671281617f,39,Work
5820,04/03/2020T10:00:00 ,2020-04-03,Shop,"(4061132.6588792657, 2950252.969120565)",cba2a614866c45d3b0f3461a33901559,59,Work,eafd425cef6e4526a38a9f8ceef7ea93,35,Work
5820,04/03/2020T10:00:00 ,2020-04-03,Hospital,"(4041018.9862266188, 2978524.81136002)",6ed1c1cc07a44bbcb8b5766da155c80d,28,Work,f38a9adcc0cd4c3ea7ba2a80d7eb71f9,79,Shop
5821,04/03/2020T10:10:00 ,2020-04-03,Shop,"(4041394.0455010775, 2944086.237169109)",945038ba4426474382edb0761a10eb5a,45,Shop,32e4de02cd904e47884232242e54111c,42,Work
5821,04/03/2020T10:10:00 ,2020-04-03,Hospital,"(4026830.549424994, 2957052.0152650787)",b89c326aa1bb43d9939dac4dc7d18700,34,Work,1ea140554fcd4d9d9a1312a338502d45,51,Work
5822,04/03/2020T10:20:00 ,2020-04-03,Hospital,"(4058154.76725065, 2949603.507869995)",b8406a89e8b14c3d945495a729c0c692,35,Work,0aa12121515b47af9aa87137794f4728,27,Work
5823,04/03/2020T10:30:00 ,2020-04-03,Hospital,"(4058154.76725065, 2949603.507869995)",735a777375424c2490a18e0478d6713c,31,Work,45ebca739a8a4b74a95664cc9bf2101d,66,House
5825,04/03/2020T10:50:00 ,2020-04-03,Shop,"(4041394.0455010775, 2944086.237169109)",8925f2fd5ece4ec0b10aad9d12af90e1,51,Work,a5cbccff97904ea9a4bc2164cff6bee0,62,Work
5825,04/03/2020T10:50:00 ,2020-04-03,Shop,"(4041394.0455010775, 2944086.237169109)",853f9831ef3049b19007f70c6f1cb467,86,Shop,07618392bba545dd85cf7b49c8424082,53,Work
5826,04/03/2020T11:00:00 ,2020-04-03,Hospital,"(4058154.76725065, 2949603.507869995)",81b625cbd76d4ffb91a37c3856001ffc,43,Work,6937ff5de175410d9ef376db8d6d57ad,72,House
5827,04/03/2020T11:10:00 ,2020-04-03,Shop,"(4026138.8109881002, 2945851.965113407)",d2aca8252fef4654acf10fd702e684e5,24,Work,1a848a94e7944b5fac7c7e1c7fd63938,20,Work
5827,04/03/2020T11:10:00 ,2020-04-03,Shop,"(4041394.0455010775, 2944086.237169109)",5529021334c04f88b2cbae35db86ea23,31,Work,79cd825d6fbd4f2abc405bc8eb6e4ad9,59,Work
5827,04/03/2020T11:10:00 ,2020-04-03,Shop,"(4041394.0455010775, 2944086.237169109)",73641e140b824850ab647bfae657b113,62,Shop,6c8f0a70a071447ca7ed2dd2232d2c50,46,Work
5828,04/03/2020T11:20:00 ,2020-04-03,Hospital,"(4058154.76725065, 2949603.507869995)",93ef02c3be5e460d9f7528e9265893a7,50,Work,7a1a70f1b7c74224b451c55b4b8c40e2,33,Work
5831,04/03/2020T11:50:00 ,2020-04-03,Hospital,"(4041018.9862266188, 2978524.81136002)",91bee2780bde43e3a2c783b88fb6b977,42,Medical,4444ac0f71894a62b7ddd18b15eb34dc,50,Work
5832,04/03/2020T12:00:00 ,2020-04-03,Shop,"(4041394.0455010775, 2944086.237169109)",984d43f9bbf0404894a5121fd69c5298,40,Work,70059232dd0448bbb8bbec75cbddd5ea,56,Work
5832,04/03/2020T12:00:00 ,2020-04-03,House,"(4041522.8643858037, 2949209.543412005)",b1c02890d1b948f68b00a818051001b5,23,Work,99b9d50b26db4e8a8c16746f9ed99a11,24,House
5834,04/03/2020T12:20:00 ,2020-04-03,Hospital,"(4041018.9862266188, 2978524.81136002)",e51b4c94f5d74d22a9079552a649b756,35,Work,2364054e7a644ea5a4a667aa56b9345d,41,Work
5835,04/03/2020T12:30:00 ,2020-04-03,Hospital,"(4026830.549424994, 2957052.0152650787)",7447df385e8c4fe68e4e88758fa2f613,59,Work,fab3deb5d0ae41789ea794675fd0ab85,61,Work
5836,04/03/2020T12:40:00 ,2020-04-03,Shop,"(4061132.6588792657, 2950252.969120565)",e4c6bd66b0ca470e982565ef6813b5de,33,Work,3b4c53cc7ba24fee8f0877671281617f,39,Work
5836,04/03/2020T12:40:00 ,2020-04-03,Hospital,"(4026830.549424994, 2957052.0152650787)",3dc17b31dfd344d1b7692144fe3f5474,35,Work,f36801ad74654878a89c9ca9cfafe1ed,45,Work
5837,04/03/2020T12:50:00 ,2020-04-03,Shop,"(4061132.6588792657, 2950252.969120565)",220aa7bce956430092500f5ea0de78bb,28,Work,ee2d8602ed414d2a9cca357f2fd0d150,52,Work
5837,04/03/2020T12:50:00 ,2020-04-03,Hospital,"(4058154.76725065, 2949603.507869995)",374d564eee7f4d4d80d16d10a837c0e0,43,Work,4d6f610ca69d49a99fe338ef801267e1,46,Work
5838,04/03/2020T13:00:00 ,2020-04-03,Hospital,"(4041018.9862266188, 2978524.81136002)",2738cf2c974140b889a553d8dd739b25,56,Work,31e1b1ec83124923855949ddf182844d,67,House
5838,04/03/2020T13:00:00 ,2020-04-03,Hospital,"(4026830.549424994, 2957052.0152650787)",e7a63fba42ee42a8a28328d82ae073be,45,Medical,f4d93f9939ca4c7ab58fac1231c73624,61,Work
5839,04/03/2020T13:10:00 ,2020-04-03,Hospital,"(4058154.76725065, 2949603.507869995)",a484bc7b890048949da6bc27c22ad0f0,33,Work,538b8aa57aaa424eb2d1a5adc87ca34b,27,Work
5841,04/03/2020T13:30:00 ,2020-04-03,Shop,"(4041394.0455010775, 2944086.237169109)",7ca40bc0032d4de0a25bda21f310ae4c,37,Work,264afb0ab6ee4e40a08895f9ef5cb68d,24,Work
5842,04/03/2020T13:40:00 ,2020-04-03,House,"(4028510.1111932197, 2948997.5794111667)",82b63c0bc2d44e34a08c00d36294d327,77,Restaurant,4d28d168c48d46b1942b0b6be4de28e9,65,Restaurant
5843,04/03/2020T13:50:00 ,2020-04-03,Shop,"(4061132.6588792657, 2950252.969120565)",c4cdc143667f4e9cab52096adba88275,29,Work,b99a35d27f074757be57f45dbb87b94b,33,Work
5844,04/03/2020T14:00:00 ,2020-04-03,Shop,"(4041394.0455010775, 2944086.237169109)",569fc03e3ac4482fa3e45441a0c7e532,57,Work,59b30b4e090c432e82f505ca90a47e02,35,Work
5844,04/03/2020T14:00:00 ,2020-04-03,Hospital,"(4026830.549424994, 2957052.0152650787)",b8cb1ebde4844c00b6ae14448af8710a,39,Work,f109cb1d15e04d5caa7760224c74d489,63,House
5846,04/03/2020T14:20:00 ,2020-04-03,Hospital,"(4058154.76725065, 2949603.507869995)",c794c4be3305482f91061d91c816e8bd,64,Work,52317f8b12f94ed6b713f1b348b0cb51,53,Work
5846,04/03/2020T14:20:00 ,2020-04-03,Hospital,"(4041018.9862266188, 2978524.81136002)",79eaac5bf1a8458f8f1ef5227b79ab93,66,Work,745f46ff718e45e08d2f0454b12fd957,64,Work
5847,04/03/2020T14:30:00 ,2020-04-03,Shop,"(4026138.8109881002, 2945851.965113407)",f54ec263d7da45ad8cd16dcf85facbb1,73,Shop,e3125a7dd32c480b995d4735ed2998d1,52,Work
5847,04/03/2020T14:30:00 ,2020-04-03,Shop,"(4041394.0455010775, 2944086.237169109)",9cfd3d4bc57a4fd29105dea687426b91,52,Work,c01c80d2f4ab4ac29b4abd972c0d9a2e,55,Work
5847,04/03/2020T14:30:00 ,2020-04-03,Secondary School,"(4035707.7409694637, 2940460.9147072453)",ce575ba79d3b455d8fb68c3d695f1996,52,Work,bed38f92429b43de9570cb6b220648f0,29,School
5848,04/03/2020T14:40:00 ,2020-04-03,Shop,"(4061132.6588792657, 2950252.969120565)",0bbc08a6ddba4271a8132f5e149f539c,51,Work,5a81511e2d104b0f8a4bf4c7d71e7615,48,Work
5849,04/03/2020T14:50:00 ,2020-04-03,Hospital,"(4041018.9862266188, 2978524.81136002)",49f5f88674bd4e6bbe43f9029840624a,46,Medical,54bcc0db7b1b4051bc76e2d52c189842,60,Work
5849,04/03/2020T14:50:00 ,2020-04-03,Hospital,"(4026830.549424994, 2957052.0152650787)",a52b1dfd107141d4bcf8e78f8162d7cb,46,Medical,7fbced31c29a4efd895c30222e02b350,66,House
5851,04/03/2020T15:10:00 ,2020-04-03,Shop,"(4041394.0455010775, 2944086.237169109)",1b5def06c22e4735981363c1a320c2c8,44,Work,9f18cf1b96864fb19c0da6152372b2a3,45,Work
5851,04/03/2020T15:10:00 ,2020-04-03,Hospital,"(4058154.76725065, 2949603.507869995)",21eba00c5c534d05b06a53e81739384c,44,Work,4eb583895cde431aaf9b6751a35adc9d,45,House
5851,04/03/2020T15:10:00 ,2020-04-03,Hospital,"(4026830.549424994, 2957052.0152650787)",948b38688a5c4c20b2ba4ce0f48563d6,35,Work,25c139da1ebf4fddb27bfa8f9bcf0f18,42,Work
5851,04/03/2020T15:10:00 ,2020-04-03,Hospital,"(4026830.549424994, 2957052.0152650787)",435e5fc435f04cd5917c0031a27f7d1e,53,Work,ba441e3fa86347b68915ad4ae21e6b0e,42,Work
5851,04/03/2020T15:10:00 ,2020-04-03,Secondary School,"(4034683.76488532, 2947950.22012564)",17f19f586ead4ee081013972c1b4e1d3,14,School,20e2d41fc26a463986683fe9c27f9769,43,Work
5854,04/03/2020T15:40:00 ,2020-04-03,Hospital,"(4058154.76725065, 2949603.507869995)",491b6a45c75a487fbe753d0299fa63bb,60,Medical,ea88ecca89b94a37a340dbd6843d7837,89,House
5855,04/03/2020T15:50:00 ,2020-04-03,Shop,"(4041394.0455010775, 2944086.237169109)",15f4e9238a214488b1076f3e0bd02716,61,Shop,07618392bba545dd85cf7b49c8424082,53,Work
5855,04/03/2020T15:50:00 ,2020-04-03,Hospital,"(4058154.76725065, 2949603.507869995)",3dbb1ab58b4f4e8ebff187ccb045f5ab,36,Work,3a11f72562d14790a84ff3b4ea8df777,33,Visit
5856,04/03/2020T16:00:00 ,2020-04-03,Shop,"(4041394.0455010775, 2944086.237169109)",a2177d6181a443b6b852f684d1b66293,59,Work,9a4d8566880840fa89e79ddc336ce6a4,44,Work
5856,04/03/2020T16:00:00 ,2020-04-03,House,"(4041195.7551783277, 2960619.10391392)",dbb320924dfd43b9820232617d766ff8,29,House,503713c14f374d3cbfdadb72004e93d9,54,Work
5856,04/03/2020T16:00:00 ,2020-04-03,Secondary School,"(4023572.0606558337, 2941851.910132927)",48de38b510fc4da98ba9114727983e9f,45,Work,cb04182b9c50464b8b1163e9e8ca27fa,14,School
5857,04/03/2020T16:10:00 ,2020-04-03,Shop,"(4061132.6588792657, 2950252.969120565)",612329a9b1f949e7814e4957f52af76c,53,Work,3b4c53cc7ba24fee8f0877671281617f,39,Work
5858,04/03/2020T16:20:00 ,2020-04-03,Shop,"(4041394.0455010775, 2944086.237169109)",89743edd659f4fa2830891a6dc7db2f6,45,Work,07618392bba545dd85cf7b49c8424082,53,Work
5859,04/03/2020T16:30:00 ,2020-04-03,Hospital,"(4026830.549424994, 2957052.0152650787)",52998fa5af4946ed9b2ab974e8d94096,79,Medical,b1b3f0f114734195b2ed337fd0bc1a6d,24,Work
5860,04/03/2020T16:40:00 ,2020-04-03,Care Home,"(4040157.0735851885, 2957292.780931754)",e561fc336f6f4b359ed9ae63b8a647eb,36,Work,1f24065782594de09524d60640a2f8e2,45,Work
5860,04/03/2020T16:40:00 ,2020-04-03,Shop,"(4061132.6588792657, 2950252.969120565)",3d8190b01e534465ab33283405a30ea4,65,Shop,eafd425cef6e4526a38a9f8ceef7ea93,35,Work
5860,04/03/2020T16:40:00 ,2020-04-03,Hospital,"(4058154.76725065, 2949603.507869995)",7e28a86658d544cd85e97a19b0e5ed12,47,Work,b83b5d29f87f46e699b334b32989e2be,95,House
5860,04/03/2020T16:40:00 ,2020-04-03,Hospital,"(4058154.76725065, 2949603.507869995)",10d7fef2c1654142970967730f840639,38,Work,43d24241001845c6b9b1c90e289361f3,49,Work
5862,04/03/2020T17:00:00 ,2020-04-03,Hospital,"(4041018.9862266188, 2978524.81136002)",b16ca393556a4325ba03505823d03eb2,44,Work,f38a9adcc0cd4c3ea7ba2a80d7eb71f9,79,Outdoor
5862,04/03/2020T17:00:00 ,2020-04-03,Hospital,"(4026830.549424994, 2957052.0152650787)",cfbc6b5a63e647b5aee129d53b1c1704,31,Work,b28e9439f6634393b83c71cd3c82e59e,58,Work
5863,04/03/2020T17:10:00 ,2020-04-03,Shop,"(4061132.6588792657, 2950252.969120565)",dd102a31fa954286a69d34fcd827ac13,63,Shop,3311fa4f009746cc8ad7cccf02448428,25,Work
5863,04/03/2020T17:10:00 ,2020-04-03,Hospital,"(4041018.9862266188, 2978524.81136002)",73ed76562c414744943bf1923798dae2,52,Work,17462bf3c81a4fc580482a119faff624,29,Work
5863,04/03/2020T17:10:00 ,2020-04-03,Hospital,"(4041018.9862266188, 2978524.81136002)",9d94a0473edb437d8be5e26869b76486,53,Medical,ebd0cb5801dd400582d42777c0f0843c,57,Work
5868,04/03/2020T18:00:00 ,2020-04-03,Hospital,"(4058154.76725065, 2949603.507869995)",83ec5bb658954683a90db42562d888ff,40,Work,6937ff5de175410d9ef376db8d6d57ad,72,House
5870,04/03/2020T18:20:00 ,2020-04-03,Public Transport,"(4039991.5913693206, 2951200.803095812)",0d15569f1afd47f9b17714dcc776b8b7,17,Public Transport,42da8826c6284375b3b96ea30878b6b4,3,Public Transport
5899,04/03/2020T23:10:00 ,2020-04-03,House,"(4043461.5586594758, 2978810.2790762307)",c0e61706a926431ba2eb8dd5506b7f1c,20,House,a849a79fd8534bb7b114c4e6fd7b38c1,54,House
5911,04/04/2020T01:10:00 ,2020-04-04,House,"(4048688.9665547363, 2973977.0096466234)",13115b1c04784597b25fe4605b1d579e,54,House,3c257eb212b84a598c7b9395f8f4143c,48,House
5929,04/04/2020T04:10:00 ,2020-04-04,House,"(4046695.4843490315, 2953404.287787395)",3dea9f85423e49948206a57076c357bf,49,House,dd1f086e2e7041b7aae4f7daf08e4e42,28,House
5949,04/04/2020T07:30:00 ,2020-04-04,Public Transport,"(4044810.246007345, 2949374.090233808)",d0e2d80f2db84926bbfc032b1ea023d7,12,Public Transport,03d34731bd804ea8bfbacc646d30952a,7,Public Transport
5950,04/04/2020T07:40:00 ,2020-04-04,Public Transport,"(4049935.1193994256, 2960187.179733959)",a45f77b9bec34197a454891f3b59c3ff,24,Public Transport,0f106674a03042828bf82a9ac60890ef,31,Public Transport
5951,04/04/2020T07:50:00 ,2020-04-04,Public Transport,"(4022046.675669255, 2980328.983887404)",9d4a50c11e3040588cc868088064eee2,62,Public Transport,5b8ef6fd1f27400ab6ca9b18e2ee6273,8,Public Transport
5952,04/04/2020T08:00:00 ,2020-04-04,Public Transport,"(4031877.530271987, 2940138.6012903643)",dd41d2465ce1491399f0c79a735be58b,9,Public Transport,88805b9ca5394e14b6c48abea76521db,16,Public Transport
5953,04/04/2020T08:10:00 ,2020-04-04,Hospital,"(4058154.76725065, 2949603.507869995)",ac94c725b3854306976b83abc5702ae9,49,Work,b83b5d29f87f46e699b334b32989e2be,95,Visit
5953,04/04/2020T08:10:00 ,2020-04-04,Hospital,"(4026830.549424994, 2957052.0152650787)",dacbdd2db6c944f5bfd1eb8c65bf66bf,25,Work,4c3bd8c6b05a4f469ac29482883277e0,51,Work
5954,04/04/2020T08:20:00 ,2020-04-04,Hospital,"(4026830.549424994, 2957052.0152650787)",4e5a2769e62a4cebb0f84568503eb665,51,Work,f4d93f9939ca4c7ab58fac1231c73624,61,Work
5956,04/04/2020T08:40:00 ,2020-04-04,Secondary School,"(4034404.417465693, 2942685.048007)",45f3317f0f1149f3bed461dfa66fa701,21,Work,9d8396e0c1f74c3ba1ca558a7e84b932,12,School
5958,04/04/2020T09:00:00 ,2020-04-04,Shop,"(4041394.0455010775, 2944086.237169109)",2b2b37de5b9f468881bdfa04d94675a6,30,Work,6c8f0a70a071447ca7ed2dd2232d2c50,46,Work
5958,04/04/2020T09:00:00 ,2020-04-04,Hospital,"(4058154.76725065, 2949603.507869995)",6708e15643cc425a9ed0c91318752732,23,Work,7f3f3fce23b9453f8593d70b22a3bc4d,37,Work
5958,04/04/2020T09:00:00 ,2020-04-04,Hospital,"(4026830.549424994, 2957052.0152650787)",03ab7d25d35e4f4d816fba1e2f4164c8,55,Work,9306ea720995439eb3b7e03bff3bb2ad,46,Work
5959,04/04/2020T09:10:00 ,2020-04-04,Shop,"(4061132.6588792657, 2950252.969120565)",f24072f6133c40f39bf4e234e36d7ba1,49,Work,d8dae7b6f8fe4b9abfec893cf0ed4f56,54,Work
5959,04/04/2020T09:10:00 ,2020-04-04,Hospital,"(4026830.549424994, 2957052.0152650787)",c7b3acde2fe04015beb62a3a3ea53c51,59,Work,eddb22071dab4ff7a235d338ba1855d1,95,Car
5960,04/04/2020T09:20:00 ,2020-04-04,Hospital,"(4041018.9862266188, 2978524.81136002)",b1bf303862a34acdae4b305250e1e46b,55,Work,b2cd923bfc334c37b688526e0f46d776,56,Work
5960,04/04/2020T09:20:00 ,2020-04-04,Hospital,"(4026830.549424994, 2957052.0152650787)",7a6b67830cdd4116a498da4e1cf72ab2,35,Work,caada3e54e644222b26c7416e1bbe417,32,Work
5961,04/04/2020T09:30:00 ,2020-04-04,Shop,"(4061132.6588792657, 2950252.969120565)",56853ae4caf3492cb86a6f6686c2c296,49,Work,ee2d8602ed414d2a9cca357f2fd0d150,52,Work
5961,04/04/2020T09:30:00 ,2020-04-04,Hospital,"(4026830.549424994, 2957052.0152650787)",b987135c47c34024ab0b2dac0b7b5455,50,Work,b28e9439f6634393b83c71cd3c82e59e,58,Work
5961,04/04/2020T09:30:00 ,2020-04-04,Hospital,"(4026830.549424994, 2957052.0152650787)",533d8019c2ff4c29b91517a15792ca6d,38,Medical,afc0c81db39040c882b227c5ca6dae4d,60,Work
5962,04/04/2020T09:40:00 ,2020-04-04,Hospital,"(4041018.9862266188, 2978524.81136002)",61d59972ebe644feabe29b619b71c96d,85,Medical,6ff562a71ea5449f9bb94c3a740651d3,56,House
5964,04/04/2020T10:00:00 ,2020-04-04,Shop,"(4026138.8109881002, 2945851.965113407)",ef264c6216cb4d929385f2a66c2f658c,28,Work,67e4b2a3b7c14805ac936a1267f11252,53,Work
5964,04/04/2020T10:00:00 ,2020-04-04,Shop,"(4041394.0455010775, 2944086.237169109)",a4523668041a4d2789b0778b1323bc93,51,Work,b6ca22881b6043d09a7afe7971ddf19c,28,Work
5964,04/04/2020T10:00:00 ,2020-04-04,Hospital,"(4026830.549424994, 2957052.0152650787)",e67189c90c1549008ec725950fe2c763,28,Work,8c7e8dcfcdff4015847e7da4fa87da58,42,Work
5966,04/04/2020T10:20:00 ,2020-04-04,Shop,"(4061132.6588792657, 2950252.969120565)",1857ec5957ee45248d939d1450be1f68,59,Work,5810798e13004303b8b46b454243ddd1,55,Work
5966,04/04/2020T10:20:00 ,2020-04-04,Hospital,"(4041018.9862266188, 2978524.81136002)",e2c833aafcab4b61b1e4d80e03547723,33,Work,d90afc1002334a299950c1547b9f22bc,57,Work
5967,04/04/2020T10:30:00 ,2020-04-04,Secondary School,"(4035707.7409694637, 2940460.9147072453)",0019a2df063945af9918f733d86151d9,29,School,b8883a88bc4a410e8728a3a0503e5d20,13,School
5967,04/04/2020T10:30:00 ,2020-04-04,Hospital,"(4058154.76725065, 2949603.507869995)",dd117844c7e3454081d40b1aa48a9548,41,Work,45ebca739a8a4b74a95664cc9bf2101d,66,House
5968,04/04/2020T10:40:00 ,2020-04-04,Hospital,"(4041018.9862266188, 2978524.81136002)",a45c8284c28c4366a43799a2b573534b,12,Medical,c0f1f86c19bc4a4087b376eac8ec9d99,59,Work
5969,04/04/2020T10:50:00 ,2020-04-04,Shop,"(4061132.6588792657, 2950252.969120565)",804dbd89e7a04d7a85ae1afe494c6331,28,Work,a2bd540b214847839f7cab642c2707d7,47,Work
5969,04/04/2020T10:50:00 ,2020-04-04,Shop,"(4041394.0455010775, 2944086.237169109)",98313ee6747f4b289c341ada0840b5a8,32,Work,79cd825d6fbd4f2abc405bc8eb6e4ad9,59,Work
5969,04/04/2020T10:50:00 ,2020-04-04,Shop,"(4041394.0455010775, 2944086.237169109)",7a24b7d871dc422db948a4d5fb9e7a74,48,Work,796ea3c6fad549e59d1491cd48de6a1b,58,Shop
5969,04/04/2020T10:50:00 ,2020-04-04,Hospital,"(4058154.76725065, 2949603.507869995)",f755e4c00df343618d7265e2f3a72f56,55,Work,006894d66cdb4575844355b009f15f7c,56,Work
5970,04/04/2020T11:00:00 ,2020-04-04,Hospital,"(4058154.76725065, 2949603.507869995)",67ea7c7a76cc4f7fb6e8f7ac9fbecbc8,18,Medical,d4b8ecc7496847bd8b5ff48d9f3bfa3f,56,Work
5971,04/04/2020T11:10:00 ,2020-04-04,Secondary School,"(4034683.76488532, 2947950.22012564)",606e6ecf99da41bf9328f56d48dbbd94,14,School,397b00b5af374210b1d65bcd87aa919f,28,School
5972,04/04/2020T11:20:00 ,2020-04-04,Shop,"(4061132.6588792657, 2950252.969120565)",ce71485943ed443781978b699d7f49f1,40,Work,f8ff6d3c6c6d4847af1f8b6f75e1a532,38,Work
5973,04/04/2020T11:30:00 ,2020-04-04,Secondary School,"(4034683.76488532, 2947950.22012564)",dd68e1cdd9774ab2961d81c29075718e,18,School,02ad81e60da640359b674b75dc7909e1,14,School
5975,04/04/2020T11:50:00 ,2020-04-04,Shop,"(4061132.6588792657, 2950252.969120565)",c191cb50672145c196f1e06dc1a1670f,47,Work,9ba576be98e8461a9804b03ffb2bf924,39,Work
5978,04/04/2020T12:20:00 ,2020-04-04,Shop,"(4026138.8109881002, 2945851.965113407)",821c5e2889cd404ea301f849a0bb3494,26,Work,28bd360ac284491e936d00fef2826546,50,Work
5978,04/04/2020T12:20:00 ,2020-04-04,Hospital,"(4026830.549424994, 2957052.0152650787)",1c30c1174910447dab181273909e912c,51,Medical,84773e462ed443d5a694cd4c1cd0d248,56,Work
5981,04/04/2020T12:50:00 ,2020-04-04,Shop,"(4061132.6588792657, 2950252.969120565)",26274d2878f44fa88f72a8d4c83bc9c4,61,Work,eafd425cef6e4526a38a9f8ceef7ea93,35,Work
5983,04/04/2020T13:10:00 ,2020-04-04,Shop,"(4061132.6588792657, 2950252.969120565)",cbd2176a16a74303b80b502aab1a032c,39,Work,e4c6bd66b0ca470e982565ef6813b5de,33,Work
5984,04/04/2020T13:20:00 ,2020-04-04,Secondary School,"(4021067.5865666224, 2945966.831732044)",3d0f481abefb453ab6436cbc2e133728,12,School,f711ea0ab9d94433bf264c98e5af2ee2,14,School
5984,04/04/2020T13:20:00 ,2020-04-04,Hospital,"(4026830.549424994, 2957052.0152650787)",d0f3c784002249ec80f492fd84a1d2fe,21,Work,7fbced31c29a4efd895c30222e02b350,66,Restaurant
5987,04/04/2020T13:50:00 ,2020-04-04,Hospital,"(4026830.549424994, 2957052.0152650787)",6d2d0b0497c34280a2147537fea50814,42,Work,a72f56660719452ab88fda791f73ef37,59,House
5990,04/04/2020T14:20:00 ,2020-04-04,Hospital,"(4058154.76725065, 2949603.507869995)",1121741418984cf2b9afe81ea8d4380e,26,Work,925736c1c45a4443a5fa37982d3c24c2,34,Work
5991,04/04/2020T14:30:00 ,2020-04-04,Hospital,"(4058154.76725065, 2949603.507869995)",ca0e1ffb3bb944ce8c244bb8a9adfcc6,51,Work,e8132a255a1b4ef1ae0e69570ca28c79,69,House
5994,04/04/2020T15:00:00 ,2020-04-04,Hospital,"(4026830.549424994, 2957052.0152650787)",927bd1f317f641d8af67aa1e9cc1292a,24,Work,dc9758efcc2d443698019cc4eeb873bb,92,Shop
5995,04/04/2020T15:10:00 ,2020-04-04,Hospital,"(4041018.9862266188, 2978524.81136002)",634ebeb69764460a952ea085cb08058e,41,Work,d25990e02d8e47b7adb867396da3aea4,36,Work
5997,04/04/2020T15:30:00 ,2020-04-04,Public Transport,"(4040659.2307125404, 2951937.8950277357)",d1441c76c292438892e30df0087a794e,22,Public Transport,4b516405cfc04817864a1a019aec04f7,39,Public Transport
5998,04/04/2020T15:40:00 ,2020-04-04,Secondary School,"(4045969.233886082, 2943140.9300204823)",70dc55000d2a448d96daa8be87dd83ee,16,School,9d940315d83846648c6918a8af5785ba,17,School
5999,04/04/2020T15:50:00 ,2020-04-04,Shop,"(4061132.6588792657, 2950252.969120565)",a445c8aca4ee4065a192ef26401e0b84,46,Work,ee2d8602ed414d2a9cca357f2fd0d150,52,Work
5999,04/04/2020T15:50:00 ,2020-04-04,Hospital,"(4058154.76725065, 2949603.507869995)",ee1596c4e756418da9bffe5c37c4481b,42,Work,5e237632d0e94145836d884d5637fa48,54,Work
6000,04/04/2020T16:00:00 ,2020-04-04,Shop,"(4061132.6588792657, 2950252.969120565)",ce4a8f5415174a4789542a052de0de24,48,Work,d8dae7b6f8fe4b9abfec893cf0ed4f56,54,Work
6000,04/04/2020T16:00:00 ,2020-04-04,Hospital,"(4058154.76725065, 2949603.507869995)",9d6a4dc3d71d459e8c6238ae77b072bc,33,Work,4eb583895cde431aaf9b6751a35adc9d,45,House
6003,04/04/2020T16:30:00 ,2020-04-04,Shop,"(4026138.8109881002, 2945851.965113407)",a9cd4ac203fb44738ef005c39bd24c00,36,Work,e3125a7dd32c480b995d4735ed2998d1,52,Work
6004,04/04/2020T16:40:00 ,2020-04-04,Hospital,"(4058154.76725065, 2949603.507869995)",14cc429373ba457e835c1d802e07c4cf,52,Work,bde6c119e854459fbccb3396c0196a9b,49,Work
6006,04/04/2020T17:00:00 ,2020-04-04,Hospital,"(4026830.549424994, 2957052.0152650787)",841642b3411d429887ac6b9f70d48888,25,Work,509eebc327534c74a1273d09537704d5,57,Car
6007,04/04/2020T17:10:00 ,2020-04-04,Shop,"(4041394.0455010775, 2944086.237169109)",151738fa95104f7d92c3a6ba57d8de47,22,Work,a5cbccff97904ea9a4bc2164cff6bee0,62,Work
6009,04/04/2020T17:30:00 ,2020-04-04,Hospital,"(4026830.549424994, 2957052.0152650787)",a16887b078964525a3cc12cdd706a455,36,Work,7fbced31c29a4efd895c30222e02b350,66,Public Transport
6009,04/04/2020T17:30:00 ,2020-04-04,House,"(4042234.449548038, 2950051.5796323856)",694463f5e3b6436f833816c50b4b07ae,52,House,d3dc788200ba4fe69e498d106c731fb8,32,House
6015,04/04/2020T18:30:00 ,2020-04-04,House,"(4045498.230847813, 2940633.211714059)",220d2ae4684b43318ef35e63073d3ee6,4,House,d0a8e80226b946ee837b0261ff01836d,49,House
6051,04/05/2020T00:30:00 ,2020-04-05,House,"(4052985.516684373, 2953290.46709165)",f6dcb15022bb40f5a00e5223bfda4e56,11,House,9d8396e0c1f74c3ba1ca558a7e84b932,12,Restaurant
6065,04/05/2020T02:50:00 ,2020-04-05,House,"(4037137.3054835727, 2952507.880235581)",b5a6bd2fe3a94967b9a54737eda2b5c1,21,House,5c17de329848480e9f674087a9a40b71,68,House
6075,04/05/2020T04:30:00 ,2020-04-05,House,"(4050756.0361829447, 2961917.8663323917)",fa9f66a02f3b4ec3a863539ab4a6bf5d,62,House,4a03d21b7b2b4a0f9c54bd5ad09395c2,23,House
6080,04/05/2020T05:20:00 ,2020-04-05,House,"(4036369.9367086096, 2938677.7309260843)",ab702e27f3024056b01ce9beee05d874,46,House,f6c7a5502db34c47bae7405c5da86b55,34,House
6094,04/05/2020T07:40:00 ,2020-04-05,House,"(4023352.5344627746, 2946918.7825619197)",7d0200e3cd1e4009a69976fecd7143eb,45,House,9e050718631945b19277ce692512b82e,37,House
6099,04/05/2020T08:30:00 ,2020-04-05,House,"(4069255.310662105, 2966926.454675258)",06e467c7bc2942129cde5b25188cb280,28,House,3b4c53cc7ba24fee8f0877671281617f,39,House
6112,04/05/2020T10:40:00 ,2020-04-05,Hospital,"(4026830.549424994, 2957052.0152650787)",0978ba86e81a42e6a53b95d964a24270,69,Medical,d03e9c0be3694a678262c02966bb180f,93,Shop
6121,04/05/2020T12:10:00 ,2020-04-05,House,"(4047649.7354794904, 2941369.3354390226)",5bcaf5a2f6aa40fbb9b88317721481dc,9,House,7acdd3c98fb7449a99a95d424386c251,1,Work
6181,04/05/2020T22:10:00 ,2020-04-05,House,"(4042222.152400502, 2972472.285224256)",47fbcf12493c4ff5b3758b86af5b44c3,38,House,a45c8284c28c4366a43799a2b573534b,12,House
6188,04/05/2020T23:20:00 ,2020-04-05,House,"(4042454.4167919206, 2949682.9956898605)",5ea08ae815ab405f9663e4024a46bc9b,16,House,f711ea0ab9d94433bf264c98e5af2ee2,14,House
6204,04/06/2020T02:00:00 ,2020-04-06,House,"(4018403.146593853, 2979136.550578652)",bffd85a343084c2cb1947340d6de4e68,53,House,95779c75af494e958b1e68321edd84c1,32,House
6206,04/06/2020T02:20:00 ,2020-04-06,Public Transport,"(4029684.463103126, 2939399.926118276)",8a7bd26ae34a4ac986a5811e255fef51,11,Public Transport,d54222c2bf3e4d58b9aa829942e648aa,2,Public Transport
6207,04/06/2020T02:30:00 ,2020-04-06,Public Transport,"(4029684.463103126, 2939399.926118276)",9511821ee8234cdd911bfe78a4528e46,10,Public Transport,7acdd3c98fb7449a99a95d424386c251,1,Public Transport
6210,04/06/2020T03:00:00 ,2020-04-06,Public Transport,"(4029684.463103126, 2939399.926118276)",607fbeddc1704ba88c25ba0dcfe00545,4,Public Transport,dd3f4ed893da4567b1f609911ceaadf5,15,Public Transport
6215,04/06/2020T03:50:00 ,2020-04-06,House,"(4069609.707419019, 2971019.485256033)",5e567ba9a7904d91a525230048d50b65,40,House,d9daa2513173483abf46ca82ac8fff4d,36,House
6221,04/06/2020T04:50:00 ,2020-04-06,House,"(4063496.6296682167, 2972390.3520604116)",ac4fb7d47ec94040a2fb583f40307245,10,House,4fd0de05a43e4a149bb6d10fdad5ba0c,43,House
6226,04/06/2020T05:40:00 ,2020-04-06,House,"(4030217.5738161616, 2997514.2650148137)",a59baf2a8c6143699912a01e8dce0af2,56,House,d54222c2bf3e4d58b9aa829942e648aa,2,House
6236,04/06/2020T07:20:00 ,2020-04-06,House,"(4040843.8018241725, 2952203.096534732)",ebd6fe66387241d9994ed4799219a782,42,House,00db8e8b0da640c4b1d57398e2b2b14a,24,House
6242,04/06/2020T08:20:00 ,2020-04-06,House,"(4059968.7782760537, 2966287.1942322254)",859b14861e5747ac8bd987bff73afdbd,47,House,734f5da13795481fa24666796699729f,53,House
6248,04/06/2020T09:20:00 ,2020-04-06,House,"(4040272.1423258563, 2951017.7824418605)",888b141598b54929893fb861ebab6891,60,House,74720279a5884a929934bb1c45e768ba,15,House
6252,04/06/2020T10:00:00 ,2020-04-06,House,"(4025898.1200777483, 2969085.1299189776)",53c695b59bd8462baead8b25fdfdae4c,45,House,21b943acf4524e5ab6caba91d5d6c067,41,House
6256,04/06/2020T10:40:00 ,2020-04-06,Hotel,"(4041905.981629138, 2953161.4380196705)",1f1533184365474c986c77c49d0452f8,53,Work,79ab40c359d14352bc470edd0c3e0a06,36,Work
6289,04/06/2020T16:10:00 ,2020-04-06,Hospital,"(4058154.76725065, 2949603.507869995)",7da5e58bc9af4292b5daa3756e65603a,2,Work,e8132a255a1b4ef1ae0e69570ca28c79,69,Outdoor
6309,04/06/2020T19:30:00 ,2020-04-06,House,"(4040115.4268500996, 2996949.459960097)",71ae11ccf0e7499eac8f8b1993727ab2,50,House,2b8a54901bc6493db11b58aedb939944,52,House
6338,04/07/2020T00:20:00 ,2020-04-07,House,"(4040724.680566502, 2949292.836366665)",1ccc6704e54748e6872f0eccf96d71a9,77,House,1e14ffaecd5c4f3dbbbdf2eef7c43249,41,House
6339,04/07/2020T00:30:00 ,2020-04-07,House,"(4059137.0060553383, 2961477.615938757)",13809099bf42437b84d45be9caef053f,21,House,dd117844c7e3454081d40b1aa48a9548,41,House
6358,04/07/2020T03:40:00 ,2020-04-07,House,"(4062548.833826838, 2972954.9145812197)",ffc47b68b6e941f8baf89966a66edd88,64,House,3aa04edb18ff4139ac27daa9a6446adf,39,House
6371,04/07/2020T05:50:00 ,2020-04-07,House,"(4039511.5204122756, 2949942.5601305044)",e91f6eb50c8b458eb98ea0f4c7ae9592,6,House,569fc03e3ac4482fa3e45441a0c7e532,57,House
6376,04/07/2020T06:40:00 ,2020-04-07,House,"(4030330.329255337, 2939215.74024956)",87456dbebd444dcb9a36bdd4410a8ae9,29,House,c36634f5483b4d7f8593c83e03aa155b,5,House
6383,04/07/2020T07:50:00 ,2020-04-07,Shop,"(4041394.0455010775, 2944086.237169109)",7e6a56954e4944d0af8f9c43143c8e7e,64,Work,790564e345ea4975b5d72f0388ec9669,30,Work
6383,04/07/2020T07:50:00 ,2020-04-07,Shop,"(4041394.0455010775, 2944086.237169109)",dc53ae82da1447d2bfc5ac3371e8ffef,56,Work,3793fa8990ae4fd9b4b3aa0bcf70de39,18,Work
6384,04/07/2020T08:00:00 ,2020-04-07,Hospital,"(4026830.549424994, 2957052.0152650787)",c5af5d76e2044e0b8ef5c2d4059375b7,54,Work,512eaf8047264b6e87b1a1b3ad9ba77f,63,Work
6386,04/07/2020T08:20:00 ,2020-04-07,Shop,"(4061132.6588792657, 2950252.969120565)",c7e22a9ea84740edb6800137eb48f5a6,39,Work,b3486343021742fbb4f148fc3ba744ba,38,Work
6386,04/07/2020T08:20:00 ,2020-04-07,Hospital,"(4026830.549424994, 2957052.0152650787)",a7bc0eb2d3ee4208b4888f3540c97697,57,Work,fbef90948e9f4c57aa9829f904c09d1f,36,Work
6386,04/07/2020T08:20:00 ,2020-04-07,House,"(4040813.2584799565, 2978733.315911443)",7e4e68934fe04dfa9f54353e45eeea82,10,House,280af309d52040cb8484e7e2e89670e4,34,Work
6387,04/07/2020T08:30:00 ,2020-04-07,Shop,"(4041394.0455010775, 2944086.237169109)",421272ffe4624486807994e0a20b2268,62,Work,0aba501483e74916a47ddc74f614a783,39,Work
6389,04/07/2020T08:50:00 ,2020-04-07,Hospital,"(4026830.549424994, 2957052.0152650787)",d9ac23e6aa6848ed815b8ab9fb16180e,58,Work,509eebc327534c74a1273d09537704d5,57,Work
6390,04/07/2020T09:00:00 ,2020-04-07,Secondary School,"(4023572.0606558337, 2941851.910132927)",0c7af3d92c2a438bb257c030eda443a5,16,School,c935a6baeab44f28a944ee2f5c8442c9,14,School
6391,04/07/2020T09:10:00 ,2020-04-07,Shop,"(4041394.0455010775, 2944086.237169109)",4095d3e1f3eb4f14b9050a15ce75e5a5,40,Work,d66d8027e29446cc8b8469081a269fa7,30,Work
6392,04/07/2020T09:20:00 ,2020-04-07,Hospital,"(4026830.549424994, 2957052.0152650787)",88e51b6cf70542c99a2a71ced79bd134,76,Medical,eddb22071dab4ff7a235d338ba1855d1,95,Car
6393,04/07/2020T09:30:00 ,2020-04-07,Shop,"(4061132.6588792657, 2950252.969120565)",6f4cb73242cf46b5b372f19a7736929d,42,Work,35189543bb634312ba6bd7dc39c2699d,56,Work
6394,04/07/2020T09:40:00 ,2020-04-07,Shop,"(4041394.0455010775, 2944086.237169109)",cc334d5ffb6d45f48ec1193bddd19ded,40,Work,9cfd3d4bc57a4fd29105dea687426b91,52,Work
6394,04/07/2020T09:40:00 ,2020-04-07,Hospital,"(4041018.9862266188, 2978524.81136002)",08da8800cb5448b88937139ba705d101,26,Work,28851068132c41928c19d9d211c0d66d,38,Work
6395,04/07/2020T09:50:00 ,2020-04-07,Shop,"(4061132.6588792657, 2950252.969120565)",28c26fb2336f4a6faad0c56cb29e4334,36,Work,5a172f4882d04f55965cb9901895378a,55,Work
6396,04/07/2020T10:00:00 ,2020-04-07,Shop,"(4061132.6588792657, 2950252.969120565)",84e8e2a5928541e793ef93dc21a3001d,58,Work,3b4c53cc7ba24fee8f0877671281617f,39,Work
6396,04/07/2020T10:00:00 ,2020-04-07,Secondary School,"(4035707.7409694637, 2940460.9147072453)",94cf118ba30f488c859a167b823fbf4a,14,School,bed38f92429b43de9570cb6b220648f0,29,School
6398,04/07/2020T10:20:00 ,2020-04-07,Hospital,"(4026830.549424994, 2957052.0152650787)",b9a372bf470a4b848971661246e712e1,49,Work,96a4274712254a379be5c33433b5ee87,57,Work
6399,04/07/2020T10:30:00 ,2020-04-07,Hospital,"(4041018.9862266188, 2978524.81136002)",fe000878704c4fde994d4893ad569703,36,Medical,d9daa2513173483abf46ca82ac8fff4d,36,Work
6400,04/07/2020T10:40:00 ,2020-04-07,Secondary School,"(4034683.76488532, 2947950.22012564)",52102d2dbe6a4632b7adaaf86d5fbff6,13,School,02ad81e60da640359b674b75dc7909e1,14,School
6401,04/07/2020T10:50:00 ,2020-04-07,Shop,"(4061132.6588792657, 2950252.969120565)",e2b1b0a9c6e7421496e28a12c171a90d,42,Work,9904ba1149b545c4b039a9cb46ab19e4,38,Work
6402,04/07/2020T11:00:00 ,2020-04-07,Shop,"(4041394.0455010775, 2944086.237169109)",7ab386f2de5d49588f3064e6d253bcd6,23,Work,d5d5d62f66c44165a349629ebd8e93f3,63,Work
6402,04/07/2020T11:00:00 ,2020-04-07,Hospital,"(4058154.76725065, 2949603.507869995)",270afa857c15472c92b822bb50088ee9,19,Work,01f191ea23b54d2aba44036f301d83c7,53,Work
6403,04/07/2020T11:10:00 ,2020-04-07,Hospital,"(4041018.9862266188, 2978524.81136002)",2c752c0998e34f54bf86ad043debaa2e,56,Work,6d7c9e661122471a9c87f353f55e7c82,59,Work
6404,04/07/2020T11:20:00 ,2020-04-07,Shop,"(4041394.0455010775, 2944086.237169109)",d8e35d6496a64ac5841279d974a36c24,31,Shop,9cfd3d4bc57a4fd29105dea687426b91,52,Work
6404,04/07/2020T11:20:00 ,2020-04-07,Hospital,"(4058154.76725065, 2949603.507869995)",7f776de972fa4297b3b45c8c688f38c4,14,Medical,21eba00c5c534d05b06a53e81739384c,44,Work
6404,04/07/2020T11:20:00 ,2020-04-07,Hospital,"(4041018.9862266188, 2978524.81136002)",88509b748ae14df5b5942189bc444946,43,Work,4071746840124d3e92b32f03613aa4dc,28,Work
6406,04/07/2020T11:40:00 ,2020-04-07,Shop,"(4061132.6588792657, 2950252.969120565)",c8bf9d6c96b648ebb9e9256fec027e5a,47,Work,d617062fcd504a45858500d314d1dbce,34,Work
6406,04/07/2020T11:40:00 ,2020-04-07,Hospital,"(4058154.76725065, 2949603.507869995)",1a142c2f0f114b2aa6914db5bed698fc,65,Medical,00589dcc286d4ba6a032bc34cf399012,59,Work
6406,04/07/2020T11:40:00 ,2020-04-07,Hospital,"(4058154.76725065, 2949603.507869995)",3674221a5f544b48a6dda5bfba15d338,83,Medical,ca0e1ffb3bb944ce8c244bb8a9adfcc6,51,Work
6406,04/07/2020T11:40:00 ,2020-04-07,Hospital,"(4026830.549424994, 2957052.0152650787)",44c1e5cab0444035a82727176b3548e2,45,Medical,852e65f622a54ed8a59255bfc799e777,43,Medical
6407,04/07/2020T11:50:00 ,2020-04-07,Shop,"(4061132.6588792657, 2950252.969120565)",9959380df9e94b249ef53ad90f45f5f3,27,Work,e3a7fc26683d46039fcf9ec028fffa93,56,Work
6407,04/07/2020T11:50:00 ,2020-04-07,Hospital,"(4058154.76725065, 2949603.507869995)",00a6624376e6488bbeee0ba0604bb386,0,Medical,f69901e504b24451b0604902c064d36c,27,Work
6408,04/07/2020T12:00:00 ,2020-04-07,Care Home,"(4040157.0735851885, 2957292.780931754)",f61a355214e44a4faaa6505de689062c,30,Work,1f24065782594de09524d60640a2f8e2,45,Work
6408,04/07/2020T12:00:00 ,2020-04-07,Shop,"(4061132.6588792657, 2950252.969120565)",ab4f8d8339d74d98823674b8ef9edbd7,34,Work,21f203c797fd4227954147ff267b4c18,28,Work
6408,04/07/2020T12:00:00 ,2020-04-07,Hospital,"(4041018.9862266188, 2978524.81136002)",7f88b391c28a4ca696c1b84811211689,59,Work,6d3b3ac7249141d3bd68867b98e39d28,62,Work
6408,04/07/2020T12:00:00 ,2020-04-07,Hospital,"(4026830.549424994, 2957052.0152650787)",1cd4741ded7d40f1864dc0c80df46da3,33,Work,96a4274712254a379be5c33433b5ee87,57,Work
6409,04/07/2020T12:10:00 ,2020-04-07,Shop,"(4061132.6588792657, 2950252.969120565)",3264511697c34ca8bf6e305218862db2,58,Work,c4cdc143667f4e9cab52096adba88275,29,Work
6409,04/07/2020T12:10:00 ,2020-04-07,Shop,"(4061132.6588792657, 2950252.969120565)",cbfccbfb9e724604b284e8339fbbf31d,32,Work,35189543bb634312ba6bd7dc39c2699d,56,Work
6409,04/07/2020T12:10:00 ,2020-04-07,Shop,"(4041394.0455010775, 2944086.237169109)",fe91d9c082bd4c9b9507e50eafe2d2dc,37,Work,539c630eb64c46e0806cbd40c13d091a,26,Work
6411,04/07/2020T12:30:00 ,2020-04-07,Hospital,"(4058154.76725065, 2949603.507869995)",ebd1bd822d9f4434be26211c8bae9cfd,50,Medical,43d24241001845c6b9b1c90e289361f3,49,Work
6412,04/07/2020T12:40:00 ,2020-04-07,Shop,"(4041394.0455010775, 2944086.237169109)",3d2b5f401b7a49c3b142ba22bc43dbb5,29,Work,fdb24ef0e7944f9bb79363da8469a936,56,Work
6415,04/07/2020T13:10:00 ,2020-04-07,Shop,"(4041394.0455010775, 2944086.237169109)",75e619decdab49d08e79a85edc69648a,35,Work,4a70c49f30d847a380f99611ed32ed0d,29,Work
6416,04/07/2020T13:20:00 ,2020-04-07,Secondary School,"(4034683.76488532, 2947950.22012564)",fe1671d224e14e079e101d1974ba9885,27,School,74720279a5884a929934bb1c45e768ba,15,School
6419,04/07/2020T13:50:00 ,2020-04-07,Secondary School,"(4035707.7409694637, 2940460.9147072453)",734c516be5bf4ba689cb7163cb9a5010,28,School,bed38f92429b43de9570cb6b220648f0,29,School
6420,04/07/2020T14:00:00 ,2020-04-07,Shop,"(4041394.0455010775, 2944086.237169109)",315fd569a5f649fc98ce79e8faefe6ee,38,Work,98313ee6747f4b289c341ada0840b5a8,32,Work
6420,04/07/2020T14:00:00 ,2020-04-07,Hospital,"(4041018.9862266188, 2978524.81136002)",7bbfee822f8742e4907f76eac8e5dfdb,51,Work,37796818744f448c9812144adca391a0,59,Car
6421,04/07/2020T14:10:00 ,2020-04-07,Shop,"(4061132.6588792657, 2950252.969120565)",dac1a6d91bd84e06a84dbb8d29c2c319,71,Shop,e3a7fc26683d46039fcf9ec028fffa93,56,Work
6424,04/07/2020T14:40:00 ,2020-04-07,Shop,"(4041394.0455010775, 2944086.237169109)",92f6b7c985e448bd9959babd2485226f,21,Work,5529021334c04f88b2cbae35db86ea23,31,Work
6424,04/07/2020T14:40:00 ,2020-04-07,Hospital,"(4041018.9862266188, 2978524.81136002)",2900142564a845ee91bb1a5fba0ad9a9,31,Work,3a885c1e86be4e17bd2a8240153319cc,40,Work
6426,04/07/2020T15:00:00 ,2020-04-07,Hospital,"(4026830.549424994, 2957052.0152650787)",fe13c7576e524dd1bf09180766df7b2c,39,Medical,54b1edca606d46faa7b8037b1b1e131a,20,Work
6427,04/07/2020T15:10:00 ,2020-04-07,Shop,"(4061132.6588792657, 2950252.969120565)",0950f7f6b2154dee9c44e610bd0e8825,31,Work,21f203c797fd4227954147ff267b4c18,28,Work
6428,04/07/2020T15:20:00 ,2020-04-07,Shop,"(4061132.6588792657, 2950252.969120565)",6f1a6a4fd7fc4ed4900af200fa2545b4,59,Work,21f203c797fd4227954147ff267b4c18,28,Work
6428,04/07/2020T15:20:00 ,2020-04-07,Shop,"(4041394.0455010775, 2944086.237169109)",d9e462afd5484933af6102bffdd9ef5c,41,Work,801b03cf4f854488b1bd0247c317a60c,26,Work
6430,04/07/2020T15:40:00 ,2020-04-07,Hospital,"(4041018.9862266188, 2978524.81136002)",81e822444550431894b5e14875063638,26,Work,745f46ff718e45e08d2f0454b12fd957,64,Work
6432,04/07/2020T16:00:00 ,2020-04-07,Public Transport,"(4040961.729929357, 2943976.2123435326)",06816f4269e74aa5b82dd63eb0db2990,52,Public Transport,694463f5e3b6436f833816c50b4b07ae,52,Public Transport
6432,04/07/2020T16:00:00 ,2020-04-07,Shop,"(4041394.0455010775, 2944086.237169109)",ca24db3794af403c94fc4a7c8c25fffc,87,Shop,69eb6a530ae740aea238af1a0ca6a380,32,Work
6432,04/07/2020T16:00:00 ,2020-04-07,Hospital,"(4041018.9862266188, 2978524.81136002)",c8e36a9bd0004859867b6ade6b56f5c2,23,Work,82eeddae639e49a2bbe6264bf13c2c7d,93,House
6434,04/07/2020T16:20:00 ,2020-04-07,Shop,"(4061132.6588792657, 2950252.969120565)",210edeff650347aebc2c3d3a1f9aae07,33,Work,21f203c797fd4227954147ff267b4c18,28,Work
6435,04/07/2020T16:30:00 ,2020-04-07,Shop,"(4041394.0455010775, 2944086.237169109)",f3f62d6ed98247ada58f9909cd19d473,33,Work,790564e345ea4975b5d72f0388ec9669,30,Work
6435,04/07/2020T16:30:00 ,2020-04-07,Hospital,"(4058154.76725065, 2949603.507869995)",c9f8a9c2a67b4c6eb1a3057bdcbb283f,73,Medical,ac94c725b3854306976b83abc5702ae9,49,Work
6437,04/07/2020T16:50:00 ,2020-04-07,Shop,"(4061132.6588792657, 2950252.969120565)",e32802a099b44298864277e32b29bb25,41,Work,153d70d7c65245e29a05703261aa82c1,34,Work
6441,04/07/2020T17:30:00 ,2020-04-07,Shop,"(4029169.995518369, 2939935.9742039177)",2af19854ca194fa6b3fe1eca440a79cf,74,Shop,f6c7a5502db34c47bae7405c5da86b55,34,Shop
6445,04/07/2020T18:10:00 ,2020-04-07,House,"(4043461.5586594758, 2978810.2790762307)",a241f67dace045cf9f18fdb923e00de1,4,House,c0e61706a926431ba2eb8dd5506b7f1c,20,Shop
6449,04/07/2020T18:50:00 ,2020-04-07,Hospital,"(4026830.549424994, 2957052.0152650787)",8dc275ff99844528baae83bb24785dab,49,Work,f36801ad74654878a89c9ca9cfafe1ed,45,Indoor Sport
6465,04/07/2020T21:30:00 ,2020-04-07,House,"(4029406.957569849, 2982574.2050254964)",1c8d9a24eaca4747ab976d0e3429a37b,56,House,40f10c2163ac46abbb1231a9a3edc71b,31,House
6480,04/08/2020T00:00:00 ,2020-04-08,House,"(4038213.9986131336, 2991411.8872474907)",64a057e35f064494b57553116d916a2e,50,House,6ed1c1cc07a44bbcb8b5766da155c80d,28,House
6488,04/08/2020T01:20:00 ,2020-04-08,House,"(4069255.310662105, 2966926.454675258)",09bb87b53ef849fb869142315a4ef7cb,56,House,3b4c53cc7ba24fee8f0877671281617f,39,House
6505,04/08/2020T04:10:00 ,2020-04-08,Hospital,"(4041018.9862266188, 2978524.81136002)",42c76516c61d423fb298678a6d95f3d2,36,Work,6d3b3ac7249141d3bd68867b98e39d28,62,House
6527,04/08/2020T07:50:00 ,2020-04-08,Public Transport,"(4028391.2590060933, 2940399.9238439715)",413d70a2480d41bb8345b693a2bb746d,4,Public Transport,b7b24cf2a50441a9af1d8798e396a710,38,Public Transport
6530,04/08/2020T08:20:00 ,2020-04-08,Shop,"(4061132.6588792657, 2950252.969120565)",09d4fdfe5b9a4bf68d769be56f82de51,57,Work,612329a9b1f949e7814e4957f52af76c,53,Work
6531,04/08/2020T08:30:00 ,2020-04-08,Hospital,"(4058154.76725065, 2949603.507869995)",5ce7264eb24d4c70b223c0cdfe5586c3,39,Work,6f4e7f4294fc4ad3b8eda09e925c1679,94,House
6531,04/08/2020T08:30:00 ,2020-04-08,Hospital,"(4026830.549424994, 2957052.0152650787)",2bb05c6efc144cf4b7752856e6f5a260,55,Work,d03e9c0be3694a678262c02966bb180f,93,House
6532,04/08/2020T08:40:00 ,2020-04-08,Shop,"(4061132.6588792657, 2950252.969120565)",d2b0e3016b434b71ae4069ebc57ab975,48,Work,add4089ecf8142b78529aa6f532bb9c2,33,Work
6533,04/08/2020T08:50:00 ,2020-04-08,Shop,"(4041394.0455010775, 2944086.237169109)",c3ba242e8a0345e5bd79f792d49e1a1d,47,Work,98313ee6747f4b289c341ada0840b5a8,32,Work
6536,04/08/2020T09:20:00 ,2020-04-08,Hospital,"(4058154.76725065, 2949603.507869995)",2545badd6d64481d8de37195b08e2a32,25,Work,45ebca739a8a4b74a95664cc9bf2101d,66,House
6537,04/08/2020T09:30:00 ,2020-04-08,Shop,"(4026138.8109881002, 2945851.965113407)",54673c8f9eeb415c848963c229676756,48,Work,0e327672924746a58f63883f1bf587d5,45,Work
6537,04/08/2020T09:30:00 ,2020-04-08,Hospital,"(4026830.549424994, 2957052.0152650787)",5acc9d24c8c246cbaa50a6da84170588,52,Work,55020c368dd845e7a10b4f801bec85df,50,Work
6538,04/08/2020T09:40:00 ,2020-04-08,Secondary School,"(4035707.7409694637, 2940460.9147072453)",2992f4b863ae4e67a80a7e5d6b8c7f57,23,School,0019a2df063945af9918f733d86151d9,29,School
6538,04/08/2020T09:40:00 ,2020-04-08,Shop,"(4041394.0455010775, 2944086.237169109)",154a3db5a5e44598826cc65d0752d988,60,Work,569fc03e3ac4482fa3e45441a0c7e532,57,Work
6538,04/08/2020T09:40:00 ,2020-04-08,Hospital,"(4058154.76725065, 2949603.507869995)",3d6af830dbc24a2fb4f8f4d2c1feeb88,52,Medical,47dab1d26835437bbb32e2bdc7b7aaae,90,House
6538,04/08/2020T09:40:00 ,2020-04-08,Secondary School,"(4045969.233886082, 2943140.9300204823)",b1bf844be6fe41678b5ce05b66c55fa4,15,School,ef202ee3cec74a6fba634cc91ba23f96,16,School
6540,04/08/2020T10:00:00 ,2020-04-08,Hospital,"(4041018.9862266188, 2978524.81136002)",4a1ee8941b1c4a0eb1a9f40720e9418a,42,Work,5fcda70f87ee41a7a920000d1901f188,48,Work
6541,04/08/2020T10:10:00 ,2020-04-08,Hospital,"(4041018.9862266188, 2978524.81136002)",f6d4013f51a14ad8a13073cef7210af2,39,Work,833effcbda434bd4b3d11d405edf178c,57,House
6541,04/08/2020T10:10:00 ,2020-04-08,Secondary School,"(4034404.417465693, 2942685.048007)",3079d30c8606422e8409ca320a7105c8,17,School,2f4f3de93e7f4ab28695f65f1a24a3ff,19,School
6542,04/08/2020T10:20:00 ,2020-04-08,Hospital,"(4026830.549424994, 2957052.0152650787)",99d19470ac434a2fbd5382245454f54a,63,Medical,7a6b67830cdd4116a498da4e1cf72ab2,35,Work
6542,04/08/2020T10:20:00 ,2020-04-08,Secondary School,"(4024707.746048194, 2985903.86374896)",62484e68a70242738d3e2310410b4aee,13,School,8a85ea3893fd4ee4b9758a95e4f9e6b6,15,School
6543,04/08/2020T10:30:00 ,2020-04-08,Shop,"(4026138.8109881002, 2945851.965113407)",44f3b68c3d084cb29fd6825e4f7144e2,37,Work,821c5e2889cd404ea301f849a0bb3494,26,Work
6544,04/08/2020T10:40:00 ,2020-04-08,Hospital,"(4026830.549424994, 2957052.0152650787)",4fc9849564924b739864f690653ae124,79,Medical,528b210f570e41b2a340c860faefe73a,36,Work
6545,04/08/2020T10:50:00 ,2020-04-08,Hospital,"(4026830.549424994, 2957052.0152650787)",f6a54064cf874100b7a898415177f8b4,30,Work,ea3b32f966e0477d830c75cac7ab7066,50,Work
6545,04/08/2020T10:50:00 ,2020-04-08,Secondary School,"(4034683.76488532, 2947950.22012564)",6b5599a1775240bbada8dee8742ea4b4,16,School,17f19f586ead4ee081013972c1b4e1d3,14,School
6546,04/08/2020T11:00:00 ,2020-04-08,Shop,"(4041394.0455010775, 2944086.237169109)",e83db2887a784a99b7a33d06e8941678,27,Work,0aba501483e74916a47ddc74f614a783,39,Work
6547,04/08/2020T11:10:00 ,2020-04-08,Hospital,"(4041018.9862266188, 2978524.81136002)",d310217a34b94346a5ea062ba35c4835,12,Medical,31e1b1ec83124923855949ddf182844d,67,House
6548,04/08/2020T11:20:00 ,2020-04-08,Hospital,"(4058154.76725065, 2949603.507869995)",94c316196daf498790b1bed14e4c2510,41,Work,eef14bb1adde453f8c719552fe4480e8,46,Work
6548,04/08/2020T11:20:00 ,2020-04-08,House,"(4034837.019483466, 2947622.3457422745)",c150adfff867411c899097b35ffca9c0,62,House,b18792fa39f8418f812b1dbf9e2e3ed8,66,House
6549,04/08/2020T11:30:00 ,2020-04-08,Shop,"(4026138.8109881002, 2945851.965113407)",5d4f8e6297494c7cafd4012f39bc1bb2,52,Shop,7c2383713e59439fa0841c631db4e5b8,19,Work
6549,04/08/2020T11:30:00 ,2020-04-08,Hospital,"(4058154.76725065, 2949603.507869995)",34e3af3f94e443efbaf6cc8572f55382,7,Medical,34677692e3184cf1a91dbfbbb08ee89a,63,Work
6550,04/08/2020T11:40:00 ,2020-04-08,Shop,"(4041394.0455010775, 2944086.237169109)",00894d4556c24858984ac911099bb673,45,Shop,efaadefd376a481e867ef6f01b80be0d,24,Work
6552,04/08/2020T12:00:00 ,2020-04-08,Hospital,"(4058154.76725065, 2949603.507869995)",0c117366f12a493180aa1c29810bcc39,61,Work,b93cce55cda24684930115641a3feef4,18,Work
6552,04/08/2020T12:00:00 ,2020-04-08,Hospital,"(4041018.9862266188, 2978524.81136002)",aa003baa94ac4dd1ac75a63ab2990a44,33,Work,0b0168489f1446f3a2818188676110ae,20,Work
6553,04/08/2020T12:10:00 ,2020-04-08,Secondary School,"(4034404.417465693, 2942685.048007)",b88c6a78ef08457ebb479fdcfe029c89,27,School,3867e6e5bf17408a8a368a87fb3f76b0,12,School
6554,04/08/2020T12:20:00 ,2020-04-08,Shop,"(4041394.0455010775, 2944086.237169109)",d4b8ba590f2f453ba0e26bd1b5283305,31,Work,1e14ffaecd5c4f3dbbbdf2eef7c43249,41,Work
6555,04/08/2020T12:30:00 ,2020-04-08,Hotel,"(4041649.55364369, 2950741.100022796)",be1c02474eea49bba13cadccdd75fe9c,54,Work,dd3f4ed893da4567b1f609911ceaadf5,15,Work
6555,04/08/2020T12:30:00 ,2020-04-08,Secondary School,"(4033512.2757793837, 2937085.895240092)",9d10c1b5c7d04e7da7ff4509146f9c04,53,Work,0d15569f1afd47f9b17714dcc776b8b7,17,School
6557,04/08/2020T12:50:00 ,2020-04-08,Hospital,"(4026830.549424994, 2957052.0152650787)",f38dd40be9114771b9c5203157a8ee2d,41,Work,509eebc327534c74a1273d09537704d5,57,Shop
6558,04/08/2020T13:00:00 ,2020-04-08,Shop,"(4041394.0455010775, 2944086.237169109)",49ea715f154340fba739475ff3b61e47,52,Work,f5720dcfbcf0448aa4c02385152810db,56,Work
6559,04/08/2020T13:10:00 ,2020-04-08,Shop,"(4041394.0455010775, 2944086.237169109)",271fd99c87e44e3aa96772184d404e8e,26,Work,d5d5d62f66c44165a349629ebd8e93f3,63,Work
6561,04/08/2020T13:30:00 ,2020-04-08,Hospital,"(4026830.549424994, 2957052.0152650787)",26ec044219804901b11984134ea306a5,44,Work,b89c326aa1bb43d9939dac4dc7d18700,34,Work
6565,04/08/2020T14:10:00 ,2020-04-08,Hospital,"(4058154.76725065, 2949603.507869995)",ffa3616a15764a5cb22007db9e81a4ed,35,Work,ea88ecca89b94a37a340dbd6843d7837,89,House
6566,04/08/2020T14:20:00 ,2020-04-08,Hospital,"(4058154.76725065, 2949603.507869995)",3d42b404b5604c10b937c65566b03c4a,28,Work,0aa12121515b47af9aa87137794f4728,27,Work
6567,04/08/2020T14:30:00 ,2020-04-08,Shop,"(4061132.6588792657, 2950252.969120565)",035c360a81a241b7a58597817eb1d14b,64,Work,4701b32f14e2484593d59174e070c540,52,Work
6568,04/08/2020T14:40:00 ,2020-04-08,Hospital,"(4058154.76725065, 2949603.507869995)",cc03678929034198b2a34a9c86b2b8bb,51,Work,21eba00c5c534d05b06a53e81739384c,44,Work
6568,04/08/2020T14:40:00 ,2020-04-08,Hospital,"(4026830.549424994, 2957052.0152650787)",78eb40622da9417489a0fb3eb220213f,36,Work,4e5a2769e62a4cebb0f84568503eb665,51,Work
6571,04/08/2020T15:10:00 ,2020-04-08,Shop,"(4026138.8109881002, 2945851.965113407)",ba5fa0132cc349b0aad9c6bafdfb436d,58,Shop,7c2383713e59439fa0841c631db4e5b8,19,Work
6573,04/08/2020T15:30:00 ,2020-04-08,Hospital,"(4058154.76725065, 2949603.507869995)",c392631d6b60451d89d0e4ae85b75b51,36,Work,66e2981a53b64fa1a80ac4f1955e3191,31,Work
6574,04/08/2020T15:40:00 ,2020-04-08,Hospital,"(4058154.76725065, 2949603.507869995)",c399fcebe412400f84aa5e2ec2efd90a,27,Work,eafd425cef6e4526a38a9f8ceef7ea93,35,Work
6579,04/08/2020T16:30:00 ,2020-04-08,Hospital,"(4058154.76725065, 2949603.507869995)",307e6ed1d20342e0b77384bafd2856ed,42,Medical,b8406a89e8b14c3d945495a729c0c692,35,Work
6580,04/08/2020T16:40:00 ,2020-04-08,Shop,"(4061132.6588792657, 2950252.969120565)",3a55fb25d66e4525a19b13c089541e29,34,Work,c4cdc143667f4e9cab52096adba88275,29,Work
6584,04/08/2020T17:20:00 ,2020-04-08,Shop,"(4041394.0455010775, 2944086.237169109)",b1f476c9fcac4e0888451407e5a97b5e,42,Shop,5529021334c04f88b2cbae35db86ea23,31,Work
6588,04/08/2020T18:00:00 ,2020-04-08,Shop,"(4041394.0455010775, 2944086.237169109)",850166d2642e48b5b302a234f6250a4a,23,Work,a4523668041a4d2789b0778b1323bc93,51,Work
6592,04/08/2020T18:40:00 ,2020-04-08,Hospital,"(4041018.9862266188, 2978524.81136002)",1cf80bbc3a454ddfa6111906a3938f3f,16,Medical,b0fab05d1204426bafad046b8f1c09ad,33,Work
6595,04/08/2020T19:10:00 ,2020-04-08,House,"(4030126.3364472403, 2940284.631678114)",88da722ac52b47e29743e53b0a9dd524,59,House,2f3161f9f18046a7b5799611ae44593e,33,House
6627,04/09/2020T00:30:00 ,2020-04-09,House,"(4026089.5634442735, 2955474.8621313027)",06766a12b6784a9ca7f86d5d26273b00,11,House,2bf4130fc6a64d12bf99764454f84e10,6,House
6641,04/09/2020T02:50:00 ,2020-04-09,House,"(4044292.1713603465, 2979519.278829577)",0b793c5175614b93857c0d1c1a4c559e,75,House,51454142c5984b47966e23512739a507,67,House
6671,04/09/2020T07:50:00 ,2020-04-09,Shop,"(4026138.8109881002, 2945851.965113407)",ca6e2a3c09024168882aa50b2b72dfcf,39,Work,d2aca8252fef4654acf10fd702e684e5,24,Work
6674,04/09/2020T08:20:00 ,2020-04-09,Hospital,"(4026830.549424994, 2957052.0152650787)",c7e0cc668fad445187d2a934d15a2f93,29,Work,84773e462ed443d5a694cd4c1cd0d248,56,Work
6674,04/09/2020T08:20:00 ,2020-04-09,Secondary School,"(4034404.417465693, 2942685.048007)",ee9a8c86675745c89817c51a1a7e7821,17,School,f6c1b14e274248b5801bb5fea8317c32,12,School
6675,04/09/2020T08:30:00 ,2020-04-09,Hospital,"(4041018.9862266188, 2978524.81136002)",8e7ed13df26f47c5a890810c8564fec3,29,Work,4071746840124d3e92b32f03613aa4dc,28,Work
6676,04/09/2020T08:40:00 ,2020-04-09,Hospital,"(4058154.76725065, 2949603.507869995)",88c12b849c3c4ac893639109888ae5ec,64,Work,ea88ecca89b94a37a340dbd6843d7837,89,House
6679,04/09/2020T09:10:00 ,2020-04-09,Shop,"(4026138.8109881002, 2945851.965113407)",29ae908b02b4411b9acb251840ffd915,50,Work,ef264c6216cb4d929385f2a66c2f658c,28,Work
6679,04/09/2020T09:10:00 ,2020-04-09,Secondary School,"(4034683.76488532, 2947950.22012564)",5d3a4b92820f4cb687f26c6e96ecdf0d,15,School,74720279a5884a929934bb1c45e768ba,15,School
6680,04/09/2020T09:20:00 ,2020-04-09,Shop,"(4041394.0455010775, 2944086.237169109)",040ae5c2a4bc45d8affd90ba8dfab16c,29,Shop,0eac0873a9f045e8b6ed672d43ad5f7b,34,Work
6681,04/09/2020T09:30:00 ,2020-04-09,Hospital,"(4058154.76725065, 2949603.507869995)",9d04ebe33db54466bf77e5a0331a5115,42,Work,eef14bb1adde453f8c719552fe4480e8,46,Work
6683,04/09/2020T09:50:00 ,2020-04-09,Hospital,"(4026830.549424994, 2957052.0152650787)",c320eece2da043e7aa0ae91bd188d3ca,48,Work,e86552604c264b4aa5003363a7d3da5e,30,Work
6684,04/09/2020T10:00:00 ,2020-04-09,Secondary School,"(4021067.5865666224, 2945966.831732044)",314d6e1d9e524f038814e33b4cb84d29,28,School,3d0f481abefb453ab6436cbc2e133728,12,School
6684,04/09/2020T10:00:00 ,2020-04-09,Hospital,"(4058154.76725065, 2949603.507869995)",5212cb18d8ea434bbd2ae329c82d930d,55,Work,c459b23eda724ae4b5aae06693c1504f,94,House
6684,04/09/2020T10:00:00 ,2020-04-09,Secondary School,"(4038231.4573233607, 2941585.605677152)",7d8920144688421ab479cbdd1d4ff22e,24,School,88805b9ca5394e14b6c48abea76521db,16,School
6685,04/09/2020T10:10:00 ,2020-04-09,Hospital,"(4041018.9862266188, 2978524.81136002)",e38ba58ce57d4b79a99f6a5075cda4a9,38,Medical,3a885c1e86be4e17bd2a8240153319cc,40,Work
6687,04/09/2020T10:30:00 ,2020-04-09,Shop,"(4061132.6588792657, 2950252.969120565)",87cc1960015f4c4fbde3b56a263e496b,21,Work,cba2a614866c45d3b0f3461a33901559,59,Work
6687,04/09/2020T10:30:00 ,2020-04-09,Secondary School,"(4025731.6327861375, 2945976.6300406978)",dbab0d6a649a4ba5aa35b53340ca8375,15,School,a45f77b9bec34197a454891f3b59c3ff,24,School
6689,04/09/2020T10:50:00 ,2020-04-09,Hospital,"(4026830.549424994, 2957052.0152650787)",3840903b715a45989b234607e410e4a2,47,Medical,03ab7d25d35e4f4d816fba1e2f4164c8,55,Work
6690,04/09/2020T11:00:00 ,2020-04-09,Shop,"(4041394.0455010775, 2944086.237169109)",0712e2c8026043b5a78e8bdaaf366fd8,39,Work,a2177d6181a443b6b852f684d1b66293,59,Work
6690,04/09/2020T11:00:00 ,2020-04-09,Shop,"(4041394.0455010775, 2944086.237169109)",f6b7deff415a4492a77ce7d06a2770d6,71,Shop,4b54691ef75a4546a5185adf099dc492,57,Work
6691,04/09/2020T11:10:00 ,2020-04-09,Hospital,"(4058154.76725065, 2949603.507869995)",7035b985e70c48269fcb9d8a91d0de08,63,Medical,e8f7ddd93faf42068c8b57e296118a79,43,Work
6694,04/09/2020T11:40:00 ,2020-04-09,Hospital,"(4026830.549424994, 2957052.0152650787)",4adb22249f834a9ea74ae17f07ec2466,23,Work,d03e9c0be3694a678262c02966bb180f,93,Visit
6695,04/09/2020T11:50:00 ,2020-04-09,Shop,"(4061132.6588792657, 2950252.969120565)",548bf53eef034e5ea1244c3ab23c08ee,34,Shop,26274d2878f44fa88f72a8d4c83bc9c4,61,Work
6695,04/09/2020T11:50:00 ,2020-04-09,Hospital,"(4026830.549424994, 2957052.0152650787)",eab6704002ed4e5c8f436d5d93639998,63,Medical,cfbc6b5a63e647b5aee129d53b1c1704,31,Work
6696,04/09/2020T12:00:00 ,2020-04-09,Hospital,"(4058154.76725065, 2949603.507869995)",3eccdb28b81d4986b12cd59ec5848f0a,25,Work,ca0e1ffb3bb944ce8c244bb8a9adfcc6,51,Work
6698,04/09/2020T12:20:00 ,2020-04-09,Hospital,"(4058154.76725065, 2949603.507869995)",1a19d0994fd9491e9b468062dba33752,32,Work,d4b8ecc7496847bd8b5ff48d9f3bfa3f,56,Work
6698,04/09/2020T12:20:00 ,2020-04-09,Hospital,"(4058154.76725065, 2949603.507869995)",0da6cd0ea5d44ea68c95140af2166880,43,Work,ea88ecca89b94a37a340dbd6843d7837,89,House
6699,04/09/2020T12:30:00 ,2020-04-09,House,"(4045451.154803491, 2980692.4325826843)",32441817300f4e53b41bb64f73a0f413,0,House,1c9799f9956b433f8c138013db87a824,35,Work
6702,04/09/2020T13:00:00 ,2020-04-09,Hospital,"(4058154.76725065, 2949603.507869995)",d31f0356c56c43cbb9d15220aece6322,21,Work,e8f7ddd93faf42068c8b57e296118a79,43,Work
6703,04/09/2020T13:10:00 ,2020-04-09,Hospital,"(4058154.76725065, 2949603.507869995)",0c5b9de50a0147ff809f4ba162801d20,44,Work,374d564eee7f4d4d80d16d10a837c0e0,43,Work
6705,04/09/2020T13:30:00 ,2020-04-09,Hospital,"(4041018.9862266188, 2978524.81136002)",1fea43d6d25945d8bdd294f8f60a50cf,25,Work,8e620fc5dc974fc98c58628ba33389bd,29,Work
6706,04/09/2020T13:40:00 ,2020-04-09,Hospital,"(4041018.9862266188, 2978524.81136002)",1d45ece13d2141c4b045e79ec44305ff,44,Work,0b0168489f1446f3a2818188676110ae,20,Work
6709,04/09/2020T14:10:00 ,2020-04-09,Shop,"(4041394.0455010775, 2944086.237169109)",5b792e2d14cb4aefba999868259b0d64,25,Work,d5d5d62f66c44165a349629ebd8e93f3,63,Work
6710,04/09/2020T14:20:00 ,2020-04-09,Shop,"(4041394.0455010775, 2944086.237169109)",9a6e59614ddf4a8784740ca6dc306a11,63,Shop,2573146ebf49481480714c6bba1baf54,39,Work
6713,04/09/2020T14:50:00 ,2020-04-09,Hospital,"(4058154.76725065, 2949603.507869995)",609f012322644974a4765ed74bc19054,51,Work,374d564eee7f4d4d80d16d10a837c0e0,43,Work
6714,04/09/2020T15:00:00 ,2020-04-09,Shop,"(4040931.5397879453, 2949000.0670120027)",dc82f2f6ce6c4c6bb930665b2c5bd36b,19,Shop,694463f5e3b6436f833816c50b4b07ae,52,Shop
6715,04/09/2020T15:10:00 ,2020-04-09,Hospital,"(4041018.9862266188, 2978524.81136002)",9d2a319d56e640dcb43870f7dd4fc025,51,Work,6ff562a71ea5449f9bb94c3a740651d3,56,Work
6716,04/09/2020T15:20:00 ,2020-04-09,Shop,"(4061132.6588792657, 2950252.969120565)",e077b6c45aaf466b86e52df0f63381a4,51,Work,c7e22a9ea84740edb6800137eb48f5a6,39,Work
6717,04/09/2020T15:30:00 ,2020-04-09,Hospital,"(4041018.9862266188, 2978524.81136002)",21d3cbce0954420ebfa32e3aa6ec98b7,34,Work,0b0168489f1446f3a2818188676110ae,20,Work
6718,04/09/2020T15:40:00 ,2020-04-09,Hospital,"(4058154.76725065, 2949603.507869995)",c319111381944eb684133f910b5bae75,50,Work,b8406a89e8b14c3d945495a729c0c692,35,Work
6718,04/09/2020T15:40:00 ,2020-04-09,Hospital,"(4026830.549424994, 2957052.0152650787)",1e8d2fa7fc20418e90dceea071ffacce,56,Work,509eebc327534c74a1273d09537704d5,57,Work
6721,04/09/2020T16:10:00 ,2020-04-09,Hospital,"(4058154.76725065, 2949603.507869995)",2db5ac7e31424378b4510c8f513e155d,44,Medical,eafd425cef6e4526a38a9f8ceef7ea93,35,Work
6721,04/09/2020T16:10:00 ,2020-04-09,Hospital,"(4026830.549424994, 2957052.0152650787)",b3d53998e98e43cf97a3aecc5134163a,37,Work,f2e8457bfab9454c9ab900742663798b,95,House
6722,04/09/2020T16:20:00 ,2020-04-09,House,"(4039196.241858305, 2979038.453015978)",63b5786830ae47088408e10c47ba9b79,53,House,dfc3caf6d4754d5ead5bf4bed326e162,40,Work
6733,04/09/2020T18:10:00 ,2020-04-09,Hospital,"(4041018.9862266188, 2978524.81136002)",be8a065d25694b91b6ecb17b4a89704f,5,Medical,67e259fb09d3455982c5e501df936f1d,25,House
6736,04/09/2020T18:40:00 ,2020-04-09,Hospital,"(4058154.76725065, 2949603.507869995)",73771ebf1f324d039ebb0438a1098f5d,33,Work,34677692e3184cf1a91dbfbbb08ee89a,63,House
6745,04/09/2020T20:10:00 ,2020-04-09,House,"(4025898.1200777483, 2969085.1299189776)",0dac1d33a5e640188728a6f77afb5bda,8,House,53c695b59bd8462baead8b25fdfdae4c,45,House
6750,04/09/2020T21:00:00 ,2020-04-09,House,"(4032890.5685421717, 2935165.791676205)",06da76b37a024b41bed5f42788d508db,89,House,0978ba86e81a42e6a53b95d964a24270,69,House
6776,04/10/2020T01:20:00 ,2020-04-10,House,"(4042250.215486543, 2957352.3194208434)",dfcb68d64e554f7bb2e5d20d80cb971a,4,House,d2aca8252fef4654acf10fd702e684e5,24,House
6781,04/10/2020T02:10:00 ,2020-04-10,House,"(4040564.4456951353, 2978158.0264902026)",01761be56c0544778d911842551642d7,16,House,e3a7fc26683d46039fcf9ec028fffa93,56,House
6790,04/10/2020T03:40:00 ,2020-04-10,House,"(4039371.6577110603, 3005638.58044721)",e8f1b5d8877b4877ae4be6fb710d7d03,68,House,634ebeb69764460a952ea085cb08058e,41,House
6816,04/10/2020T08:00:00 ,2020-04-10,Hospital,"(4058154.76725065, 2949603.507869995)",2e53de410f474831b49ac63037537434,26,Work,ac94c725b3854306976b83abc5702ae9,49,Work
6817,04/10/2020T08:10:00 ,2020-04-10,Public Transport,"(4057969.893046614, 2969969.1355308434)",752a4b103cca4d7d8aa091ecb7dab83a,33,Public Transport,210edeff650347aebc2c3d3a1f9aae07,33,Public Transport
6817,04/10/2020T08:10:00 ,2020-04-10,Shop,"(4041394.0455010775, 2944086.237169109)",2225e7a2ffa64b8cb36cd024fd024b63,42,Work,4703bd145154435ca8c74378be2f8dd5,38,Work
6818,04/10/2020T08:20:00 ,2020-04-10,Shop,"(4061132.6588792657, 2950252.969120565)",de9c4c00b52f43cf860d7111265b2bb0,30,Work,e3a7fc26683d46039fcf9ec028fffa93,56,Work
6822,04/10/2020T09:00:00 ,2020-04-10,House,"(4050215.467701395, 2980618.662316432)",2c977bfe89894ab89b87fd021cd4b13d,57,Work,86bd00e054c54c4ba276574ec3294882,49,Work
6823,04/10/2020T09:10:00 ,2020-04-10,Hospital,"(4026830.549424994, 2957052.0152650787)",a0c859f8d9154be48a4448382ce6b38f,65,Work,8ffa4109cde748149a4a4cfb80ac9cc1,59,Work
6824,04/10/2020T09:20:00 ,2020-04-10,Hospital,"(4041018.9862266188, 2978524.81136002)",d259de3cef0848cbae8ebc51362e8ebb,38,Work,ccb0257184984634bc1f851a236b8787,63,Work
6824,04/10/2020T09:20:00 ,2020-04-10,Hospital,"(4041018.9862266188, 2978524.81136002)",9cbe32640e7d40e3a9671aec0a2604ed,40,Work,634ebeb69764460a952ea085cb08058e,41,Work
6824,04/10/2020T09:20:00 ,2020-04-10,Hospital,"(4026830.549424994, 2957052.0152650787)",18bb50ea53ac4355bbfae1382adc146b,52,Work,caada3e54e644222b26c7416e1bbe417,32,Work
6824,04/10/2020T09:20:00 ,2020-04-10,Secondary School,"(4025731.6327861375, 2945976.6300406978)",25cc921a4f644c38a2d8b098fc6717e1,17,School,a45f77b9bec34197a454891f3b59c3ff,24,School
6828,04/10/2020T10:00:00 ,2020-04-10,Shop,"(4041394.0455010775, 2944086.237169109)",24d9cdd78fb84104ba2d57cd7e7255c2,56,Work,984d43f9bbf0404894a5121fd69c5298,40,Work
6828,04/10/2020T10:00:00 ,2020-04-10,Shop,"(4041394.0455010775, 2944086.237169109)",a7a1a128aaee47e788c371351449e09b,36,Work,24fdb6ed21ba4dee8c9fcbed5e1ff403,35,Work
6828,04/10/2020T10:00:00 ,2020-04-10,Hospital,"(4058154.76725065, 2949603.507869995)",33bfd7994b534279ae132a43cfec545e,42,Work,f2aba369e23e423aba1c2fb9e592a789,44,Work
6829,04/10/2020T10:10:00 ,2020-04-10,Shop,"(4061132.6588792657, 2950252.969120565)",9663a92700ce41ea82fd79b267597202,35,Work,c7e22a9ea84740edb6800137eb48f5a6,39,Work
6830,04/10/2020T10:20:00 ,2020-04-10,Hospital,"(4026830.549424994, 2957052.0152650787)",ee2a617bc76a47f3afa0bf3c84d6c3b5,33,Work,84773e462ed443d5a694cd4c1cd0d248,56,Work
6831,04/10/2020T10:30:00 ,2020-04-10,Shop,"(4041394.0455010775, 2944086.237169109)",a351d7ae5aeb4cb498f2cefd1a2eb0a1,54,Shop,978f2ae803ae4a1cbc2bfd3d934a467f,43,Work
6832,04/10/2020T10:40:00 ,2020-04-10,Hospital,"(4058154.76725065, 2949603.507869995)",6c884001dfe44e09a0190892f88ffc8b,81,Medical,7e28a86658d544cd85e97a19b0e5ed12,47,Work
6834,04/10/2020T11:00:00 ,2020-04-10,Hospital,"(4058154.76725065, 2949603.507869995)",6c92df5440a0468a90fda3630aeee413,23,Work,ca0e1ffb3bb944ce8c244bb8a9adfcc6,51,Work
6834,04/10/2020T11:00:00 ,2020-04-10,Hospital,"(4041018.9862266188, 2978524.81136002)",780b93f8009d47d596bdffeb8462228d,53,Work,329877db8b4b47d89efc058130487176,34,Work
6834,04/10/2020T11:00:00 ,2020-04-10,Secondary School,"(4034683.76488532, 2947950.22012564)",291cd7e09d614a698d3e523664b5a83a,17,School,dd68e1cdd9774ab2961d81c29075718e,18,School
6835,04/10/2020T11:10:00 ,2020-04-10,Shop,"(4061132.6588792657, 2950252.969120565)",79337881a9dd443096668bcd09faf966,51,Work,ce71485943ed443781978b699d7f49f1,40,Work
6835,04/10/2020T11:10:00 ,2020-04-10,Secondary School,"(4035707.7409694637, 2940460.9147072453)",a3e781d4e4f3432e853cb1965eec07f6,14,School,bed38f92429b43de9570cb6b220648f0,29,School
6835,04/10/2020T11:10:00 ,2020-04-10,Secondary School,"(4039217.2555629266, 2951517.9840602893)",9c48a53615c94088a2fe47e7461e8dbb,12,School,e9bad12619e64b318ff77dcd5da0690a,28,School
6840,04/10/2020T12:00:00 ,2020-04-10,Secondary School,"(4034404.417465693, 2942685.048007)",e606f40c6a3f4015a7c4aa2c2545404c,16,School,2f4f3de93e7f4ab28695f65f1a24a3ff,19,School
6841,04/10/2020T12:10:00 ,2020-04-10,Shop,"(4061132.6588792657, 2950252.969120565)",8955f4e9eb6e408f9717ea013bdf6707,45,Work,21f203c797fd4227954147ff267b4c18,28,Work
6841,04/10/2020T12:10:00 ,2020-04-10,Shop,"(4041394.0455010775, 2944086.237169109)",0d37df4f587d49d0beb717b96af72910,58,Work,8925f2fd5ece4ec0b10aad9d12af90e1,51,Work
6842,04/10/2020T12:20:00 ,2020-04-10,Shop,"(4061132.6588792657, 2950252.969120565)",fae2b94bf8e6404b9a3548025b9f4205,66,Shop,b57b6f9f06fe4196828a3342674b21e5,20,Work
6843,04/10/2020T12:30:00 ,2020-04-10,Hospital,"(4058154.76725065, 2949603.507869995)",5c297ce82ce04cd593211f76c420142d,25,Work,2545badd6d64481d8de37195b08e2a32,25,Work
6844,04/10/2020T12:40:00 ,2020-04-10,Shop,"(4041394.0455010775, 2944086.237169109)",f4091d5080234881b95e1dac79364ed2,1,Shop,d5d5d62f66c44165a349629ebd8e93f3,63,Work
6845,04/10/2020T12:50:00 ,2020-04-10,Hospital,"(4026830.549424994, 2957052.0152650787)",6ee56901e3ad489f8de4c9d85d7525be,39,Work,d03e9c0be3694a678262c02966bb180f,93,Visit
6846,04/10/2020T13:00:00 ,2020-04-10,Hospital,"(4041018.9862266188, 2978524.81136002)",c2d077ec053142ff91e221a8ffcc51b6,23,Work,08da8800cb5448b88937139ba705d101,26,Work
6848,04/10/2020T13:20:00 ,2020-04-10,Shop,"(4041394.0455010775, 2944086.237169109)",03de618aedf24f459f2f89666808928f,40,Work,4a70c49f30d847a380f99611ed32ed0d,29,Work
6848,04/10/2020T13:20:00 ,2020-04-10,Hospital,"(4026830.549424994, 2957052.0152650787)",b7963f63c33e41ce9a862644202d9b9b,37,Work,8dc275ff99844528baae83bb24785dab,49,Work
6848,04/10/2020T13:20:00 ,2020-04-10,Secondary School,"(4028941.945504558, 2972528.6090870015)",1b628bda12e140cab7cfcbc70acc2d4d,22,School,ce005d56d65749178a2a535b91fb3fa8,15,School
6851,04/10/2020T13:50:00 ,2020-04-10,Shop,"(4061132.6588792657, 2950252.969120565)",378cad45b0454f0187ed8f890119c3af,47,Work,21f203c797fd4227954147ff267b4c18,28,Work
6852,04/10/2020T14:00:00 ,2020-04-10,Public Transport,"(4051352.552281523, 2952207.300132583)",da8680da68814f349cfb181e41e3b79e,18,Public Transport,a52b1dfd107141d4bcf8e78f8162d7cb,46,Public Transport
6852,04/10/2020T14:00:00 ,2020-04-10,Hospital,"(4026830.549424994, 2957052.0152650787)",415458ab7924451fa5a8bc88a0422994,29,Work,528b210f570e41b2a340c860faefe73a,36,Work
6853,04/10/2020T14:10:00 ,2020-04-10,Hospital,"(4026830.549424994, 2957052.0152650787)",10ebb840d1b94ec6bfc9ac1f8c8227ab,51,Work,512eaf8047264b6e87b1a1b3ad9ba77f,63,Work
6855,04/10/2020T14:30:00 ,2020-04-10,Shop,"(4061132.6588792657, 2950252.969120565)",6a6d9d33063047a5946b680c51c7ba1e,55,Work,2fcc945519354642bd04ddb32886f395,38,Work
6856,04/10/2020T14:40:00 ,2020-04-10,Public Transport,"(4041876.1986164837, 2952870.438339071)",640de048be0841358cf1460264ca507a,80,Public Transport,3d0f481abefb453ab6436cbc2e133728,12,Public Transport
6857,04/10/2020T14:50:00 ,2020-04-10,Shop,"(4041394.0455010775, 2944086.237169109)",b3a0000fc4f24365a69e8f52c32fe257,45,Work,b13fbd31f2634d4896f568ea90bbaf88,41,Work
6857,04/10/2020T14:50:00 ,2020-04-10,Hospital,"(4058154.76725065, 2949603.507869995)",00ef628f95a04601bb839f2a1e4ac8f2,54,Work,8ad63c85b8f5496189d1f58dc36f6200,74,House
6863,04/10/2020T15:50:00 ,2020-04-10,Hospital,"(4058154.76725065, 2949603.507869995)",e435720141aa405fa8a9793dd48c1bb5,39,Work,ea88ecca89b94a37a340dbd6843d7837,89,House
6863,04/10/2020T15:50:00 ,2020-04-10,Hospital,"(4041018.9862266188, 2978524.81136002)",65712003f4034fc799feaa4ce9f7e1dd,22,Work,67e259fb09d3455982c5e501df936f1d,25,Work
6863,04/10/2020T15:50:00 ,2020-04-10,Hospital,"(4026830.549424994, 2957052.0152650787)",c0aa9545099141bcb9acb3facd5d091e,24,Work,f2e8457bfab9454c9ab900742663798b,95,House
6864,04/10/2020T16:00:00 ,2020-04-10,Hospital,"(4058154.76725065, 2949603.507869995)",9f12b24695df4b769635f51d44eb27de,54,Work,414f245f03fa404bbe05656a85727bdd,45,Work
6865,04/10/2020T16:10:00 ,2020-04-10,Shop,"(4039783.835461351, 2973536.658573533)",da9d65a69454499cbcbffa1382a85225,20,Shop,822b404166d14d1da4659b507f3477dc,39,Work
6866,04/10/2020T16:20:00 ,2020-04-10,Shop,"(4061132.6588792657, 2950252.969120565)",46444e3107034e7d8fec365b24111457,26,Work,210edeff650347aebc2c3d3a1f9aae07,33,Work
6866,04/10/2020T16:20:00 ,2020-04-10,Hospital,"(4026830.549424994, 2957052.0152650787)",14577107a66c45578cb8e57171619d67,46,Medical,a50491556eaf4f95b5a19a81d08fc792,31,Work
6867,04/10/2020T16:30:00 ,2020-04-10,Hospital,"(4058154.76725065, 2949603.507869995)",5ba549b9ecd84635931279ece7efbd7d,60,Work,735a777375424c2490a18e0478d6713c,31,Work
6867,04/10/2020T16:30:00 ,2020-04-10,Hospital,"(4041018.9862266188, 2978524.81136002)",f2ed3dd4595a429989e3b37bc0faf8cf,45,Work,b0fab05d1204426bafad046b8f1c09ad,33,Work
6867,04/10/2020T16:30:00 ,2020-04-10,Hospital,"(4041018.9862266188, 2978524.81136002)",063ffa1e85744467947519977e52eaf3,38,Work,e2c833aafcab4b61b1e4d80e03547723,33,Work
6868,04/10/2020T16:40:00 ,2020-04-10,Shop,"(4061132.6588792657, 2950252.969120565)",4926407eaaac4153a7fda3cf210747a2,31,Work,c8bf9d6c96b648ebb9e9256fec027e5a,47,Work
6868,04/10/2020T16:40:00 ,2020-04-10,Shop,"(4026138.8109881002, 2945851.965113407)",e102421f23c64656befb8c2572e9c3e9,27,Shop,54673c8f9eeb415c848963c229676756,48,Work
6868,04/10/2020T16:40:00 ,2020-04-10,Hospital,"(4041018.9862266188, 2978524.81136002)",706f2a9c468b40f980d4f1be232e569c,39,Work,6ff562a71ea5449f9bb94c3a740651d3,56,Car
6871,04/10/2020T17:10:00 ,2020-04-10,Hospital,"(4058154.76725065, 2949603.507869995)",1e2c3e1da3e44daeb1309dbfb7e0c31a,29,Work,eafd425cef6e4526a38a9f8ceef7ea93,35,Work
6894,04/10/2020T21:00:00 ,2020-04-10,House,"(4039217.4917815863, 2950912.332610777)",6ace2c0a5afe4aae8aecd6b941a19b53,20,House,17f19f586ead4ee081013972c1b4e1d3,14,House
6910,04/10/2020T23:40:00 ,2020-04-10,House,"(4036894.6064854776, 2937723.2853481)",9e9c8383926c47a39ff01506eb6ff5ff,28,House,bed38f92429b43de9570cb6b220648f0,29,House
6917,04/11/2020T00:50:00 ,2020-04-11,House,"(4024366.719522734, 2944496.204665381)",c38a9d5f21db4b7d83e20f5950e9462c,27,House,3d6af830dbc24a2fb4f8f4d2c1feeb88,52,House
6924,04/11/2020T02:00:00 ,2020-04-11,House,"(4050178.9530444364, 2953443.6337069958)",46874be6f00a4f758030d3ddd04db6d9,60,House,ef202ee3cec74a6fba634cc91ba23f96,16,House
6930,04/11/2020T03:00:00 ,2020-04-11,House,"(4040042.0980138713, 3010596.213806494)",001148afc389401aa08f4a13cb872847,7,House,88509b748ae14df5b5942189bc444946,43,House
6952,04/11/2020T06:40:00 ,2020-04-11,House,"(4023935.216973597, 2961315.5082549527)",d0de7dc46df847359e08feee67e70b31,21,House,ba5fa0132cc349b0aad9c6bafdfb436d,58,House
6959,04/11/2020T07:50:00 ,2020-04-11,Public Transport,"(4043116.9448100002, 2952700.929486109)",0f383a6b02d34220a6790a328d4c7b12,4,Public Transport,ee9a8c86675745c89817c51a1a7e7821,17,Public Transport
6959,04/11/2020T07:50:00 ,2020-04-11,Public Transport,"(4031592.6727100364, 2982318.4008925967)",bfd8fa53040c4003996db12b6d51c358,2,Public Transport,a45f77b9bec34197a454891f3b59c3ff,24,Public Transport
6961,04/11/2020T08:10:00 ,2020-04-11,Public Transport,"(4022010.3350774194, 2951860.1301128822)",bdf21c7629e549eea045584c415791e0,45,Public Transport,210edeff650347aebc2c3d3a1f9aae07,33,Public Transport
6962,04/11/2020T08:20:00 ,2020-04-11,Public Transport,"(4042482.348163943, 2949298.4847822934)",6441e3bd49a24568aed0e753acb62759,23,Public Transport,859b14861e5747ac8bd987bff73afdbd,47,Public Transport
6962,04/11/2020T08:20:00 ,2020-04-11,Hospital,"(4058154.76725065, 2949603.507869995)",1cf795982cd64eee9832c1450dc3d925,45,Work,ea88ecca89b94a37a340dbd6843d7837,89,House
6966,04/11/2020T09:00:00 ,2020-04-11,Shop,"(4041394.0455010775, 2944086.237169109)",2a76982bbbfe4f84b5cc0603f46db8db,42,Work,98313ee6747f4b289c341ada0840b5a8,32,Work
6966,04/11/2020T09:00:00 ,2020-04-11,Secondary School,"(4038231.4573233607, 2941585.605677152)",3afe1188ae11462386a4101757c105a3,12,School,7d8920144688421ab479cbdd1d4ff22e,24,School
6968,04/11/2020T09:20:00 ,2020-04-11,Secondary School,"(4045969.233886082, 2943140.9300204823)",c3eced53dd4f45808e8df7bc4ff447f9,14,School,08c5e609250a4ab58d802cad4fc3e369,14,School
6969,04/11/2020T09:30:00 ,2020-04-11,Shop,"(4041394.0455010775, 2944086.237169109)",aca1b5daeed34ee1bb5d23d521f71b8d,71,Shop,9a3a9c2fc83d481783e08c83d0c1813b,57,Work
6969,04/11/2020T09:30:00 ,2020-04-11,Hospital,"(4041018.9862266188, 2978524.81136002)",fd36fd21ae8b46be8b8c7bed3d08cc58,62,Work,67e259fb09d3455982c5e501df936f1d,25,Work
6969,04/11/2020T09:30:00 ,2020-04-11,Hospital,"(4041018.9862266188, 2978524.81136002)",2e5e888980724620b51651f42d907777,60,Medical,6ed1c1cc07a44bbcb8b5766da155c80d,28,Work
6970,04/11/2020T09:40:00 ,2020-04-11,Hospital,"(4058154.76725065, 2949603.507869995)",1a8aa38090e4408084e72233ec957c49,62,Medical,29d32196c8504ce9bbb9f846055db25c,32,Work
6971,04/11/2020T09:50:00 ,2020-04-11,Hospital,"(4058154.76725065, 2949603.507869995)",96bd224fced04f3d8e138caafd13ea24,50,Medical,f953968a0e9849b6885cfd526fd4d2b0,19,Work
6972,04/11/2020T10:00:00 ,2020-04-11,Shop,"(4026138.8109881002, 2945851.965113407)",290624c96b244640a980eed750a891db,77,Shop,54673c8f9eeb415c848963c229676756,48,Work
6973,04/11/2020T10:10:00 ,2020-04-11,House,"(4038578.289512344, 2937728.1172874584)",7d93ce92667249609af2cdadea0a7ad6,80,House,9d4a50c11e3040588cc868088064eee2,62,Work
6973,04/11/2020T10:10:00 ,2020-04-11,Secondary School,"(4033512.2757793837, 2937085.895240092)",01a67db435744435bf206e8f693aea23,17,School,9d10c1b5c7d04e7da7ff4509146f9c04,53,Work
6974,04/11/2020T10:20:00 ,2020-04-11,Secondary School,"(4034404.417465693, 2942685.048007)",31977fee13544f0488351d7d8261012d,13,School,3079d30c8606422e8409ca320a7105c8,17,School
6975,04/11/2020T10:30:00 ,2020-04-11,Secondary School,"(4034683.76488532, 2947950.22012564)",7c8702c53f4c448797c371a5b389502a,15,School,52102d2dbe6a4632b7adaaf86d5fbff6,13,School
6977,04/11/2020T10:50:00 ,2020-04-11,Shop,"(4061132.6588792657, 2950252.969120565)",ec4e415afa604353be05a0aa27610578,25,Work,3264511697c34ca8bf6e305218862db2,58,Work
6977,04/11/2020T10:50:00 ,2020-04-11,Hospital,"(4058154.76725065, 2949603.507869995)",55f8ed05065348a285215fba72b85274,33,Work,a30d4fc0b40940f89544404e7ae872c9,51,Work
6978,04/11/2020T11:00:00 ,2020-04-11,Hospital,"(4058154.76725065, 2949603.507869995)",288d40b2f3c748ffa6e83bc26f3decdb,47,Work,33bfd7994b534279ae132a43cfec545e,42,Work
6978,04/11/2020T11:00:00 ,2020-04-11,Hospital,"(4026830.549424994, 2957052.0152650787)",bd7a89bda1ed4a698e765c15a74c6864,0,Medical,512eaf8047264b6e87b1a1b3ad9ba77f,63,Work
6979,04/11/2020T11:10:00 ,2020-04-11,Shop,"(4041394.0455010775, 2944086.237169109)",43719618cfe34b89806d9f02c107715b,65,Shop,7ca40bc0032d4de0a25bda21f310ae4c,37,Work
6979,04/11/2020T11:10:00 ,2020-04-11,Hospital,"(4041018.9862266188, 2978524.81136002)",751f8b02fd2944b6ba5419677f6e0988,58,Work,7f88b391c28a4ca696c1b84811211689,59,Work
6979,04/11/2020T11:10:00 ,2020-04-11,Hospital,"(4026830.549424994, 2957052.0152650787)",bd14b4482e4a49bbae8cedf90de0852c,30,Work,d9ac23e6aa6848ed815b8ab9fb16180e,58,Work
6982,04/11/2020T11:40:00 ,2020-04-11,Hospital,"(4041018.9862266188, 2978524.81136002)",bd7196c28446464e97f20a4962e90102,46,Work,7f88b391c28a4ca696c1b84811211689,59,Work
6983,04/11/2020T11:50:00 ,2020-04-11,Shop,"(4041394.0455010775, 2944086.237169109)",0d22744d8a394a1f86dfdc876635bf55,54,Shop,1b5def06c22e4735981363c1a320c2c8,44,Work
6985,04/11/2020T12:10:00 ,2020-04-11,Hospital,"(4026830.549424994, 2957052.0152650787)",944bfe57e2ee482784c7827fd0e1987d,58,Work,d03e9c0be3694a678262c02966bb180f,93,Visit
6988,04/11/2020T12:40:00 ,2020-04-11,Hospital,"(4041018.9862266188, 2978524.81136002)",3e231b7621ee4716b6b0e0aa01fef560,59,Medical,e51b4c94f5d74d22a9079552a649b756,35,Work
6991,04/11/2020T13:10:00 ,2020-04-11,House,"(4048688.9665547363, 2973977.0096466234)",f4948fe421a241ebbee2b1d9ef7cf759,55,Work,13115b1c04784597b25fe4605b1d579e,54,Visit
6993,04/11/2020T13:30:00 ,2020-04-11,Hospital,"(4058154.76725065, 2949603.507869995)",aadac1b77df2446388ea980fef830613,28,Work,eef14bb1adde453f8c719552fe4480e8,46,Work
6997,04/11/2020T14:10:00 ,2020-04-11,Shop,"(4061132.6588792657, 2950252.969120565)",e8bfb575bbf94d9880c56a1c4f9813d4,39,Work,ce71485943ed443781978b699d7f49f1,40,Work
6997,04/11/2020T14:10:00 ,2020-04-11,Hospital,"(4026830.549424994, 2957052.0152650787)",1698d08d5a964f469f18a866f8a79947,56,Work,512eaf8047264b6e87b1a1b3ad9ba77f,63,Work
6997,04/11/2020T14:10:00 ,2020-04-11,Secondary School,"(4034404.417465693, 2942685.048007)",d50fd8add7c543e79c0c128f2583dbdf,19,School,f61a355214e44a4faaa6505de689062c,30,School
7000,04/11/2020T14:40:00 ,2020-04-11,Hospital,"(4058154.76725065, 2949603.507869995)",35a381a6baea415694c3970f4d58407c,37,Work,b16d28ac6b1d41d0bbb292e68a2c1690,22,Work
7001,04/11/2020T14:50:00 ,2020-04-11,Hospital,"(4026830.549424994, 2957052.0152650787)",c215f20bb42b4832ba324cdc3daf379e,57,Work,78eb40622da9417489a0fb3eb220213f,36,Work
7003,04/11/2020T15:10:00 ,2020-04-11,Public Transport,"(4031592.6727100364, 2982318.4008925967)",9e29337446aa4ac5920ba8610330e8f7,19,Public Transport,e91f6eb50c8b458eb98ea0f4c7ae9592,6,Public Transport
7003,04/11/2020T15:10:00 ,2020-04-11,Hospital,"(4058154.76725065, 2949603.507869995)",594b5f75f7c545429d3e7b901175e02c,43,Work,c392631d6b60451d89d0e4ae85b75b51,36,Work
7006,04/11/2020T15:40:00 ,2020-04-11,Shop,"(4061132.6588792657, 2950252.969120565)",1dcdd2b73f424b10aeb1acad19dc9361,36,Work,ce4a8f5415174a4789542a052de0de24,48,Work
7006,04/11/2020T15:40:00 ,2020-04-11,Hospital,"(4026830.549424994, 2957052.0152650787)",35e0507968ce469e9d98e9a01bef7a36,43,Work,1c30c1174910447dab181273909e912c,51,Medical
7010,04/11/2020T16:20:00 ,2020-04-11,Shop,"(4061132.6588792657, 2950252.969120565)",9936962518e84fd593c90062048657f8,32,Work,9959380df9e94b249ef53ad90f45f5f3,27,Work
7011,04/11/2020T16:30:00 ,2020-04-11,Shop,"(4041394.0455010775, 2944086.237169109)",d8d90674ef5d496488bf2670050a260c,22,Work,c3ba242e8a0345e5bd79f792d49e1a1d,47,Work
7011,04/11/2020T16:30:00 ,2020-04-11,Shop,"(4041394.0455010775, 2944086.237169109)",bb0495a30a154998b0d8c791ddb7637d,4,Shop,8925f2fd5ece4ec0b10aad9d12af90e1,51,Work
7012,04/11/2020T16:40:00 ,2020-04-11,Shop,"(4026138.8109881002, 2945851.965113407)",7bfc88f93e03460288b294204070c803,43,Work,7c2383713e59439fa0841c631db4e5b8,19,Work
7015,04/11/2020T17:10:00 ,2020-04-11,Hospital,"(4041018.9862266188, 2978524.81136002)",2e7734a2a02449638103e5f14df6f4dc,26,Work,73ed76562c414744943bf1923798dae2,52,Work
7029,04/11/2020T19:30:00 ,2020-04-11,Shop,"(4026138.8109881002, 2945851.965113407)",3497f7633af446499ef4b75032f1a442,32,Shop,44f3b68c3d084cb29fd6825e4f7144e2,37,Work
7042,04/11/2020T21:40:00 ,2020-04-11,House,"(4039890.829299781, 2978902.9320547893)",a9be5940039246f899fcb0a721c58c19,42,House,da9d65a69454499cbcbffa1382a85225,20,House
7059,04/12/2020T00:30:00 ,2020-04-12,House,"(4041044.503807032, 2950851.0552830114)",696979b6504241afa837d3c75ba62560,31,House,d9e462afd5484933af6102bffdd9ef5c,41,House
7067,04/12/2020T01:50:00 ,2020-04-12,House,"(4031812.3947899593, 2957349.041221799)",e6cf320087404dec844834f946332273,61,House,3840903b715a45989b234607e410e4a2,47,House
7072,04/12/2020T02:40:00 ,2020-04-12,House,"(4041003.692351803, 2989558.644698034)",a1b25257983c4d7f8a5e8a6b82e4919d,40,House,1b5def06c22e4735981363c1a320c2c8,44,Visit
7106,04/12/2020T08:20:00 ,2020-04-12,House,"(4029194.3045196463, 2939683.394228344)",9aae82a8507140e3bef55f3c0d3a094a,65,House,f54ec263d7da45ad8cd16dcf85facbb1,73,House
7112,04/12/2020T09:20:00 ,2020-04-12,House,"(4059968.7782760537, 2966287.1942322254)",5d0fa374bcaa4e55a8e785f4ac043630,64,House,859b14861e5747ac8bd987bff73afdbd,47,House
7132,04/12/2020T12:40:00 ,2020-04-12,House,"(4035641.679971022, 2952150.1849290403)",234cb2ec5f5d44f88b9ae741eca0e5fc,29,House,49ea715f154340fba739475ff3b61e47,52,House
7137,04/12/2020T13:30:00 ,2020-04-12,Public Transport,"(4041085.375778497, 2964686.579071202)",868503f54eb044b780d52a8db40b0560,65,Public Transport,ee9a8c86675745c89817c51a1a7e7821,17,Public Transport
7164,04/12/2020T18:00:00 ,2020-04-12,House,"(4040285.556544359, 2979223.3988390504)",cf96848a46114d77be47dad6cea1eb30,22,Shop,29d32196c8504ce9bbb9f846055db25c,32,House
7170,04/12/2020T19:00:00 ,2020-04-12,Public Transport,"(4041243.414597047, 2943996.0044400296)",5a69d717c6ce40ff93918cde31652f48,26,Public Transport,7d8920144688421ab479cbdd1d4ff22e,24,Public Transport
7185,04/12/2020T21:30:00 ,2020-04-12,Hospital,"(4026830.549424994, 2957052.0152650787)",0fe4aa6dd23f42cc857ef25f87be357b,28,Work,eddb22071dab4ff7a235d338ba1855d1,95,House
7191,04/12/2020T22:30:00 ,2020-04-12,House,"(4061076.1614944944, 2963886.971652624)",8f274d15815944c190741fc1f1381f23,6,House,d0e2d80f2db84926bbfc032b1ea023d7,12,House
7213,04/13/2020T02:10:00 ,2020-04-13,Public Transport,"(4029684.463103126, 2939399.926118276)",beb191ee92d6408fa58589da550274a5,1,Public Transport,9511821ee8234cdd911bfe78a4528e46,10,Public Transport
7216,04/13/2020T02:40:00 ,2020-04-13,Public Transport,"(4029684.463103126, 2939399.926118276)",bc1be3599621476a8b4f077a300f6656,2,Public Transport,7d8920144688421ab479cbdd1d4ff22e,24,Public Transport
7218,04/13/2020T03:00:00 ,2020-04-13,Public Transport,"(4029684.463103126, 2939399.926118276)",0d11f9e408124c78b81aca912171b559,12,Public Transport,314d6e1d9e524f038814e33b4cb84d29,28,Public Transport
7247,04/13/2020T07:50:00 ,2020-04-13,House,"(4029430.6147988522, 2939374.7093162313)",f22d4af60605438b8482a4e9ec687881,54,House,063ffa1e85744467947519977e52eaf3,38,House
7249,04/13/2020T08:10:00 ,2020-04-13,House,"(4041748.4754697317, 2997997.2121881885)",6db552c8caed4de0a3cbd219b82e1575,39,House,450a27cf33fe47f7a9bf6f06349b4982,63,House
7262,04/13/2020T10:20:00 ,2020-04-13,House,"(4042908.6758384225, 2953930.6327144713)",598e6a7130354330ad552a8a25db440e,61,House,00a6624376e6488bbeee0ba0604bb386,0,House
7283,04/13/2020T13:50:00 ,2020-04-13,Hospital,"(4041018.9862266188, 2978524.81136002)",456bf3f2306a4040858e92c0bb255c58,27,Work,82eeddae639e49a2bbe6264bf13c2c7d,93,Visit
7316,04/13/2020T19:20:00 ,2020-04-13,House,"(4046746.1754023116, 2944666.669161062)",e16a5c7fcea048a0907f3812fb17aaee,17,House,9f12b24695df4b769635f51d44eb27de,54,House
7318,04/13/2020T19:40:00 ,2020-04-13,House,"(4022697.3171223574, 2977544.300569327)",ebe7a7739cba45a2af596a3a38b5d0ec,9,House,d259de3cef0848cbae8ebc51362e8ebb,38,House
7377,04/14/2020T05:30:00 ,2020-04-14,House,"(4058343.7587370984, 2948397.7406554613)",e67eb4c9dc594c89bc572da003bd2232,1,House,c3eced53dd4f45808e8df7bc4ff447f9,14,House
7384,04/14/2020T06:40:00 ,2020-04-14,House,"(4022056.1709516, 2969421.445396431)",837088a3bff148e99c9eb05741a68d64,11,House,b3d53998e98e43cf97a3aecc5134163a,37,House
7389,04/14/2020T07:30:00 ,2020-04-14,Public Transport,"(4038281.399280606, 2937959.49727595)",f37bb57009184f039384ed276ffb52b8,7,Public Transport,25cc921a4f644c38a2d8b098fc6717e1,17,Public Transport
7396,04/14/2020T08:40:00 ,2020-04-14,Hospital,"(4058154.76725065, 2949603.507869995)",ed313afcb281483ba7f9ee1738e43c2a,47,Work,e8f7ddd93faf42068c8b57e296118a79,43,Work
7397,04/14/2020T08:50:00 ,2020-04-14,Hospital,"(4041018.9862266188, 2978524.81136002)",66894a05999f42929ee0207dd03a4518,39,Work,bed38f92429b43de9570cb6b220648f0,29,School
7398,04/14/2020T09:00:00 ,2020-04-14,Hospital,"(4041018.9862266188, 2978524.81136002)",9aac77fb5c5c4703986126259f01564c,53,Work,d56fd4db0f214ca89a78f00d24e68ae1,59,Work
7401,04/14/2020T09:30:00 ,2020-04-14,Shop,"(4061132.6588792657, 2950252.969120565)",2e278376cd0b4598a8bb4ca8b0ef6eb8,49,Work,e2b1b0a9c6e7421496e28a12c171a90d,42,Work
7401,04/14/2020T09:30:00 ,2020-04-14,Hospital,"(4058154.76725065, 2949603.507869995)",2dbde6ead36a485595731d12841d3938,45,Work,4a7ee227ec6a4b12bfac8904e7b8e83f,62,Work
7401,04/14/2020T09:30:00 ,2020-04-14,Hospital,"(4041018.9862266188, 2978524.81136002)",df428d013eac4aeabfd47cee72983c17,47,Work,bed38f92429b43de9570cb6b220648f0,29,School
7402,04/14/2020T09:40:00 ,2020-04-14,Hospital,"(4058154.76725065, 2949603.507869995)",e868eac6ecca44cb8aa155a685603b9f,50,Work,94c316196daf498790b1bed14e4c2510,41,Work
7403,04/14/2020T09:50:00 ,2020-04-14,Hospital,"(4041018.9862266188, 2978524.81136002)",430e9009524e42bdab92c60baee04e18,13,Medical,9cbe32640e7d40e3a9671aec0a2604ed,40,Work
7405,04/14/2020T10:10:00 ,2020-04-14,Hospital,"(4058154.76725065, 2949603.507869995)",02e620ff5952473591197814a4bdb918,14,Medical,88c12b849c3c4ac893639109888ae5ec,64,Work
7409,04/14/2020T10:50:00 ,2020-04-14,Hospital,"(4026830.549424994, 2957052.0152650787)",55301cdbde6849f29cac8cd3e8a597f5,57,Work,e3a7fc26683d46039fcf9ec028fffa93,56,Work
7415,04/14/2020T11:50:00 ,2020-04-14,Secondary School,"(4033512.2757793837, 2937085.895240092)",be0c367cc0724820bee05c3b23f79e66,24,School,9d10c1b5c7d04e7da7ff4509146f9c04,53,Work
7416,04/14/2020T12:00:00 ,2020-04-14,Shop,"(4061132.6588792657, 2950252.969120565)",e5eda10896394cfb8b6b79536ca6de49,31,Work,9936962518e84fd593c90062048657f8,32,Work
7419,04/14/2020T12:30:00 ,2020-04-14,Shop,"(4041394.0455010775, 2944086.237169109)",e44f9317716c4121a6c7c5babf47cc8a,38,Shop,2a76982bbbfe4f84b5cc0603f46db8db,42,Work
7420,04/14/2020T12:40:00 ,2020-04-14,Hospital,"(4041018.9862266188, 2978524.81136002)",5ec295a045db49ba900c7521ec3de15f,32,Work,bed38f92429b43de9570cb6b220648f0,29,School
7422,04/14/2020T13:00:00 ,2020-04-14,Shop,"(4061132.6588792657, 2950252.969120565)",2035778cbc9d4d1484d1340bc2e0ea6a,26,Work,8955f4e9eb6e408f9717ea013bdf6707,45,Work
7425,04/14/2020T13:30:00 ,2020-04-14,Hospital,"(4026830.549424994, 2957052.0152650787)",415c39ae5743430381d517be8c8e32b9,50,Work,8493114e1c1b4a5a8f06ec6d2e77b3c5,54,Work
7432,04/14/2020T14:40:00 ,2020-04-14,Hospital,"(4058154.76725065, 2949603.507869995)",3ffbaa94a8d14632bcab74e13f190277,50,Work,c399fcebe412400f84aa5e2ec2efd90a,27,Work
7433,04/14/2020T14:50:00 ,2020-04-14,Secondary School,"(4034404.417465693, 2942685.048007)",82e40a48eec341d7bfc63cf59f93edd3,16,School,ee9a8c86675745c89817c51a1a7e7821,17,School
7435,04/14/2020T15:10:00 ,2020-04-14,Shop,"(4061132.6588792657, 2950252.969120565)",977c166fcc42492994153ed8b52730c3,13,Shop,d2b0e3016b434b71ae4069ebc57ab975,48,Work
7435,04/14/2020T15:10:00 ,2020-04-14,House,"(4068471.913289383, 2961960.4232938197)",0d74cac046074902a4b58dc8efe229c5,70,House,dac1a6d91bd84e06a84dbb8d29c2c319,71,House
7436,04/14/2020T15:20:00 ,2020-04-14,Shop,"(4061132.6588792657, 2950252.969120565)",6f9251336e904c0a889d1113f8344eb8,83,Shop,d2b0e3016b434b71ae4069ebc57ab975,48,Work
7436,04/14/2020T15:20:00 ,2020-04-14,Hospital,"(4026830.549424994, 2957052.0152650787)",472c45d9e9a84bed8ed158edce3b681e,48,Work,84773e462ed443d5a694cd4c1cd0d248,56,Work
7439,04/14/2020T15:50:00 ,2020-04-14,Hospital,"(4026830.549424994, 2957052.0152650787)",fcf590a958fa4dbeacf74be2a0403c71,55,Work,a72f56660719452ab88fda791f73ef37,59,House
7446,04/14/2020T17:00:00 ,2020-04-14,Public Transport,"(4023004.560588982, 2941966.050978414)",f3160611d42842b0965937333a834c5b,9,Public Transport,ac4fb7d47ec94040a2fb583f40307245,10,Public Transport
7459,04/14/2020T19:10:00 ,2020-04-14,Hospital,"(4058154.76725065, 2949603.507869995)",28c519203adf4b989b9e81e25c4c612d,52,Medical,98527b176e5c4ec580d4c699267945aa,57,Work
7468,04/14/2020T20:40:00 ,2020-04-14,House,"(4027705.8566249576, 2940675.5195897915)",24ab1b2a5bdd4c7ca94ef03e35ce1bec,32,House,9e29337446aa4ac5920ba8610330e8f7,19,House
7494,04/15/2020T01:00:00 ,2020-04-15,House,"(4061076.1614944944, 2963886.971652624)",1b0b154fb60b47e69df27f8bcb1c00e6,21,House,d0e2d80f2db84926bbfc032b1ea023d7,12,House
7495,04/15/2020T01:10:00 ,2020-04-15,House,"(4042250.215486543, 2957352.3194208434)",1c6eab0e229e4819a2e5a677b78f78cc,58,House,dfcb68d64e554f7bb2e5d20d80cb971a,4,House
7499,04/15/2020T01:50:00 ,2020-04-15,House,"(4039100.4278511945, 3008019.2942524333)",53be99be76784ebbaa2cde2253a6e840,57,House,42c76516c61d423fb298678a6d95f3d2,36,House
7539,04/15/2020T08:30:00 ,2020-04-15,Public Transport,"(4042009.4061732213, 2947720.8904849095)",5afebac7d117451bbdba677bd701742a,54,Public Transport,752a4b103cca4d7d8aa091ecb7dab83a,33,Public Transport
7545,04/15/2020T09:30:00 ,2020-04-15,Hospital,"(4058154.76725065, 2949603.507869995)",4baa300bf73c4eb3acda0c3e2885532d,55,Medical,94c316196daf498790b1bed14e4c2510,41,Work
7545,04/15/2020T09:30:00 ,2020-04-15,House,"(4039297.435285816, 2951545.1439732406)",2492acc0e149485e9ba02a60e4c43021,12,House,6c884001dfe44e09a0190892f88ffc8b,81,House
7547,04/15/2020T09:50:00 ,2020-04-15,Hospital,"(4041018.9862266188, 2978524.81136002)",f013b25991f74ed6b23ac65f71f7cdf8,19,Medical,7f88b391c28a4ca696c1b84811211689,59,Work
7547,04/15/2020T09:50:00 ,2020-04-15,Secondary School,"(4045969.233886082, 2943140.9300204823)",4a990df3c6d94ece9774247856fb9d6a,18,School,b1bf844be6fe41678b5ce05b66c55fa4,15,School
7549,04/15/2020T10:10:00 ,2020-04-15,Shop,"(4041394.0455010775, 2944086.237169109)",8d66097ba3fb417481d5ee9f7b4db3c6,83,Shop,d9e462afd5484933af6102bffdd9ef5c,41,Work
7549,04/15/2020T10:10:00 ,2020-04-15,Secondary School,"(4033512.2757793837, 2937085.895240092)",0784fd6ea5e3406cb16ad7cede497b2a,14,School,9d10c1b5c7d04e7da7ff4509146f9c04,53,Work
7554,04/15/2020T11:00:00 ,2020-04-15,Hospital,"(4026830.549424994, 2957052.0152650787)",730377ab4032402cb84cc61d30021e61,50,Work,99d19470ac434a2fbd5382245454f54a,63,Medical
7554,04/15/2020T11:00:00 ,2020-04-15,Secondary School,"(4034683.76488532, 2947950.22012564)",d1f16d96f2e84884982307119f1e19f5,15,School,52102d2dbe6a4632b7adaaf86d5fbff6,13,School
7558,04/15/2020T11:40:00 ,2020-04-15,Hospital,"(4026830.549424994, 2957052.0152650787)",1c4b27fc525c4685ae58970aab2ced61,46,Work,4a48dffe3b3f492892575e8475dfa772,64,House
7567,04/15/2020T13:10:00 ,2020-04-15,Hospital,"(4058154.76725065, 2949603.507869995)",33fd3c72b67843abb489c6c3b993dc98,52,Work,e8f7ddd93faf42068c8b57e296118a79,43,Work
7571,04/15/2020T13:50:00 ,2020-04-15,Hospital,"(4026830.549424994, 2957052.0152650787)",cb3db9c4c8ae4dca9eee5be2650c4ee5,38,Work,512eaf8047264b6e87b1a1b3ad9ba77f,63,Work
7571,04/15/2020T13:50:00 ,2020-04-15,Hospital,"(4026830.549424994, 2957052.0152650787)",3200f38308d847759360734adb9db9d2,26,Work,509eebc327534c74a1273d09537704d5,57,Work
7577,04/15/2020T14:50:00 ,2020-04-15,Shop,"(4041394.0455010775, 2944086.237169109)",5976152ec4b64114b92fdba9f5702462,86,Shop,5b792e2d14cb4aefba999868259b0d64,25,Work
7580,04/15/2020T15:20:00 ,2020-04-15,Shop,"(4061132.6588792657, 2950252.969120565)",e5772feeb1e84c06bf2463354c264b2b,8,Shop,d2b0e3016b434b71ae4069ebc57ab975,48,Work
7583,04/15/2020T15:50:00 ,2020-04-15,Shop,"(4026991.2832101346, 2942599.5477669244)",604b74126cbd42cca3174c5bb9c5caf8,54,Work,3d6af830dbc24a2fb4f8f4d2c1feeb88,52,Shop
7583,04/15/2020T15:50:00 ,2020-04-15,Hospital,"(4026830.549424994, 2957052.0152650787)",3fbdfea44cd04ec1b5bc4fdd3bf3b91e,24,Work,a50491556eaf4f95b5a19a81d08fc792,31,Work
7587,04/15/2020T16:30:00 ,2020-04-15,Hospital,"(4041018.9862266188, 2978524.81136002)",605de91031b54465a633bdb7e2eb7f25,40,Medical,1fea43d6d25945d8bdd294f8f60a50cf,25,Work
7590,04/15/2020T17:00:00 ,2020-04-15,Hospital,"(4026830.549424994, 2957052.0152650787)",99d634f4f329479480d7c551b60c1434,49,Work,8493114e1c1b4a5a8f06ec6d2e77b3c5,54,Car
7591,04/15/2020T17:10:00 ,2020-04-15,Shop,"(4061132.6588792657, 2950252.969120565)",d105673128784afba6b8e0040bb037f7,49,Work,ab4f8d8339d74d98823674b8ef9edbd7,34,Work
7593,04/15/2020T17:30:00 ,2020-04-15,Shop,"(4061132.6588792657, 2950252.969120565)",32fff47c901e4932924d85f6b6c4324a,32,Work,1dcdd2b73f424b10aeb1acad19dc9361,36,Work
7594,04/15/2020T17:40:00 ,2020-04-15,Public Transport,"(4032014.7496139314, 2955139.8543019854)",89f9cf401cfd40e5b0fd403d06959020,19,Public Transport,0f383a6b02d34220a6790a328d4c7b12,4,Public Transport
7599,04/15/2020T18:30:00 ,2020-04-15,Shop,"(4061132.6588792657, 2950252.969120565)",845484aa2390420a8f0c1a7f6b75ec91,63,Shop,e2b1b0a9c6e7421496e28a12c171a90d,42,Work
7599,04/15/2020T18:30:00 ,2020-04-15,House,"(4026221.890287295, 2945634.7434892803)",9fab9175865a4d45b2bc7efafe18f4e0,54,House,dbab0d6a649a4ba5aa35b53340ca8375,15,House
7611,04/15/2020T20:30:00 ,2020-04-15,House,"(4039899.2720342013, 2941021.347868401)",f5068e7a486447a2b17f7d8d8fb4076e,34,House,0c5b9de50a0147ff809f4ba162801d20,44,House
7629,04/15/2020T23:30:00 ,2020-04-15,House,"(4042354.738876182, 2949595.264297373)",68a458d80f3e42d39ab0d54f1a04b4c8,80,House,1a142c2f0f114b2aa6914db5bed698fc,65,House
7657,04/16/2020T04:10:00 ,2020-04-16,House,"(4026221.890287295, 2945634.7434892803)",b532a2a0b2fb479c9dda4e9cf6f9b41f,12,House,dbab0d6a649a4ba5aa35b53340ca8375,15,House
7661,04/16/2020T04:50:00 ,2020-04-16,House,"(4042237.70094388, 2942412.1130871368)",5d0072641ac343ba8eb7967ff1f1b5f3,24,House,43719618cfe34b89806d9f02c107715b,65,House
7679,04/16/2020T07:50:00 ,2020-04-16,Public Transport,"(4041800.6143451845, 2950018.435206454)",6294880a04024113ab90de71188e41cf,0,Public Transport,da8680da68814f349cfb181e41e3b79e,18,Public Transport
7686,04/16/2020T09:00:00 ,2020-04-16,Secondary School,"(4028941.945504558, 2972528.6090870015)",ab9e1a8228d44b128ca709f7d370eebf,19,School,73771ebf1f324d039ebb0438a1098f5d,33,School
7688,04/16/2020T09:20:00 ,2020-04-16,Secondary School,"(4025731.6327861375, 2945976.6300406978)",798105d2109f4858972659c3630949a5,21,School,25cc921a4f644c38a2d8b098fc6717e1,17,School
7689,04/16/2020T09:30:00 ,2020-04-16,Secondary School,"(4028941.945504558, 2972528.6090870015)",072d7e24d6b0469cac250641c8c3886a,15,School,1cf80bbc3a454ddfa6111906a3938f3f,16,School
7689,04/16/2020T09:30:00 ,2020-04-16,House,"(4033022.7716578757, 2954390.2845898997)",3cf1bb563a1d410cb67c77b27c09753b,34,House,bfd8fa53040c4003996db12b6d51c358,2,School
7690,04/16/2020T09:40:00 ,2020-04-16,Secondary School,"(4035707.7409694637, 2940460.9147072453)",82e179835af345cc97d3e0778f449235,13,School,734c516be5bf4ba689cb7163cb9a5010,28,School
7691,04/16/2020T09:50:00 ,2020-04-16,Secondary School,"(4035707.7409694637, 2940460.9147072453)",b329c69538d14131a872ef0505a57f5e,29,School,a3e781d4e4f3432e853cb1965eec07f6,14,School
7692,04/16/2020T10:00:00 ,2020-04-16,Shop,"(4026138.8109881002, 2945851.965113407)",974444d6f40441f694de7ff1e5a5738d,53,Shop,7bfc88f93e03460288b294204070c803,43,Work
7694,04/16/2020T10:20:00 ,2020-04-16,Secondary School,"(4034404.417465693, 2942685.048007)",04a076d8444d4ce2b21098421afda93f,26,School,e606f40c6a3f4015a7c4aa2c2545404c,16,School
7702,04/16/2020T11:40:00 ,2020-04-16,Shop,"(4041394.0455010775, 2944086.237169109)",ad068982ce834dba8e5bf4855c476ee8,58,Shop,75e619decdab49d08e79a85edc69648a,35,Work
7703,04/16/2020T11:50:00 ,2020-04-16,Shop,"(4041394.0455010775, 2944086.237169109)",f0f3235e8865476981b5cb8a2a8c7ef7,52,Shop,5b792e2d14cb4aefba999868259b0d64,25,Work
7714,04/16/2020T13:40:00 ,2020-04-16,Secondary School,"(4033512.2757793837, 2937085.895240092)",f55fb2a6f914433894db9b1e73d049e2,17,School,9d10c1b5c7d04e7da7ff4509146f9c04,53,Work
7715,04/16/2020T13:50:00 ,2020-04-16,Shop,"(4026138.8109881002, 2945851.965113407)",de534d60b40a4e25bc39e5c3c499085a,43,Work,44f3b68c3d084cb29fd6825e4f7144e2,37,Work
7715,04/16/2020T13:50:00 ,2020-04-16,Hospital,"(4041018.9862266188, 2978524.81136002)",2de1d89fc3374681b68cbbb5d3215ba4,41,Work,d259de3cef0848cbae8ebc51362e8ebb,38,Work
7720,04/16/2020T14:40:00 ,2020-04-16,Hospital,"(4041018.9862266188, 2978524.81136002)",df75e2ac31b14095ab14721e801651e8,36,Work,4071746840124d3e92b32f03613aa4dc,28,Work
7724,04/16/2020T15:20:00 ,2020-04-16,Shop,"(4061132.6588792657, 2950252.969120565)",b49b053ef4e949c89736285094d4136a,25,Work,28c26fb2336f4a6faad0c56cb29e4334,36,Work
7733,04/16/2020T16:50:00 ,2020-04-16,Shop,"(4061132.6588792657, 2950252.969120565)",e293cde455da4124bf348cbbc9f1980f,32,Work,9663a92700ce41ea82fd79b267597202,35,Work
7741,04/16/2020T18:10:00 ,2020-04-16,Hospital,"(4058154.76725065, 2949603.507869995)",41c403df040e4b86a4113b5536168f08,46,Work,b16d28ac6b1d41d0bbb292e68a2c1690,22,Car
7753,04/16/2020T20:10:00 ,2020-04-16,House,"(4036282.6806719163, 2937850.701677666)",6987d0af7e6049269428d964b2357d70,14,House,2992f4b863ae4e67a80a7e5d6b8c7f57,23,House
7756,04/16/2020T20:40:00 ,2020-04-16,House,"(4050791.8944505993, 2960521.9190400043)",b913503dc1764e46b2e1f58c727c240c,53,House,bdf21c7629e549eea045584c415791e0,45,House
7756,04/16/2020T20:40:00 ,2020-04-16,House,"(4030465.3593331967, 2943635.0782076265)",16a0b0a91d0a4cf891b9db58b0ac8c63,38,House,3497f7633af446499ef4b75032f1a442,32,Restaurant
7766,04/16/2020T22:20:00 ,2020-04-16,Hospital,"(4026830.549424994, 2957052.0152650787)",622f278b947d4115a61f3dfbbd7fa730,41,Work,8493114e1c1b4a5a8f06ec6d2e77b3c5,54,Restaurant
7782,04/17/2020T01:00:00 ,2020-04-17,House,"(4058343.7587370984, 2948397.7406554613)",3162895c9b3b4c2b9c33b8dd11fd10a3,7,House,c3eced53dd4f45808e8df7bc4ff447f9,14,House
7799,04/17/2020T03:50:00 ,2020-04-17,House,"(4027705.8566249576, 2940675.5195897915)",bf35f64788394e46bbf812c2e07bc771,42,House,9e29337446aa4ac5920ba8610330e8f7,19,House
7819,04/17/2020T07:10:00 ,2020-04-17,Public Transport,"(4067786.0391697367, 2960739.7706048805)",55e37d18747d4058b6ec093f86a50074,0,Public Transport,e606f40c6a3f4015a7c4aa2c2545404c,16,Public Transport
7819,04/17/2020T07:10:00 ,2020-04-17,Shop,"(4041394.0455010775, 2944086.237169109)",8e2100cdcdc74713886b57144ffe4b76,43,Work,2225e7a2ffa64b8cb36cd024fd024b63,42,Work
7827,04/17/2020T08:30:00 ,2020-04-17,Secondary School,"(4034404.417465693, 2942685.048007)",2400acf9434b453087968915ef960795,18,School,31977fee13544f0488351d7d8261012d,13,School
7830,04/17/2020T09:00:00 ,2020-04-17,Secondary School,"(4034404.417465693, 2942685.048007)",0d094921d78e496a8c7e31def3f1667b,33,Work,d50fd8add7c543e79c0c128f2583dbdf,19,School
7830,04/17/2020T09:00:00 ,2020-04-17,Secondary School,"(4025731.6327861375, 2945976.6300406978)",61e38832c3d4413ebc547e57da71c694,14,School,dbab0d6a649a4ba5aa35b53340ca8375,15,School
7832,04/17/2020T09:20:00 ,2020-04-17,Secondary School,"(4028941.945504558, 2972528.6090870015)",9834ba5b6ccd4b08bde24afa6e6ab6db,13,School,73771ebf1f324d039ebb0438a1098f5d,33,School
7833,04/17/2020T09:30:00 ,2020-04-17,House,"(4057658.537062508, 2943678.7886372227)",b5fc046919264e379cdbab99ad1e62df,77,House,6f9251336e904c0a889d1113f8344eb8,83,House
7834,04/17/2020T09:40:00 ,2020-04-17,Hospital,"(4026830.549424994, 2957052.0152650787)",bba94add55e04949ac54de7db3ce69d3,37,Work,caada3e54e644222b26c7416e1bbe417,32,Work
7834,04/17/2020T09:40:00 ,2020-04-17,Secondary School,"(4035707.7409694637, 2940460.9147072453)",cc65d9912dc940d294f7bd1ea1f2e57e,17,School,94cf118ba30f488c859a167b823fbf4a,14,School
7835,04/17/2020T09:50:00 ,2020-04-17,Secondary School,"(4034404.417465693, 2942685.048007)",8b1a9cb3aebe4ab989832d021a66414f,15,School,45f3317f0f1149f3bed461dfa66fa701,21,Work
7840,04/17/2020T10:40:00 ,2020-04-17,Hospital,"(4026830.549424994, 2957052.0152650787)",4a4f1bd7bdaa4695b2324fc4a3088e62,36,Work,6ee56901e3ad489f8de4c9d85d7525be,39,Work
7840,04/17/2020T10:40:00 ,2020-04-17,Hospital,"(4026830.549424994, 2957052.0152650787)",9a11809e555b43b9b296e244d52154d8,33,Work,6d43c317ca2c4459bc1894719b98dd17,92,House
7841,04/17/2020T10:50:00 ,2020-04-17,House,"(4040564.4456951353, 2978158.0264902026)",9e9c475b02b545af9107867821a70943,41,Work,01761be56c0544778d911842551642d7,16,House
7843,04/17/2020T11:10:00 ,2020-04-17,Shop,"(4042994.92543417, 2946187.582974226)",fdc6aa868d404ef1b2c921130fd5b3b2,51,Work,e44f9317716c4121a6c7c5babf47cc8a,38,Shop
7845,04/17/2020T11:30:00 ,2020-04-17,Hospital,"(4058154.76725065, 2949603.507869995)",ef88285457b24cfcabf266a8b6bbd45a,36,Work,3d6af830dbc24a2fb4f8f4d2c1feeb88,52,Car
7849,04/17/2020T12:10:00 ,2020-04-17,Secondary School,"(4035707.7409694637, 2940460.9147072453)",ef035a56a48d47cdb6f97ef8f7c9e5cb,18,School,94cf118ba30f488c859a167b823fbf4a,14,School
7851,04/17/2020T12:30:00 ,2020-04-17,Hospital,"(4026830.549424994, 2957052.0152650787)",02a18d64a4734d9d8698cec80e64ccf0,46,Work,509eebc327534c74a1273d09537704d5,57,Shop
7857,04/17/2020T13:30:00 ,2020-04-17,Hospital,"(4026830.549424994, 2957052.0152650787)",3a6d8680216d494b86f7cb017797fd33,38,Medical,18bb50ea53ac4355bbfae1382adc146b,52,Work
7859,04/17/2020T13:50:00 ,2020-04-17,House,"(4039517.7279175017, 2953452.469008933)",c4f52ae5cf8347df80ec920bae0d14f5,30,Work,96bd224fced04f3d8e138caafd13ea24,50,Work
7861,04/17/2020T14:10:00 ,2020-04-17,Shop,"(4036243.708444864, 2938891.6628846903)",79a887d6ff1940e5a0b53e09dcabeb09,37,Work,9a6e59614ddf4a8784740ca6dc306a11,63,Shop
7864,04/17/2020T14:40:00 ,2020-04-17,Hospital,"(4041018.9862266188, 2978524.81136002)",0dc844f941ec4438bba764a76c5605ac,33,Work,2e7734a2a02449638103e5f14df6f4dc,26,Work
7864,04/17/2020T14:40:00 ,2020-04-17,Secondary School,"(4033512.2757793837, 2937085.895240092)",36e9f4d84c56473aa62fbc49c149b153,38,School,9d10c1b5c7d04e7da7ff4509146f9c04,53,Work
7865,04/17/2020T14:50:00 ,2020-04-17,Shop,"(4061132.6588792657, 2950252.969120565)",eafd81edb59b4c2a9f42db84952aac7d,48,Work,8955f4e9eb6e408f9717ea013bdf6707,45,Work
7865,04/17/2020T14:50:00 ,2020-04-17,Shop,"(4061132.6588792657, 2950252.969120565)",859b9437217f4e829e7a0d0eba02b056,56,Work,46444e3107034e7d8fec365b24111457,26,Work
7868,04/17/2020T15:20:00 ,2020-04-17,Hospital,"(4026830.549424994, 2957052.0152650787)",2751cae496d2402a9e71a3235eaef179,29,Work,78eb40622da9417489a0fb3eb220213f,36,Work
7870,04/17/2020T15:40:00 ,2020-04-17,Public Transport,"(4024895.3494374324, 2946892.2063024715)",32d44af1d76e4e8d98865d312201ad39,7,Public Transport,2de1d89fc3374681b68cbbb5d3215ba4,41,Public Transport
7893,04/17/2020T19:30:00 ,2020-04-17,House,"(4042436.547722393, 2957968.4901382965)",c008de96e6ce418b946ea7b808b10b40,36,House,f6b7deff415a4492a77ce7d06a2770d6,71,House
7897,04/17/2020T20:10:00 ,2020-04-17,House,"(4027331.9942604695, 2967325.9445904996)",2641a02a749c477aab763de8f4a13b24,70,House,640de048be0841358cf1460264ca507a,80,House
7897,04/17/2020T20:10:00 ,2020-04-17,House,"(4067067.00136563, 2960681.4877789747)",701f3bd0cbaf4553b481cfffe08112c9,64,House,e606f40c6a3f4015a7c4aa2c2545404c,16,House
7930,04/18/2020T01:40:00 ,2020-04-18,House,"(4037806.7949908795, 2939186.321504761)",9c7129bc6ae64f78baec15fc25e06144,31,House,94cf118ba30f488c859a167b823fbf4a,14,House
7943,04/18/2020T03:50:00 ,2020-04-18,House,"(4030465.3593331967, 2943635.0782076265)",8415e302d4b8471d8b1b2823eb159cf3,43,House,3497f7633af446499ef4b75032f1a442,32,House
7979,04/18/2020T09:50:00 ,2020-04-18,Secondary School,"(4025731.6327861375, 2945976.6300406978)",032eb022d39244b3abd4a7e6f7183161,26,School,25cc921a4f644c38a2d8b098fc6717e1,17,School
7984,04/18/2020T10:40:00 ,2020-04-18,Shop,"(4041394.0455010775, 2944086.237169109)",9275e182619f44d7a6a90ca17c779088,45,Work,5b792e2d14cb4aefba999868259b0d64,25,Work
7985,04/18/2020T10:50:00 ,2020-04-18,Secondary School,"(4034683.76488532, 2947950.22012564)",f5a5af2b7e914a2480ac555fb6120fc7,19,School,d1f16d96f2e84884982307119f1e19f5,15,School
7987,04/18/2020T11:10:00 ,2020-04-18,Shop,"(4042994.92543417, 2946187.582974226)",e9c4c8b89b7740119a2f9dc54f3fbdaf,73,Shop,e44f9317716c4121a6c7c5babf47cc8a,38,Shop
7989,04/18/2020T11:30:00 ,2020-04-18,Secondary School,"(4021067.5865666224, 2945966.831732044)",5b6b51044f6149c69dec234eb34d3016,16,School,314d6e1d9e524f038814e33b4cb84d29,28,School
7989,04/18/2020T11:30:00 ,2020-04-18,Secondary School,"(4038231.4573233607, 2941585.605677152)",3228926ec54a47c4997cd98a3e6624aa,14,School,3afe1188ae11462386a4101757c105a3,12,School
7990,04/18/2020T11:40:00 ,2020-04-18,Shop,"(4042994.92543417, 2946187.582974226)",806534db3f564c7593d76c98e4f44e7b,1,Shop,e44f9317716c4121a6c7c5babf47cc8a,38,Shop
7990,04/18/2020T11:40:00 ,2020-04-18,Hospital,"(4026830.549424994, 2957052.0152650787)",15575f0d2a9d46949a26761ed830032e,37,Work,8493114e1c1b4a5a8f06ec6d2e77b3c5,54,Work
7999,04/18/2020T13:10:00 ,2020-04-18,House,"(4033619.100301007, 2976534.431241783)",66d18537b99b4995b431162b82b5688d,17,House,605de91031b54465a633bdb7e2eb7f25,40,Work
8001,04/18/2020T13:30:00 ,2020-04-18,House,"(4022458.9900343684, 2946776.757979425)",135a9d1a3d5e4e929753c924220ec23f,14,House,307e6ed1d20342e0b77384bafd2856ed,42,House
8004,04/18/2020T14:00:00 ,2020-04-18,Shop,"(4026138.8109881002, 2945851.965113407)",57c9e1d4765f4af98b9fab19f5f1927c,30,Work,de534d60b40a4e25bc39e5c3c499085a,43,Work
8005,04/18/2020T14:10:00 ,2020-04-18,Secondary School,"(4035707.7409694637, 2940460.9147072453)",0209763b63524208ad28b546585e4577,13,School,2992f4b863ae4e67a80a7e5d6b8c7f57,23,School
8006,04/18/2020T14:20:00 ,2020-04-18,Hospital,"(4058154.76725065, 2949603.507869995)",28b5e3f4cba2480c957d282b4794e165,38,Work,e8f7ddd93faf42068c8b57e296118a79,43,Work
8008,04/18/2020T14:40:00 ,2020-04-18,House,"(4056145.4171298947, 2938228.700497124)",e07806f1cb924763ae68e0f504d809a8,77,House,fae2b94bf8e6404b9a3548025b9f4205,66,House
8009,04/18/2020T14:50:00 ,2020-04-18,Public Transport,"(4037275.5135096665, 2937274.1112926602)",cef7f9ecced24c1da022ec7ca997be67,13,Public Transport,5d3a4b92820f4cb687f26c6e96ecdf0d,15,Public Transport
8009,04/18/2020T14:50:00 ,2020-04-18,Secondary School,"(4025731.6327861375, 2945976.6300406978)",38bbd35a826a403b84d1f997cdbf9fd1,12,School,dbab0d6a649a4ba5aa35b53340ca8375,15,School
8010,04/18/2020T15:00:00 ,2020-04-18,Hospital,"(4041018.9862266188, 2978524.81136002)",ea0d5bdcca0e44c5a328af0725b98066,61,Work,2de1d89fc3374681b68cbbb5d3215ba4,41,Work
8010,04/18/2020T15:00:00 ,2020-04-18,House,"(4042908.6758384225, 2953930.6327144713)",73e4007590ac4ed2bc049c19c74c23a2,46,Work,598e6a7130354330ad552a8a25db440e,61,House
8020,04/18/2020T16:40:00 ,2020-04-18,Hospital,"(4058154.76725065, 2949603.507869995)",cb050fbfcd13410fb5f30e90bc80984c,49,Medical,307e6ed1d20342e0b77384bafd2856ed,42,Medical
8045,04/18/2020T20:50:00 ,2020-04-18,House,"(4044609.7635100144, 2948749.1123815877)",466e8079f05340c5ac830678862e7b44,18,House,94c316196daf498790b1bed14e4c2510,41,House
8049,04/18/2020T21:30:00 ,2020-04-18,House,"(4049199.453610221, 2957123.4689599113)",a53bd44cde454b6c8145419cf1e85112,13,House,7da5e58bc9af4292b5daa3756e65603a,2,House
8050,04/18/2020T21:40:00 ,2020-04-18,Public Transport,"(4034067.68312492, 2938295.8503218237)",a8eb3f5ed98f44779960418ca2197e8c,9,Public Transport,c2d077ec053142ff91e221a8ffcc51b6,23,Public Transport
8051,04/18/2020T21:50:00 ,2020-04-18,House,"(4039404.0282181776, 2941028.377372545)",69a5cc4d0d384fa782a50cccfbfe5ec0,11,House,f0f3235e8865476981b5cb8a2a8c7ef7,52,House
8064,04/19/2020T00:00:00 ,2020-04-19,House,"(4058343.7587370984, 2948397.7406554613)",4e5e0c911e9e4095843eac52a12cafbc,7,House,c3eced53dd4f45808e8df7bc4ff447f9,14,House
8067,04/19/2020T00:30:00 ,2020-04-19,House,"(4061826.557915076, 2964727.8634396703)",dd6dee77bc284a6ca0e402fa2b61d41d,36,House,82e40a48eec341d7bfc63cf59f93edd3,16,House
8071,04/19/2020T01:10:00 ,2020-04-19,House,"(4030465.3593331967, 2943635.0782076265)",dec862175b574189b5eb97fbf4a2b966,22,House,3497f7633af446499ef4b75032f1a442,32,House
8111,04/19/2020T07:50:00 ,2020-04-19,House,"(4042908.6758384225, 2953930.6327144713)",9039c48005824259910dc540a3ca5446,13,House,598e6a7130354330ad552a8a25db440e,61,House
8157,04/19/2020T15:30:00 ,2020-04-19,Shop,"(4033851.8912494984, 2976917.6760204625)",c87f406cbca24377a325ee17ed5dffef,43,Shop,0dc844f941ec4438bba764a76c5605ac,33,Shop
8158,04/19/2020T15:40:00 ,2020-04-19,Shop,"(4029109.205171004, 2939252.736938075)",912b7cfa20ae477cb4f03648ae5dcdb2,61,Shop,974444d6f40441f694de7ff1e5a5738d,53,Shop
8158,04/19/2020T15:40:00 ,2020-04-19,House,"(4035740.4775017533, 2968408.0884768837)",f0146caf14e049c88071a7295b2b335a,36,Work,0d11f9e408124c78b81aca912171b559,12,Work
8181,04/19/2020T19:30:00 ,2020-04-19,House,"(4025898.1200777483, 2969085.1299189776)",cad09fa59f6246419e191a80d3d91d7c,12,Visit,0dac1d33a5e640188728a6f77afb5bda,8,House
8212,04/20/2020T00:40:00 ,2020-04-20,House,"(4035641.679971022, 2952150.1849290403)",de66eb13b4974463b1c0e066f23867ad,24,House,234cb2ec5f5d44f88b9ae741eca0e5fc,29,House
8215,04/20/2020T01:10:00 ,2020-04-20,Public Transport,"(4029684.463103126, 2939399.926118276)",dcfe73e8556f416daf221e560f2f158d,5,Public Transport,32fff47c901e4932924d85f6b6c4324a,32,Public Transport
8225,04/20/2020T02:50:00 ,2020-04-20,Public Transport,"(4029684.463103126, 2939399.926118276)",01757a81c7ba4f18b4d2e65ee5f71579,12,Public Transport,7d8920144688421ab479cbdd1d4ff22e,24,Public Transport
8231,04/20/2020T03:50:00 ,2020-04-20,House,"(4026191.795402947, 2941895.717025602)",9a55c876c7804378a33794dcc985302d,47,House,0c7af3d92c2a438bb257c030eda443a5,16,House
8261,04/20/2020T08:50:00 ,2020-04-20,House,"(4030465.3593331967, 2943635.0782076265)",7e9b6eea07fd4665b1474f41506e055a,48,House,8415e302d4b8471d8b1b2823eb159cf3,43,Work
8290,04/20/2020T13:40:00 ,2020-04-20,House,"(4036368.745957705, 2979399.2607236844)",b3f3b071318040dc8d03be0ceaab9405,15,House,f013b25991f74ed6b23ac65f71f7cdf8,19,House
8305,04/20/2020T16:10:00 ,2020-04-20,House,"(4041031.288825468, 2951007.0744114663)",d6e3cfc906204a34bd94e61ad5be0581,64,House,03de618aedf24f459f2f89666808928f,40,House
8340,04/20/2020T22:00:00 ,2020-04-20,House,"(4039297.435285816, 2951545.1439732406)",8934068f141e4d419e405199e347109d,11,House,2492acc0e149485e9ba02a60e4c43021,12,House
8396,04/21/2020T07:20:00 ,2020-04-21,House,"(4033619.100301007, 2976534.431241783)",864c81d8e6b649039dfc0cb90385a37a,42,House,605de91031b54465a633bdb7e2eb7f25,40,House
8403,04/21/2020T08:30:00 ,2020-04-21,Hospital,"(4058154.76725065, 2949603.507869995)",8e14e1b901014eb8942f6fc9fdb7ae51,29,Work,7da5e58bc9af4292b5daa3756e65603a,2,Work
8404,04/21/2020T08:40:00 ,2020-04-21,Hospital,"(4041018.9862266188, 2978524.81136002)",70c1314003a34f02a35576a155c65ccb,55,Work,82eeddae639e49a2bbe6264bf13c2c7d,93,House
8404,04/21/2020T08:40:00 ,2020-04-21,Secondary School,"(4035707.7409694637, 2940460.9147072453)",5417adbd65884d61af6a374b7b53cc86,16,School,ef035a56a48d47cdb6f97ef8f7c9e5cb,18,School
8406,04/21/2020T09:00:00 ,2020-04-21,Hospital,"(4058154.76725065, 2949603.507869995)",4c0dc654d6544db28c60308ec3fc64a7,42,Work,6f4e7f4294fc4ad3b8eda09e925c1679,94,House
8407,04/21/2020T09:10:00 ,2020-04-21,Secondary School,"(4035707.7409694637, 2940460.9147072453)",d26d4e06bec1477a879b44e4ea4eece3,13,School,2992f4b863ae4e67a80a7e5d6b8c7f57,23,School
8408,04/21/2020T09:20:00 ,2020-04-21,Secondary School,"(4038231.4573233607, 2941585.605677152)",9df7bf1afcc24387a5786a38f6500d70,16,School,7d8920144688421ab479cbdd1d4ff22e,24,School
8409,04/21/2020T09:30:00 ,2020-04-21,Secondary School,"(4025731.6327861375, 2945976.6300406978)",96f275417e46438cace159e58b02c5d0,24,School,61e38832c3d4413ebc547e57da71c694,14,School
8410,04/21/2020T09:40:00 ,2020-04-21,Hospital,"(4058154.76725065, 2949603.507869995)",b9bcb0ee123043fe9431859773ae55d3,64,Medical,98527b176e5c4ec580d4c699267945aa,57,Work
8417,04/21/2020T10:50:00 ,2020-04-21,Hospital,"(4058154.76725065, 2949603.507869995)",c133019028424798a9c98c0c14c0d94f,39,Work,3d6af830dbc24a2fb4f8f4d2c1feeb88,52,Car
8429,04/21/2020T12:50:00 ,2020-04-21,Hospital,"(4058154.76725065, 2949603.507869995)",f69e0e9e72484907bb2f0349d8721b8f,40,Work,6f4e7f4294fc4ad3b8eda09e925c1679,94,House
8437,04/21/2020T14:10:00 ,2020-04-21,Hospital,"(4026830.549424994, 2957052.0152650787)",7480785e4c3f49aabd7fa6421a6e1c59,46,Work,ca24db3794af403c94fc4a7c8c25fffc,87,House
8447,04/21/2020T15:50:00 ,2020-04-21,Public Transport,"(4026688.2080823784, 2942398.3588190917)",c060482c246e481f9e834723cff7e88e,13,Public Transport,89f9cf401cfd40e5b0fd403d06959020,19,Public Transport
8458,04/21/2020T17:40:00 ,2020-04-21,House,"(4045914.606038907, 2940539.330363307)",3474c26ea2f24612a0db453582c0fa95,42,House,ef035a56a48d47cdb6f97ef8f7c9e5cb,18,House
8509,04/22/2020T02:10:00 ,2020-04-22,House,"(4063665.7448275546, 2957873.838526482)",6fb5732d6be34427848899dc13d547aa,56,House,4baa300bf73c4eb3acda0c3e2885532d,55,House
8542,04/22/2020T07:40:00 ,2020-04-22,Public Transport,"(4039991.5913693206, 2951200.803095812)",35eef6424e3b4e009013b47db773493f,0,Public Transport,0784fd6ea5e3406cb16ad7cede497b2a,14,Public Transport
8547,04/22/2020T08:30:00 ,2020-04-22,House,"(4042354.738876182, 2949595.264297373)",61913e5bcaa842a896eccaab44c53486,2,School,68a458d80f3e42d39ab0d54f1a04b4c8,80,House
8548,04/22/2020T08:40:00 ,2020-04-22,Hospital,"(4026830.549424994, 2957052.0152650787)",ee7b26a300564e6f9d401edd35515ab6,69,Medical,415c39ae5743430381d517be8c8e32b9,50,Work
8549,04/22/2020T08:50:00 ,2020-04-22,Hospital,"(4041018.9862266188, 2978524.81136002)",1d40da29178249a2979ccdb554fe6ff3,29,Work,4fc9849564924b739864f690653ae124,79,House
8563,04/22/2020T11:10:00 ,2020-04-22,Secondary School,"(4035707.7409694637, 2940460.9147072453)",b367d77aca644a2790d05354e5b3bb92,14,School,0209763b63524208ad28b546585e4577,13,School
8567,04/22/2020T11:50:00 ,2020-04-22,Hospital,"(4041018.9862266188, 2978524.81136002)",99c203d2dd0842678b4b6b49738ef39e,48,Medical,a445c8aca4ee4065a192ef26401e0b84,46,Work
8568,04/22/2020T12:00:00 ,2020-04-22,Hospital,"(4041018.9862266188, 2978524.81136002)",0bd292f721424cf59d12bf38a7ff2f77,46,Work,df428d013eac4aeabfd47cee72983c17,47,Work
8581,04/22/2020T14:10:00 ,2020-04-22,Hospital,"(4026830.549424994, 2957052.0152650787)",9c80f2b93bc1434abe21938a4d66e8bd,53,Work,e8f1b5d8877b4877ae4be6fb710d7d03,68,House
8583,04/22/2020T14:30:00 ,2020-04-22,Hospital,"(4041018.9862266188, 2978524.81136002)",179a1eea0b7b4864b6070af5e882533f,34,Work,82eeddae639e49a2bbe6264bf13c2c7d,93,House
8615,04/22/2020T19:50:00 ,2020-04-22,House,"(4022035.4549443503, 2946195.656701823)",8dd56236161c47278426ed0ee2a4a509,31,House,2751cae496d2402a9e71a3235eaef179,29,House
8617,04/22/2020T20:10:00 ,2020-04-22,House,"(4040179.7007619436, 2976277.937254466)",36c1bbf2bd0d42bb9870629f31c19fb1,15,House,cb3db9c4c8ae4dca9eee5be2650c4ee5,38,House
8637,04/22/2020T23:30:00 ,2020-04-22,House,"(4026078.233150716, 2961615.866753784)",662f028013d947cba8019461e6a2595c,22,House,1cd4741ded7d40f1864dc0c80df46da3,33,House
8642,04/23/2020T00:20:00 ,2020-04-23,House,"(4022035.4549443503, 2946195.656701823)",49b5f45dc7de4f40ad891856f7b5b241,32,House,2751cae496d2402a9e71a3235eaef179,29,House
8683,04/23/2020T07:10:00 ,2020-04-23,House,"(4058343.7587370984, 2948397.7406554613)",41913abbec4e403abd4a250208ee49ae,34,Outdoor,4e5e0c911e9e4095843eac52a12cafbc,7,House
8693,04/23/2020T08:50:00 ,2020-04-23,Secondary School,"(4028941.945504558, 2972528.6090870015)",55b3454617b94ac6a19036c2837a1259,12,School,ab9e1a8228d44b128ca709f7d370eebf,19,School
8699,04/23/2020T09:50:00 ,2020-04-23,House,"(4042276.1898585353, 2978176.3130640294)",4af3cddc955345cb9fe412ecf5b8f66c,5,School,622f278b947d4115a61f3dfbbd7fa730,41,House
8700,04/23/2020T10:00:00 ,2020-04-23,House,"(4041044.503807032, 2950851.0552830114)",542d02c17e624be2bf1e4114e7086774,5,Work,696979b6504241afa837d3c75ba62560,31,Work
8702,04/23/2020T10:20:00 ,2020-04-23,Hospital,"(4041018.9862266188, 2978524.81136002)",0fa723b6875d4bd498697a71fc922d6a,50,Work,df428d013eac4aeabfd47cee72983c17,47,Work
8702,04/23/2020T10:20:00 ,2020-04-23,Hospital,"(4026830.549424994, 2957052.0152650787)",46c057deef28495d9711cbedc634d75e,49,Work,e8f1b5d8877b4877ae4be6fb710d7d03,68,House
8705,04/23/2020T10:50:00 ,2020-04-23,Hospital,"(4041018.9862266188, 2978524.81136002)",fba710fbc0ff496786fa3d9b054fdde5,61,Medical,d2aca8252fef4654acf10fd702e684e5,24,Work
8707,04/23/2020T11:10:00 ,2020-04-23,Secondary School,"(4025731.6327861375, 2945976.6300406978)",f0f8cd173e4e4a69bb2bec7c8ccfdbe9,12,School,96f275417e46438cace159e58b02c5d0,24,School
8709,04/23/2020T11:30:00 ,2020-04-23,Secondary School,"(4039217.2555629266, 2951517.9840602893)",02b0cb32dff74b8ca2a01587f5fae0ae,17,School,9039c48005824259910dc540a3ca5446,13,School
8724,04/23/2020T14:00:00 ,2020-04-23,Hospital,"(4026830.549424994, 2957052.0152650787)",eb6c05a12c354ec0b1e0378b82c2f034,22,Work,4a48dffe3b3f492892575e8475dfa772,64,Car
8729,04/23/2020T14:50:00 ,2020-04-23,Hospital,"(4026830.549424994, 2957052.0152650787)",8362872bcee44dfeabacdad89212a506,68,Work,3fbdfea44cd04ec1b5bc4fdd3bf3b91e,24,Work
8731,04/23/2020T15:10:00 ,2020-04-23,Secondary School,"(4034404.417465693, 2942685.048007)",1f0ad2201a26418396967b403b51ebe0,25,School,04a076d8444d4ce2b21098421afda93f,26,School
8735,04/23/2020T15:50:00 ,2020-04-23,Hospital,"(4026830.549424994, 2957052.0152650787)",8f4cc6dbe6004ca8ac7cda8cea44116b,56,Work,bba94add55e04949ac54de7db3ce69d3,37,Work
8749,04/23/2020T18:10:00 ,2020-04-23,House,"(4037886.6832355103, 2939294.31143815)",3b2c8d7dfc224fe6b3426b6537d4adc1,48,House,f4091d5080234881b95e1dac79364ed2,1,House
8786,04/24/2020T00:20:00 ,2020-04-24,House,"(4042354.738876182, 2949595.264297373)",2721b0a6b82e4f10bd5203b7caae3fd3,3,House,61913e5bcaa842a896eccaab44c53486,2,House
8794,04/24/2020T01:40:00 ,2020-04-24,House,"(4052550.909245672, 2979262.3664767914)",c5c96038ce4e460fba924d98cfc35c96,15,House,ef88285457b24cfcabf266a8b6bbd45a,36,House
8822,04/24/2020T06:20:00 ,2020-04-24,House,"(4030465.3593331967, 2943635.0782076265)",c1a8ed108f2941f4b8cd03033ecb1dc8,56,House,8415e302d4b8471d8b1b2823eb159cf3,43,Car
8836,04/24/2020T08:40:00 ,2020-04-24,Hospital,"(4026830.549424994, 2957052.0152650787)",35c8b7fbbd43421f8a2502b20cbbda6a,34,Work,2751cae496d2402a9e71a3235eaef179,29,Work
8843,04/24/2020T09:50:00 ,2020-04-24,Hospital,"(4026830.549424994, 2957052.0152650787)",573e6aecd4304ed4899cd0d079142df1,49,Work,2751cae496d2402a9e71a3235eaef179,29,Work
8846,04/24/2020T10:20:00 ,2020-04-24,Hospital,"(4041018.9862266188, 2978524.81136002)",df24c893ad814a8ebcc5b4243e62475a,30,Work,4fc9849564924b739864f690653ae124,79,Medical
8851,04/24/2020T11:10:00 ,2020-04-24,Shop,"(4026138.8109881002, 2945851.965113407)",3a354398e3f341439067a67506b3815c,47,Work,57c9e1d4765f4af98b9fab19f5f1927c,30,Work
8854,04/24/2020T11:40:00 ,2020-04-24,Hospital,"(4026830.549424994, 2957052.0152650787)",742ee43626934c2aabc3835836a6de7c,39,Work,78eb40622da9417489a0fb3eb220213f,36,Work
8856,04/24/2020T12:00:00 ,2020-04-24,Secondary School,"(4025731.6327861375, 2945976.6300406978)",29d64fa8d6e943fb86b485b7e5ff1758,16,School,96f275417e46438cace159e58b02c5d0,24,School
8859,04/24/2020T12:30:00 ,2020-04-24,Hospital,"(4026830.549424994, 2957052.0152650787)",0fb66b3eab854172a24b07a22cefef50,25,Work,9a11809e555b43b9b296e244d52154d8,33,Work
8860,04/24/2020T12:40:00 ,2020-04-24,House,"(4042140.0843570437, 2951429.111872526)",b3d5ead1d4c1444baf6f77f2a8d9fbcf,51,House,cb050fbfcd13410fb5f30e90bc80984c,49,House
8863,04/24/2020T13:10:00 ,2020-04-24,Medical,"(4044706.9278866155, 2980089.5638167458)",a2bbcf077e4f4d46821b001848d04b12,58,Work,dd6dee77bc284a6ca0e402fa2b61d41d,36,Work
8863,04/24/2020T13:10:00 ,2020-04-24,House,"(4027705.8566249576, 2940675.5195897915)",9a346dca4710467b8554746aaca5dba3,35,Work,24ab1b2a5bdd4c7ca94ef03e35ce1bec,32,Visit
8869,04/24/2020T14:10:00 ,2020-04-24,Hospital,"(4026830.549424994, 2957052.0152650787)",d24bbf43b36a4d9b853a498f03de049b,36,Work,88e51b6cf70542c99a2a71ced79bd134,76,Car
8974,04/25/2020T07:40:00 ,2020-04-25,Public Transport,"(4032333.807170898, 2982674.7978278752)",6fd654edc877488eb5fdb1b04684b3ef,17,Public Transport,82e179835af345cc97d3e0778f449235,13,Public Transport
8978,04/25/2020T08:20:00 ,2020-04-25,Hospital,"(4026830.549424994, 2957052.0152650787)",235dd314a04f4d58ad571498f748def4,47,Work,88e51b6cf70542c99a2a71ced79bd134,76,Car
8983,04/25/2020T09:10:00 ,2020-04-25,Secondary School,"(4035707.7409694637, 2940460.9147072453)",b1925caf70be4eaaa066933800036928,45,Work,cc65d9912dc940d294f7bd1ea1f2e57e,17,School
8986,04/25/2020T09:40:00 ,2020-04-25,Hospital,"(4026830.549424994, 2957052.0152650787)",7dd9c9a63de9419a82b07af258e95812,5,Medical,e3a7fc26683d46039fcf9ec028fffa93,56,Work
8999,04/25/2020T11:50:00 ,2020-04-25,Hospital,"(4041018.9862266188, 2978524.81136002)",10d824bc5e0b466babed1382fb2aa7ba,35,Work,a445c8aca4ee4065a192ef26401e0b84,46,Work
9013,04/25/2020T14:10:00 ,2020-04-25,House,"(4044876.398244301, 2952862.1267366116)",6eaa6229f17f476cbdd90ecc2bf08978,34,Work,806534db3f564c7593d76c98e4f44e7b,1,Restaurant
9014,04/25/2020T14:20:00 ,2020-04-25,Hospital,"(4026830.549424994, 2957052.0152650787)",16fde37e4e654db6be1bba049865843e,52,Medical,4a48dffe3b3f492892575e8475dfa772,64,Work
9030,04/25/2020T17:00:00 ,2020-04-25,House,"(4042908.6758384225, 2953930.6327144713)",50cb3b04c82248d1b4cd2187a5ef37aa,0,House,9039c48005824259910dc540a3ca5446,13,House
9105,04/26/2020T05:30:00 ,2020-04-26,House,"(4035734.607126301, 2951349.898870158)",7a26c262d0cc4c228a87862faf5a44ae,3,House,b367d77aca644a2790d05354e5b3bb92,14,House
9162,04/26/2020T15:00:00 ,2020-04-26,House,"(4047897.2239765557, 2985297.0525449007)",d933ecee7a8b4831b719f1c89c3f71f4,2,House,032eb022d39244b3abd4a7e6f7183161,26,House
9233,04/27/2020T02:50:00 ,2020-04-27,Public Transport,"(4029684.463103126, 2939399.926118276)",593e9977332445f3a7137ec7671851ed,11,Public Transport,01757a81c7ba4f18b4d2e65ee5f71579,12,Public Transport
9246,04/27/2020T05:00:00 ,2020-04-27,House,"(4040564.4456951353, 2978158.0264902026)",4b142fc82e224f599e7da2584d8a5abe,4,House,9e9c475b02b545af9107867821a70943,41,House
9306,04/27/2020T15:00:00 ,2020-04-27,Hospital,"(4026830.549424994, 2957052.0152650787)",ce0f54a6510842f6a01525f9702ee85d,57,Work,e8f1b5d8877b4877ae4be6fb710d7d03,68,Shop
9319,04/27/2020T17:10:00 ,2020-04-27,House,"(4039100.4278511945, 3008019.2942524333)",4b51a7d90774436290291d23977e3ca1,29,Cinema or Theatre,c2d077ec053142ff91e221a8ffcc51b6,23,Public Transport
9408,04/28/2020T08:00:00 ,2020-04-28,Public Transport,"(4026688.2080823784, 2942398.3588190917)",f5273806d4bd47819e1457fe505f565b,17,Public Transport,8362872bcee44dfeabacdad89212a506,68,Public Transport
9412,04/28/2020T08:40:00 ,2020-04-28,Secondary School,"(4035707.7409694637, 2940460.9147072453)",5311f9ad0806410c83d9abeba5f734aa,14,School,d26d4e06bec1477a879b44e4ea4eece3,13,School
9414,04/28/2020T09:00:00 ,2020-04-28,Hospital,"(4026830.549424994, 2957052.0152650787)",8ea6c2390b1548d98f1d9e793d435a66,43,Work,f4091d5080234881b95e1dac79364ed2,1,House
9424,04/28/2020T10:40:00 ,2020-04-28,Hospital,"(4041018.9862266188, 2978524.81136002)",2766ffd0a261474e8736abfd176d8b12,56,Work,4baa300bf73c4eb3acda0c3e2885532d,55,Car
9462,04/28/2020T17:00:00 ,2020-04-28,Hospital,"(4026830.549424994, 2957052.0152650787)",d92e9f7198f145d585f0dce587dc2b15,43,Work,9c80f2b93bc1434abe21938a4d66e8bd,53,Work
9471,04/28/2020T18:30:00 ,2020-04-28,House,"(4044876.398244301, 2952862.1267366116)",be01930a64a84b048ad42437ab3c8d5f,26,Indoor Sport,6eaa6229f17f476cbdd90ecc2bf08978,34,Work
9514,04/29/2020T01:40:00 ,2020-04-29,House,"(4031505.302280695, 2964196.3985747937)",2e1c3d8cc35740beb5788e04050401e5,0,House,10d824bc5e0b466babed1382fb2aa7ba,35,House
9555,04/29/2020T08:30:00 ,2020-04-29,Hospital,"(4058154.76725065, 2949603.507869995)",f17538bd046f48b7a6cba304cd603241,65,Medical,4c0dc654d6544db28c60308ec3fc64a7,42,Work
9559,04/29/2020T09:10:00 ,2020-04-29,Hospital,"(4026830.549424994, 2957052.0152650787)",8350dc45032145e7b3c56157c570807a,29,Work,88e51b6cf70542c99a2a71ced79bd134,76,Medical
9568,04/29/2020T10:40:00 ,2020-04-29,Hospital,"(4041018.9862266188, 2978524.81136002)",f7900fec41ba44d2bd3418276bae5e12,45,Work,0bd292f721424cf59d12bf38a7ff2f77,46,Work
9569,04/29/2020T10:50:00 ,2020-04-29,Hospital,"(4026830.549424994, 2957052.0152650787)",32b6f0e5900147d699bc1fd8e31da36b,33,Work,f4091d5080234881b95e1dac79364ed2,1,House
9572,04/29/2020T11:20:00 ,2020-04-29,Hospital,"(4058154.76725065, 2949603.507869995)",ae8483bb69414d3f94ef8986722ba94c,46,Work,7f88b391c28a4ca696c1b84811211689,59,Work
9572,04/29/2020T11:20:00 ,2020-04-29,Hospital,"(4058154.76725065, 2949603.507869995)",c5c73f8cfa684c219084cbc24d42748b,30,Work,ef88285457b24cfcabf266a8b6bbd45a,36,Work
9590,04/29/2020T14:20:00 ,2020-04-29,Hospital,"(4026830.549424994, 2957052.0152650787)",38c8a7e20f3b441aa761a073b2cb16bd,32,Work,d24bbf43b36a4d9b853a498f03de049b,36,Work
9590,04/29/2020T14:20:00 ,2020-04-29,Secondary School,"(4025731.6327861375, 2945976.6300406978)",fe892110f7334d2eb26e05923edd50e7,13,School,032eb022d39244b3abd4a7e6f7183161,26,School
9672,04/30/2020T04:00:00 ,2020-04-30,House,"(4042784.8488208367, 2950723.3061799854)",156be245f3e647508a08471bdbc9d352,43,House,d92e9f7198f145d585f0dce587dc2b15,43,House
9739,04/30/2020T15:10:00 ,2020-04-30,Hospital,"(4026830.549424994, 2957052.0152650787)",2a66c57d122f4c26ad7ace38b67bddd4,48,Work,573e6aecd4304ed4899cd0d079142df1,49,Work
9742,04/30/2020T15:40:00 ,2020-04-30,Medical,"(4044706.9278866155, 2980089.5638167458)",67039b31e0134b619764fbfbe7e1d565,57,Work,a2bbcf077e4f4d46821b001848d04b12,58,Work
9748,04/30/2020T16:40:00 ,2020-04-30,House,"(4026437.161456038, 2964818.0486635845)",c142bd7ade5d43e0bd83f2a4d5af029f,0,Outdoor,ce0f54a6510842f6a01525f9702ee85d,57,House
9837,05/01/2020T07:30:00 ,2020-05-01,House,"(4026294.4609857327, 2956788.814613881)",c1bfb0675c9d48e895dc14e30f97d775,18,House,16fde37e4e654db6be1bba049865843e,52,House
9847,05/01/2020T09:10:00 ,2020-05-01,Secondary School,"(4028941.945504558, 2972528.6090870015)",b6dc30c8a16047abb690e7bca2e9d4dc,12,School,c5c96038ce4e460fba924d98cfc35c96,15,School
9854,05/01/2020T10:20:00 ,2020-05-01,Hospital,"(4041018.9862266188, 2978524.81136002)",fe61208202e04e9896734e98895748d1,63,Medical,5976152ec4b64114b92fdba9f5702462,86,Visit
9854,05/01/2020T10:20:00 ,2020-05-01,Hospital,"(4041018.9862266188, 2978524.81136002)",fd38e6601ff34a2987873ab5c6173991,80,Medical,e6cf320087404dec844834f946332273,61,Shop
9856,05/01/2020T10:40:00 ,2020-05-01,Secondary School,"(4028941.945504558, 2972528.6090870015)",aebe84517be5462e8d7e8e67811daf0c,12,School,c5c96038ce4e460fba924d98cfc35c96,15,School
9866,05/01/2020T12:20:00 ,2020-05-01,Hospital,"(4026830.549424994, 2957052.0152650787)",b409ad61b8de4f23b00f9ff0a9434ffa,49,Work,742ee43626934c2aabc3835836a6de7c,39,Work
9878,05/01/2020T14:20:00 ,2020-05-01,House,"(4031502.6533204634, 2957052.4523272873)",a9cc4b1702f8482bbff4bf217d149c63,5,Shop,7dd9c9a63de9419a82b07af258e95812,5,House
9986,05/02/2020T08:20:00 ,2020-05-02,Hospital,"(4026830.549424994, 2957052.0152650787)",c8790c54c981477c84674822b15cb791,28,Work,8ea6c2390b1548d98f1d9e793d435a66,43,Work
9989,05/02/2020T08:50:00 ,2020-05-02,Secondary School,"(4040485.2843199945, 2952574.342531242)",49e9b09d5b094bb6b7cd24efe3107fe7,18,School,c060482c246e481f9e834723cff7e88e,13,School
9995,05/02/2020T09:50:00 ,2020-05-02,Hospital,"(4041018.9862266188, 2978524.81136002)",01b72a29f42047d38c7c9c2fda759c1f,58,Work,4baa300bf73c4eb3acda0c3e2885532d,55,Medical
10008,05/02/2020T12:00:00 ,2020-05-02,Hospital,"(4058154.76725065, 2949603.507869995)",6a035bb99d7a487c810f849bdf0ff6f3,44,Work,f6b7deff415a4492a77ce7d06a2770d6,71,House
10019,05/02/2020T13:50:00 ,2020-05-02,Secondary School,"(4025731.6327861375, 2945976.6300406978)",096d5e88be34419e9d635cc669bab254,12,School,032eb022d39244b3abd4a7e6f7183161,26,School
10029,05/02/2020T15:30:00 ,2020-05-02,Hospital,"(4041018.9862266188, 2978524.81136002)",d56e5441412d40e98541851ab493209c,31,Medical,a445c8aca4ee4065a192ef26401e0b84,46,Work
10029,05/02/2020T15:30:00 ,2020-05-02,Hospital,"(4026830.549424994, 2957052.0152650787)",56cce79f9df848d2a6425967037dc22d,23,Medical,9a6e59614ddf4a8784740ca6dc306a11,63,Shop
10116,05/03/2020T06:00:00 ,2020-05-03,House,"(4026221.890287295, 2945634.7434892803)",ab61080aa1194a0f8df11a2ccd35fc6f,51,House,b532a2a0b2fb479c9dda4e9cf6f9b41f,12,House
10214,05/03/2020T22:20:00 ,2020-05-03,House,"(4040564.4456951353, 2978158.0264902026)",812c35760e414263a9470f8bbd351af4,26,House,4b142fc82e224f599e7da2584d8a5abe,4,House
10232,05/04/2020T01:20:00 ,2020-05-04,House,"(4047897.2239765557, 2985297.0525449007)",31c376542e744fb783e5aa25e0176002,9,House,032eb022d39244b3abd4a7e6f7183161,26,House
10266,05/04/2020T07:00:00 ,2020-05-04,House,"(4026437.161456038, 2964818.0486635845)",6b2013bba36f4642aba9c923d51e01c3,2,House,c142bd7ade5d43e0bd83f2a4d5af029f,0,House
10303,05/04/2020T13:10:00 ,2020-05-04,House,"(4039093.2703165566, 2951826.179825735)",dd3156869faa461fba591df0f59bff5c,17,House,5311f9ad0806410c83d9abeba5f734aa,14,House
10320,05/04/2020T16:00:00 ,2020-05-04,Hospital,"(4026830.549424994, 2957052.0152650787)",966523ed3ee54ad1bea227a6c105a1d5,45,Work,415c39ae5743430381d517be8c8e32b9,50,House
10382,05/05/2020T02:20:00 ,2020-05-05,House,"(4039093.2703165566, 2951826.179825735)",8d9415e282ce41a1bb13d4325e7d323b,22,House,5311f9ad0806410c83d9abeba5f734aa,14,House
10418,05/05/2020T08:20:00 ,2020-05-05,Hospital,"(4026830.549424994, 2957052.0152650787)",57c1f29a639d440e9714de5b619feee8,30,Medical,8ea6c2390b1548d98f1d9e793d435a66,43,Work
10431,05/05/2020T10:30:00 ,2020-05-05,Secondary School,"(4025731.6327861375, 2945976.6300406978)",e35a8687685f4a67983487d8c147a803,64,Work,fe892110f7334d2eb26e05923edd50e7,13,School
10432,05/05/2020T10:40:00 ,2020-05-05,Secondary School,"(4025731.6327861375, 2945976.6300406978)",bee4da53c3084a70bd076a79aae991d9,18,School,096d5e88be34419e9d635cc669bab254,12,School
10442,05/05/2020T12:20:00 ,2020-05-05,Hospital,"(4026830.549424994, 2957052.0152650787)",1762d025635c4cd18fb39e6505f46d3e,19,Work,9a6e59614ddf4a8784740ca6dc306a11,63,Shop
10443,05/05/2020T12:30:00 ,2020-05-05,Secondary School,"(4028941.945504558, 2972528.6090870015)",a58a7d5721b14727adbc28aa9bab8a1c,17,School,b6dc30c8a16047abb690e7bca2e9d4dc,12,School
10448,05/05/2020T13:20:00 ,2020-05-05,Hospital,"(4026830.549424994, 2957052.0152650787)",a70d958783bc4a988b26bacbcf256a8a,33,Work,9a6e59614ddf4a8784740ca6dc306a11,63,Shop
10472,05/05/2020T17:20:00 ,2020-05-05,Hospital,"(4026830.549424994, 2957052.0152650787)",09380ed7afa84180aeb44baeb44be304,12,Work,88e51b6cf70542c99a2a71ced79bd134,76,Outdoor
10561,05/06/2020T08:10:00 ,2020-05-06,Secondary School,"(4028941.945504558, 2972528.6090870015)",4add6664deb74d6b91c7ba724f51c75e,27,School,b6dc30c8a16047abb690e7bca2e9d4dc,12,School
10568,05/06/2020T09:20:00 ,2020-05-06,Secondary School,"(4028941.945504558, 2972528.6090870015)",b1ed464964164f099adef88053ccb284,22,School,b6dc30c8a16047abb690e7bca2e9d4dc,12,School
10573,05/06/2020T10:10:00 ,2020-05-06,Hospital,"(4026830.549424994, 2957052.0152650787)",d3c216cd23044e7bb5d743e22c08d2e7,34,Work,9a6e59614ddf4a8784740ca6dc306a11,63,Car
10580,05/06/2020T11:20:00 ,2020-05-06,Secondary School,"(4035707.7409694637, 2940460.9147072453)",eecf9727108f46d080a666e796e34fc4,22,School,dd3156869faa461fba591df0f59bff5c,17,School
10581,05/06/2020T11:30:00 ,2020-05-06,Secondary School,"(4035707.7409694637, 2940460.9147072453)",f872774b8ce3464ca21c8e1ab4535623,13,School,dd3156869faa461fba591df0f59bff5c,17,School
10602,05/06/2020T15:00:00 ,2020-05-06,Shop,"(4043715.7705810536, 2947739.146882108)",0b37c4abf3be468ab95a1f88192cad50,24,Shop,a9cc4b1702f8482bbff4bf217d149c63,5,Shop
10717,05/07/2020T10:10:00 ,2020-05-07,Hospital,"(4041018.9862266188, 2978524.81136002)",7f8b14e80b424fd9ba408ab79b5efee6,50,Work,e6cf320087404dec844834f946332273,61,Shop
10756,05/07/2020T16:40:00 ,2020-05-07,Hospital,"(4026830.549424994, 2957052.0152650787)",1253c9d2724d4e058d5d82a56e25d000,50,Work,88e51b6cf70542c99a2a71ced79bd134,76,Outdoor
10854,05/08/2020T09:00:00 ,2020-05-08,Hospital,"(4026830.549424994, 2957052.0152650787)",b1864ed22a4f4ccdb268bee2a35c744b,62,Work,415c39ae5743430381d517be8c8e32b9,50,Work
10875,05/08/2020T12:30:00 ,2020-05-08,Secondary School,"(4035707.7409694637, 2940460.9147072453)",1728b48e398143fc8d0cff4a5809458e,16,School,dd3156869faa461fba591df0f59bff5c,17,School
10882,05/08/2020T13:40:00 ,2020-05-08,Hospital,"(4026830.549424994, 2957052.0152650787)",2fd84ad6a0864bc4bce3a90ab1725932,23,Work,79a887d6ff1940e5a0b53e09dcabeb09,37,Work
10887,05/08/2020T14:30:00 ,2020-05-08,House,"(4042784.8488208367, 2950723.3061799854)",bcb53cc6cc61428da44bd579790dacb5,73,House,156be245f3e647508a08471bdbc9d352,43,Car
11032,05/09/2020T14:40:00 ,2020-05-09,Hospital,"(4026830.549424994, 2957052.0152650787)",ccddba6f51684114831cf7f287d7c48d,57,Work,415c39ae5743430381d517be8c8e32b9,50,Work
11033,05/09/2020T14:50:00 ,2020-05-09,House,"(4026437.161456038, 2964818.0486635845)",8c545e0114a74c3cb25e4922f4120cb7,12,Visit,c142bd7ade5d43e0bd83f2a4d5af029f,0,School
11037,05/09/2020T15:30:00 ,2020-05-09,Hospital,"(4026830.549424994, 2957052.0152650787)",3ff4e884956449a5a6f40567181716ea,57,Medical,79a887d6ff1940e5a0b53e09dcabeb09,37,Work
11100,05/10/2020T02:00:00 ,2020-05-10,House,"(4047897.2239765557, 2985297.0525449007)",29b0fcee792745a2b55e3dbeb2cccc52,54,House,31c376542e744fb783e5aa25e0176002,9,House
11137,05/10/2020T08:10:00 ,2020-05-10,House,"(4040899.829404942, 2967895.758681324)",fcc83eaafb014eee96efbce02a5b8191,42,House,b6dc30c8a16047abb690e7bca2e9d4dc,12,House
11176,05/10/2020T14:40:00 ,2020-05-10,Hospital,"(4026830.549424994, 2957052.0152650787)",7344174357c046e68f4276ec4960e7fb,27,Work,79a887d6ff1940e5a0b53e09dcabeb09,37,House
11182,05/10/2020T15:40:00 ,2020-05-10,Hospital,"(4041018.9862266188, 2978524.81136002)",6b622540d6af4f95a4c14f6d7b3a7966,29,Medical,ef88285457b24cfcabf266a8b6bbd45a,36,House
11225,05/10/2020T22:50:00 ,2020-05-10,House,"(4056249.1511404766, 2966321.7537869327)",af887c45c93d4ece9c0878d95c0adee6,56,House,eecf9727108f46d080a666e796e34fc4,22,House
11246,05/11/2020T02:20:00 ,2020-05-11,House,"(4056249.1511404766, 2966321.7537869327)",27a6b1cec6e84c698de31776888a4b99,33,House,eecf9727108f46d080a666e796e34fc4,22,House
11362,05/11/2020T21:40:00 ,2020-05-11,House,"(4026387.793641002, 2960265.3689238476)",d8afc0d4a7a042819134b549fce920c9,5,House,aebe84517be5462e8d7e8e67811daf0c,12,House
11437,05/12/2020T10:10:00 ,2020-05-12,Hospital,"(4026830.549424994, 2957052.0152650787)",a730ac9e68bb4cff80362f00f0f240f5,82,Medical,1253c9d2724d4e058d5d82a56e25d000,50,Work
11466,05/12/2020T15:00:00 ,2020-05-12,Hospital,"(4026830.549424994, 2957052.0152650787)",4b073c08068d403eb2a65f12ee35bbde,28,Work,415c39ae5743430381d517be8c8e32b9,50,Work
11522,05/13/2020T00:20:00 ,2020-05-13,House,"(4040899.829404942, 2967895.758681324)",41e15939ff3f4f75bd815ce9c90d18f6,29,House,b6dc30c8a16047abb690e7bca2e9d4dc,12,House
11810,05/15/2020T00:20:00 ,2020-05-15,House,"(4033720.921425775, 2963799.6866492876)",8007bd7e441343dbb75881b84f688389,41,House,4add6664deb74d6b91c7ba724f51c75e,27,House
11856,05/15/2020T08:00:00 ,2020-05-15,Hospital,"(4026830.549424994, 2957052.0152650787)",0b236e4f5b4c4423bbf5daa3d104a2b5,32,Work,4b073c08068d403eb2a65f12ee35bbde,28,Work
12024,05/16/2020T12:00:00 ,2020-05-16,Secondary School,"(4028941.945504558, 2972528.6090870015)",61190d4a1d90456a81990d42fb1f077e,13,School,a58a7d5721b14727adbc28aa9bab8a1c,17,School
12063,05/16/2020T18:30:00 ,2020-05-16,Hospital,"(4026830.549424994, 2957052.0152650787)",fb8859cf98af4c9484b31dc872829465,32,Work,79a887d6ff1940e5a0b53e09dcabeb09,37,House
12087,05/16/2020T22:30:00 ,2020-05-16,House,"(4037952.113763211, 2937797.2446977943)",d3e65eb793394e08bc7c2d1a5418e86f,0,House,7344174357c046e68f4276ec4960e7fb,27,House
12198,05/17/2020T17:00:00 ,2020-05-17,House,"(4033413.248714566, 2954710.8198462552)",8cea669068cc4c61b083e41f6346e414,60,House,096d5e88be34419e9d635cc669bab254,12,House
12278,05/18/2020T06:20:00 ,2020-05-18,House,"(4026437.161456038, 2964818.0486635845)",de0839d4cdba4c3197e571f38fc724ab,30,House,8c545e0114a74c3cb25e4922f4120cb7,12,House
12623,05/20/2020T15:50:00 ,2020-05-20,Hospital,"(4026830.549424994, 2957052.0152650787)",27f91b380c3a48348bd353b114dc8849,64,Medical,b1864ed22a4f4ccdb268bee2a35c744b,62,Work
12733,05/21/2020T10:10:00 ,2020-05-21,Secondary School,"(4028941.945504558, 2972528.6090870015)",230d7891d59d427ead5eed87eaa5077f,12,School,61190d4a1d90456a81990d42fb1f077e,13,School
13018,05/23/2020T09:40:00 ,2020-05-23,Secondary School,"(4028941.945504558, 2972528.6090870015)",b3946da954fe489c8feb3c436f294918,28,School,61190d4a1d90456a81990d42fb1f077e,13,School
13999,05/30/2020T05:10:00 ,2020-05-30,House,"(4057709.8294540774, 2969600.731798244)",0865ac0d2403476a923f11ebda64ac09,14,House,b3946da954fe489c8feb3c436f294918,28,House
14440,06/02/2020T06:40:00 ,2020-06-02,House,"(4057709.8294540774, 2969600.731798244)",a1b056aa2183460ea6499b5fbb167713,43,House,b3946da954fe489c8feb3c436f294918,28,House
15743,06/11/2020T07:50:00 ,2020-06-11,House,"(4057709.8294540774, 2969600.731798244)",cdf0b39ecfda458aad8c708e514bffcc,0,School,a1b056aa2183460ea6499b5fbb167713,43,House
